roll, pitch, yaw
0.003090695862245196757350785,-0.001626700774641917255844414,0.02470245678089237270635969
0.004326232461167705753424251,-0.00169780185233917263291914,0.02552579831813525657047137
0.003670366699559930376284278,-0.0006406114455463485365602216,0.02607069172653265348715834
-0.001760509387867488072937361,-0.0005711755011912897968956448,0.02446062863273852638901218
-0.001968791779072419541318784,-0.000314016297410517678228431,0.02437463106722701292050637
-0.001114214871712436482134589,-0.0004410381786292388839841594,0.02390839828605289402174705
-0.0001435160280411890262788205,-0.0001673674347391307609764916,0.02427136747668837135627484
0.003281076400201944024553891,0.0003466655323843919581268402,0.02614902692198184039340525
0.004170579572354510787535187,-0.001576837862748577644145254,0.02554069376111854292044079
4.065394783569907288843862e-05,-0.0003090987645701967056338644,0.0244294709000306316248885
0.004339159859216739842380228,-0.001705821831257509166995812,0.02588738831742861540297085
0.004144296584671684768874655,-0.001655885997366271121175596,0.02505833230063604644133335
0.0001121472909341888042839344,-0.0002464354944730752592502165,0.02467714749609923804984923
-0.002164234923876295468153641,0.0001262305872518839375360372,0.02408903571863825129883985
0.004496386105471104725761489,-0.0001165582417518315976696572,0.0268516287833228534109864
-0.001159003706352235412574414,-0.001241367622287851187751206,0.0249394881146452404574454
0.003994076006030790500223038,8.816985483854282272270925e-05,0.02622547109765857240026854
0.004291986798715829824757417,-0.001548759414933684229812028,0.02560450387053622711697187
0.001453800611642672374959617,-0.0005319497751853697643797947,0.02571221546605781393957102
-0.0003080597892210335908384777,-0.0006733412515127105502435456,0.02484892119070073943087884
0.004351874367095904388991201,-0.0003378979643924353020063844,0.02515149831087298490372994
-0.0004020579184374669106001587,-0.0006843124978701647627768456,0.02445677818278061202428297
-0.001435401685906894427707803,-0.0006672808281500747966744069,0.02457593123695556158736508
0.002554641951484844328984503,-0.0004682987682027674788270977,0.02505757139718523679450257
0.003789407529463213568365898,-0.0007321266719727601403680528,0.02644999215037823966922836
0.00425962630420650533585869,-0.001497830868571384428655779,0.02515335777985236442866324
0.003389594688095571520941585,0.0003575238771539153643033715,0.02599227323384013452201025
0.004308822135078964853105443,-0.0008998300945117045698123937,0.02676114691866102179851339
-0.001167448992693145099971974,-0.0001798930483621338576819687,0.02444665934347413013827399
0.004742846089464972103577622,-0.001038755811964088993787358,0.02676121764285149112749806
0.00534646637317792803451022,-0.001529643409878476446872586,0.02504718936560610537123139
0.003289999179075690522583431,-0.001074981741064724802964259,0.02525232345279813592209273
0.004525968936895341694637285,-0.00155842104384850939705065,0.0258712262939399667560636
-0.0005991217377266928705015214,-0.0008921233951033470492564259,0.02474186246030874586354642
-0.001360043588292692354202451,-0.0008111368466701777144370333,0.02431107704031900892949203
-0.001354002776234344363262552,-0.0009003640821447942907407302,0.02431404940904234590615118
0.003765054956677578185814115,-0.001546846892050287095021766,0.02511929572846227295968013
0.001048953212938629224112996,-0.000336266790336481856144718,0.02476801795240102938011617
0.00341119722076879249711423,0.000297192762257851507586015,0.0263478082515770720140047
0.004066612399691926088562965,2.443942145967264683420993e-05,0.0264424975299728179378711
-0.0007934489068684339547685158,-0.001240477618210363355832904,0.02487213934480838814500281
0.002357460390829724077021989,-0.0007035677623506314017076679,0.02552232404195534098967357
0.00183941428930121074480919,-0.0002988739598837612983228684,0.02454322510911634974695161
0.003256752896762245535339231,-0.0002116998027036262586784987,0.02442480994425109963597009
0.001245391338623498588347727,-0.0005283526277358039291084935,0.02446819982914929039741203
-0.0002157067157489058069862187,-0.0006392482333194112386828833,0.02490955473647546436488653
0.00428867975264446334854318,-0.0007106382087373801182891841,0.02651276568399062519287845
0.004649565667726705993356706,-0.00149419527751579292625117,0.02558251654703768557252985
0.003848538851407400183252117,-0.001003350736955909349931715,0.02617414364561209891291149
0.002282701051601513687894229,-0.001866410635811293359034857,0.02475777387359477318962142
-0.0004010454652236255124880815,2.043112424754981449313319e-05,0.02431142301127144772499022
0.004741284215108510120828544,-0.0001310169856546716175664524,0.02691308371186207012981662
-0.0005726003629941985419507522,-0.0008197656516591698451501546,0.02427880944677533389675084
-0.0008263936328677537815345922,-0.0004918085464173977024160411,0.02446194628671213497361769
0.002124329037627247993014201,-0.0001938632877755456455221017,0.02472427056492077293570198
0.001559099455383388755161378,-0.0002239450736947229566014411,0.02497479260238042592101593
-0.002697144387339549601034783,-0.001064854526053433296864381,0.02351209720277167361524029
0.0008331019157679419922732378,-0.0003641821584817636322031764,0.02566961172388650819220501
0.003350675654980127000232004,-0.0006618575908995258860398336,0.02607496557502180997700769
0.003819250043391110745194528,-0.0007610371640208583084857841,0.02552320372168329423723243
0.004022253087810715235783654,-0.0007290324780467890121785079,0.02633109067210129966563059
0.002900580470481549377748109,-0.001404955353691717673259021,0.0250239427462924275691325
0.004201035605255100911781252,-0.001318011154680265566846442,0.02673439897044940435910654
0.004054832560103976621390665,-0.001194321187105454535118398,0.02629040016407513044582878
0.002349869003558126105690729,-0.0004123043414314018161558051,0.02460126476178827945040517
0.004416589313347389980646263,3.710531096992682236141228e-05,0.02626838882615239664786166
-0.0001877640493102780423328307,-4.569464909689402524464383e-05,0.02445934780648032283445481
0.001691095009969036111474594,-0.0004372718537703507851732709,0.02497250026900064978629956
0.004461673156662242407943797,-0.0009604772708938171974987763,0.02645252551818299754926578
0.0006836226551744763527129756,-0.0002575400988642141827077159,0.02451883008765342805701515
-0.0008271494099591419424735705,-0.0008176975714658897336981069,0.02467171789106121712609188
0.003416725982132832756948959,-0.0003685956260594856564137556,0.02533509001762819165537444
0.003891123921040282040983982,-0.0003550927168570218710880182,0.02548537879619913390505381
0.0008290007052723554750381374,-0.0001040980770214188161695845,0.0245823891782102968428525
0.004132359815597022589805931,-0.0008304699515948874358195475,0.0264693544845154248024155
0.003313024956875717901005896,-0.0001945533975973632960770193,0.02485419275352494794528724
0.0002270142831066153182254658,-0.0001396188140406620984117908,0.0245328501700114443018208
-0.0004195213599613660093029521,-0.0003151238885725571661766686,0.02398403476255738658862171
0.004496437251624004448335992,-0.0009101534907342322469614437,0.02679981166539831607953381
0.004259724619868313251480618,-0.0009472131599651938951497931,0.02595821623606045167043099
0.004142299528092608165708022,0.0004234824394623272958079752,0.02674376001869146340927941
0.0005125772709650989458415871,-0.0004674371558566998508324475,0.02462471085347563148904015
0.0034678440598521959904732,-0.001659332516472678117555595,0.02530605317466537787507441
0.004126972407644504542423292,-0.001734289362007334885443233,0.02503391121862252877150468
0.004023810224702543091035434,-0.0007954819965720457070404437,0.02647091423161418086151819
0.00130424278885569056712912,-0.0006509061115476024589332482,0.02528759319793370471951555
-0.001192148769436007392161225,-0.0008732435810826500973205744,0.0248422779681179844990524
-0.001298139700244228941436453,-0.0008643219765060813257820382,0.02420788384785485178318787
-0.002011068151421087444458147,7.512645146457072305255093e-05,0.0239266707294012934137406
-0.000843472110511397509154119,-0.0001927213377436615701979172,0.02410410408341336768733854
0.00339885460417051156120638,0.0002577980507221619313300287,0.02651569077513656058631142
-0.001112862303365080070965965,-0.0009735821132470263029184965,0.02448114478652646877621102
-0.0005047636227971620190291269,-0.0009847836693534720974713137,0.0253572975082266421908983
0.0008377530713834741103035464,-0.000902952333647069008831787,0.02450592474144311708195154
0.001066002139185410514665708,-0.001506125725292343630473679,0.02414907595462643941086611
-0.0007527859819954354440169064,-0.001074769407330723562654651,0.02465519531933194063988424
0.00247373150141583838385051,-0.0004506167036774539084650892,0.02496412285061919839046496
0.0003420532681590739251982491,-0.0001278282572159901756513045,0.02453597728914307801728611
0.004384766106697384445423094,-0.001251199459289030783623597,0.02515965639161614475494133
0.004149057845755004490795326,-0.0006858577811119645007212342,0.02651198444838333626027982
-0.001562785519797388637461277,-0.0007965720430204909809079883,0.02461065949723962795192556
0.0008258498436041795953688194,-0.000746965290942382315921011,0.02507805281062803343106182
0.0006169041574484053751942225,-0.0004475214700500588127680957,0.02587320519300678051122233
6.821465126080555961118196e-05,-0.0005062218420239528995571709,0.02488524076659726427807051
0.003504224145102783748856323,-0.000745585133866521923388937,0.02539428801277180194895244
-0.001467922334961909965403426,-0.0005412276559178516360457123,0.02493145039088599454468742
0.004436340030051608325500911,-0.001590483369580319864336482,0.025643983278744220816181
0.004804307087420417107792581,-0.00134036446564651909492405,0.02634715396964074779484477
0.003973043390505925226419137,-0.0008544748503001716680854694,0.0268128801320587500933712
0.003314438121423496103751249,-0.0007655474163975284308467084,0.02508638880110180408022913
5.281135668112903068700543e-06,-0.0006087250144445883852373225,0.02484038656889463528298911
0.001212688880985134630419164,-0.0002801831149199046850153949,0.0247346849297403227618819
0.001888756985639102135149381,-0.0007558065077543936862228269,0.02518271750440690889827344
0.001150490176570431559432972,-3.670962318855774817382906e-05,0.02489429870791798338203193
-0.001380904453799395486049417,-0.0003330780662219329376315391,0.02459643353875569371513876
0.003358509208745444514498946,-0.0006830861309384358330890064,0.02632473255145429194556961
-0.000864147707307548799092467,-0.0002917942763555261419423925,0.02414801631411071444754946
0.004106439133250660428187118,-0.001661807507713521135997436,0.02492737609622851929769283
-0.0008534366722997672408818071,-0.0001263216265364050993821876,0.02413716622167259850950671
-0.001182382794378893228412486,-8.00071809774616221752272e-05,0.02429424062436676481913089
0.001678376978544202568696675,-0.001412768921040784882853236,0.02418665186835862110359407
0.005206176127927500049685783,-0.001532580955046448359033184,0.02587792779382043495406407
0.000566243249182543542490087,-1.750516041318712735850964e-05,0.02556570351937701920941315
0.0005152466138063079926015519,-0.0008358703861037909254444456,0.02585786324876000741301851
4.028781741133808183292359e-05,-0.0002024090072506199106203845,0.02488663555158191278970925
0.0002714935672467525917643527,-0.0002395211165111114134506493,0.02469627641405370763183491
0.00348800618075091085901196,0.0006974261226001916228606214,0.0263254939109794118545782
0.0001258228858063151146991221,-2.722493074126324219655414e-06,0.02518708112394338338724253
0.004135524785627200244908508,0.0002097693124327144691652902,0.0266471298572360619505428
0.0001970471597402887039759967,-0.0002324819425315556640880554,0.02552716346301458702483522
0.003986839939375814816091559,6.849782903131388582355921e-05,0.02659903420583761141093859
-0.0007028081080591620658296059,-0.0006762886546369289075472664,0.02545408479702822301948828
0.004227481998232692633754581,-4.151632466610084815604453e-06,0.02664242169125734596701882
-0.0007652064277643521976457475,-0.0009476393711082510204479767,0.02459547177450701477274819
0.0003753216209639252654538255,-0.000304262471018335142920741,0.02473104407856102290863554
-0.0004427843664804921607926202,-0.0002838477182069641105086055,0.02460748732141893740932304
0.002567797412345480811968201,-0.0008917529291007717916900388,0.02554054821067999400674431
-0.001420528325385917974357786,-0.0007862675621363870255217665,0.02456715084972744059244043
0.003956613923068558538731487,-4.83154068483603474988726e-05,0.02673816732599659448665896
0.003974016207889158498745008,2.482945170050128823736706e-05,0.02668170584125564501198902
-0.001030661572376712423193545,-0.0001257721645799302653649654,0.02438789571365903088850935
0.003987410271119470016321085,-0.001450630113814322177945293,0.0253891618556706631648634
-0.002556401951583764722841785,8.112804085113706504942856e-06,0.02356356493101571109027859
0.003299232875447981935129738,0.0003122401838115203991964874,0.02638945515796740221015071
0.003350353957436813783637986,0.0003210267882591784425853898,0.02642791223597425881441936
0.0002709092767560011502138428,-0.001261879075185968600986142,0.02497989615100143501180696
0.004069131167038681634595676,-0.0007956822362080673500042693,0.02702101735937239429530266
0.004670131856840884811143955,-0.001979862687094535115411853,0.02554604482765140960331962
0.004670021517329852461797302,-0.0002009978405985729402270096,0.02648454264807737629228157
-0.0007278453369378255896279817,-0.0001025872758468064958143826,0.02440243076415856207650457
-0.0001232266640955181490231507,-0.0002341719438140284822308379,0.02470099823921086817923864
-0.0001875186610107372378163787,-0.0002138119166586891428064737,0.02406899025764884167410962
0.003045783221980233497483415,-0.001028034851444319715957354,0.02551570328039463875224868
0.00399398391540563453550039,-0.0009290085163483713338525294,0.02627207256947189720208691
0.000547635335829928086327778,-0.0006190035211975191938374441,0.02485302447904930156497016
-0.0002864257732017823137801726,-0.0008145289690660068200600552,0.02507203738098453746352412
0.003983897211006527487586748,-0.001810124298081112722072494,0.02547081874673896850769239
0.003362742888009225342149655,-0.0006041886265301154093632086,0.02554687936042836574057624
0.0006552595793798192359488897,-0.0002338823715309385907652751,0.02587707167084173434656869
0.004317131681090136639811217,-0.0009886402492999615820856718,0.02649511560334024892759963
0.004333503125048259775609072,-0.001293798528670038385651742,0.02526679372592751868231709
0.004421150782120636044125739,-0.001071558001705345515922052,0.02668365972233094698951028
0.002812556630324472214943476,-0.0002919594476996474835886475,0.02499357160871838734461647
0.003245399190053995918531227,-0.0002132544756989167690584136,0.02531604491256504371743397
-0.002648056457590078436453718,-9.479359810882356188882492e-05,0.02442322018269621822228466
0.004247118916135165372915949,-9.792955882448930440484225e-05,0.02659281990404278525619297
-0.0006578960249514425413439045,-0.0001328523516180580015151602,0.02472217731628454859271748
0.003548094159384135564544449,0.0004063843684941148646366793,0.02603716560807953217526745
-0.0004764808870580189903085055,-0.0001174801015584140561785406,0.02467979308268216862010114
0.003995912250724120186318178,0.0001905065466741024250534042,0.02648444084088801345200359
0.002503085141570439778324619,-0.001010164472889890250814626,0.02561722053059757239767968
0.001588767103225622971673925,-0.0009974502950845366526511082,0.02547570706973436779896325
0.003292285062291849459525928,0.0001297350698367781692780382,0.02607310745878163235622615
0.003833841407665571163893015,-0.0006034484435613872996620466,0.02657719666768596639139233
0.001111170006590761439799198,-0.0005785165287211496004671218,0.0240745018100966372276428
-0.0004076373193438942378781509,-0.0002020749726089372669875915,0.02461493430777803720355124
-0.001912959401948024443923524,-0.0007563135885413226587592472,0.02403474001421343833606592
-0.001079967020775953693428884,-0.0008622431965654424757677932,0.02454608218819807549659906
0.004389973891681351290949831,2.949907914784975619150453e-05,0.02620759511088495766206741
0.001345814970567196572001634,-0.0009491853510187987308724389,0.02538163006658405995707994
-0.001041685497196016439366839,-0.001399735080834143023317817,0.02443110523981598461440434
0.004425356057778195503771279,-0.001834031213212195801295912,0.02563539409427005935637744
-8.430147277775358301624142e-05,-0.0002189126160286587014728449,0.02462181743059876914969664
0.001446084006666294510812243,-0.0004778828683926528739060735,0.0256873989260150772939717
0.002527359843478063725769056,-0.0003628787212101601327915446,0.02510400234115132619971966
0.003465039087351029674366476,-0.0004726538369932152582400531,0.02585875721004951208192857
-0.0007640976537710909063244591,-0.0001656611919372313792685886,0.02417251359371197505510054
-0.001422687966977844971697142,-0.0007664126509435210433951458,0.02450884727602624379994012
-0.0005741721638891306373278511,-0.0002378418110651186871164209,0.0244557921393120381026165
0.003390756587624847630951797,-0.001636532450076388922610704,0.02487497739221628326178326
0.004868797648325711921457604,-0.001633236079836687107066928,0.02558837793547932143445323
0.003896975640820184681734073,7.639930296788465132178797e-05,0.0263964872799688568538734
-0.000258108337058134118795899,-0.0007070074376580300990272065,0.02482820553276819317001234
0.004556794445452361924653317,-5.461732115455097372365423e-05,0.02484373168009822510637896
-5.123518769569862541803876e-06,-0.0001514057430582929197199205,0.02452841023202752268606019
-0.0002371120414118396040395464,-0.0003282588484738632717517548,0.0250258393049124124030147
-0.0006921492966010848145452794,-0.0003162386975191941408322438,0.02460340288751440909753576
0.004516876222056506393065511,0.0001402471772836806293300455,0.02682595853513417352709247
0.004481307594099474822524343,-0.001415683794001202722503963,0.02518640104311142824400349
0.004027218674998282905985736,8.119085490518738643626884e-05,0.02603276396653711813322651
0.003967429575528299244557839,-0.0007655106746467697179797662,0.02627725170696198347952688
0.0005571607460303482951824439,-6.895924501295450678543808e-05,0.02505628966508461827333853
-0.0001049883414607680860112376,-0.0005044970543805277684787369,0.02443134754718368287229602
0.00383214045929210688976041,0.0001795165792590921701506884,0.02630931819445575872706833
0.004134283491812665994880049,-0.0008705755482862158594475899,0.02647677688480702326567773
0.003663494361745386028450522,0.0001572222889851885283853117,0.0264223383173077877583701
0.004499036137780155868159948,9.64763303010541868230069e-06,0.0268178434624141565079114
0.0003595603815497089620310811,-0.0002278207667784842914253385,0.02491102498985773086581652
0.004030968227797923977839822,-0.0009754223603841847200709991,0.02624455778295983754411225
0.004759388623384535645099991,-0.001609333565852909568236195,0.02584289797009846345599016
0.0003819732294901245187208894,-0.0003928051960513588266102336,0.02436577952696585003256047
0.004008557571571959299294718,-5.7501636356933968506535e-05,0.0264873067535782123760324
-0.0005504046481756733966497763,3.696545771908973807224133e-05,0.02470616070895548591068724
-0.0006578769541596751540754595,-0.0008600159198048355942145538,0.02488986303115042417188896
0.003882337455155683136193145,-0.0003916245551258644148721888,0.02519578184212765276095425
0.003862190217869918007487229,-0.0006959008598241911772164237,0.02647878708818524745582934
0.0006020663450579466849377219,-0.000200602673777931398780075,0.02462036171722008573437002
-0.00126919213666534151999099,-0.0001441714028158564483029364,0.02455591048585119978708846
0.0005051745448592831781373103,-0.0004368148232813008754668593,0.02501894445264451344312917
-0.0004328320190346864981649488,-0.0007409897274594127525651488,0.02472020719551760656318429
-0.001325704280004108689614006,-0.001089914761390040846139593,0.02471425269201438235100454
0.00261167908314092729951672,-0.0003736407417050706869163235,0.02503998527813109178929984
0.004110007921271514527705726,2.732142641876504922295726e-05,0.02712080685904274396369473
-0.0009513446874804042194956333,4.872012888251329179806551e-05,0.02452828529314390187954231
-0.0007276535878059317303395703,-0.0004315834705454357636891793,0.02465215297330245608486976
-0.001093665859663322473954716,-0.0005420089486970513289326723,0.02470333856733642960423758
0.001727984518117652414440077,-0.0009879999548003952532237992,0.02513944958103677893013206
2.140816448031183366883809e-06,-0.0005953326484278786230250335,0.02471036568422739498895879
-0.0003357463280129069772665662,-4.274277614516577481190013e-05,0.02567293005034764971639127
0.004087447306065509870787178,0.0002377708070291602640827094,0.02645397588327023929988258
-0.0009626466544346080119604059,-0.0003095428537380104068790776,0.02449777388782828704827388
-0.0009984787407966784662793902,-0.0005144719603409602520782684,0.0242827782469144451416021
-0.0009142678710889512623538611,-0.0001521544783327771625022068,0.02471628747144859888917878
0.004790398702766005510633729,-7.834700713448980392752258e-05,0.02703518627461816078993984
-0.00100723044934277676347445,-8.109868072668358407787369e-06,0.02463116126809351477677801
-0.0005812977239002897972622308,-0.001488472383069533140978469,0.0244103537213174841269403
0.0006705726953885463633570074,-0.000442440008556675115798662,0.02497950600665263878874534
0.00487041366320849124921244,-0.001681998128156781497841155,0.02550397538245456272032463
0.004170029021812769048915825,-0.00194218097947785684267985,0.02571451401770760702980567
0.002382679741723631693106622,-0.00100098962400528655042331,0.02533574949581274618481963
0.0007177838581152917642874689,-8.397581085882604187524414e-05,0.02520933413424121874446548
0.003789450238410412702405594,0.000268668562764669185266575,0.02675487525077143574625538
0.004062626743770130291477649,-0.0006908451026263335821922529,0.02712180188811202236065512
0.003967797906410820002465201,-0.0007810534980566602360901873,0.02635907470868964833088377
0.00445973570300591416054603,-7.521659929819422016426117e-05,0.02635872207434496877764829
0.003837325085305617975578452,-0.001738547087628588205462932,0.02515474498688525725742515
0.0008708206297261008145896288,-0.0004078918788547187244432346,0.02551856760630102222142668
0.0038434191535589583461896,2.578408833546874369619176e-05,0.02638407005960445583792051
-0.0009433423913553827880318359,-0.0005290774662866078257433822,0.02435609684785199416379164
0.003956147638562217128122001,0.0001252205257797276143506143,0.02604406192271667419557701
0.00059749298803999013364463,-0.0002819676209559891484970895,0.02538581070736195891002218
0.000856050909672688431495402,-0.0001833576934330995015544341,0.02441414849953454577202727
-0.0007524705360271187254070369,-0.0004259840830488728657433894,0.02427344073856931710997387
0.003945851091045485606323417,0.0001303529937276431700104995,0.02622300617400849520599593
-0.001559628553695811391949233,-0.00126700053980430206619634,0.02385158337133583272837711
0.002556724393958044808106145,-7.480082749827998342666974e-05,0.025485218794314777601695
0.00321808495532112078321707,0.0002746395985888676794135776,0.02594212248059938816235892
0.004664646543836946553096556,-0.001539675566432377462611214,0.02607251634240734597391942
-0.0007263940296839339113427192,7.940627350389772529939362e-07,0.02415358406321861661769645
0.001252464057589330881370415,-0.000141631960101857662598715,0.0249437859116451894625488
0.003869504451661143120538844,0.0002387388345105382041894115,0.02612294742475992220809289
0.001192722904851960296149227,-0.0002170006272467874040670022,0.02581412826532705415139013
0.001801872909872583895796172,-0.0001923461413751214124385341,0.02452639359324771534121012
-0.0001380430673666818328863132,-0.002618751271518028004431367,0.02282422201900640920668728
-0.0004567220777597493321965649,-0.002800197101113924887799689,0.02292802947370401259186146
0.004293506882393926041285859,-0.0006998020274615184303443338,0.02534071411016998454091009
0.004612053508090716708034407,-0.001361709773853495182571738,0.02546777478676324341089199
-0.0032013971942835592159049,-0.001896374096245330865412315,0.02104712003285680657627132
-0.001848681739400926575880857,-0.000768913146339105521911983,0.02443819863098341954588122
-0.004286793035031820006675041,-0.0001702995485819261997466334,0.02275989926049917094763586
-0.003637303605975842572123335,0.000389405510515091033037216,0.02376552852215304753591418
0.001383132411100977936929679,-0.002317623156767060262767322,0.0234747908112690750748186
0.004610835750410200752080758,-0.001242594910528140592434476,0.02734039821540574372038535
0.001889180508852685751522427,-0.0007460040733990434434416694,0.02503163720733501615423044
-0.003332078126701964928407795,-0.002224907150854268673284553,0.02132243334710699073086815
0.002405877431480117970008514,-0.001869594977268858966221177,0.02561195409521150462284211
-0.002012410786244305839487456,0.002215929669885542165064241,0.0269820711359816736707451
0.003694452617101118014480976,0.0008229571632772699884411649,0.026575447054063595919704
0.003906861650916257713839208,-0.00223621680977559864414439,0.02644003099217798191666873
-0.003315495492744869980572542,-0.0006803936274903954212894819,0.02254762031581372325184098
0.0005125757925797980478141436,0.0001947216352629244800510888,0.02602233346157962687317244
0.003734990088784943904759439,-0.002125675010996725278894504,0.02644037644776500717291867
-0.004527915593739127719796755,-0.0001534495143330186130853354,0.0224086475000702771420702
-0.0004312707371637295632529896,-0.001441730046790887578844753,0.02379281469285204550501156
-0.00342890353508604282112282,-0.00121336455482297812108472,0.02206956933565116379947213
-0.005184486748929427457621699,0.000186526048064317428185413,0.02183300232247145297725943
0.005198252537585401969466581,-0.001942160369137154504043385,0.02541087320952331238266275
-4.832637928832430408493046e-05,-0.001660254084144178066823061,0.02489489296502935336552476
0.002288902183779389920559311,-0.002337335286270040939082815,0.02396145900936855546725646
-0.00253180634132686016579683,0.0003323559856681356514465642,0.02397119700585084375865641
0.003952361344218522330729026,0.0008243165328908186708159467,0.02654959068956000423078478
-0.003941556836541041872190583,-0.002320856192934433667729444,0.01999180058147384184130679
0.003367428331811682298141397,-0.001761239013230290291131541,0.02495479293474780688177894
0.004087849709754861823873817,-0.002414179496231957672974788,0.02641007053303812829314623
0.003070702895433596434776602,0.0001112391666425017555750593,0.03011097442293105691524246
0.005503288927406598841918228,-0.001929687576152354800546052,0.02692846290857794921969059
-0.002833430956282812981927854,-0.001296039697806369893687273,0.02183752263695245762753494
0.004838484665043771455750221,-0.001327712712026100395912298,0.02699613192446052856166006
-0.00275498936238736296180929,-0.001004953683028301505628099,0.02213573682187562272072334
0.004512753271298491908325445,-0.002441099700636587769425612,0.02358209038919608160900232
-0.004726417944514138026745886,-0.0003570181347691932173711582,0.02162168109915918803864976
0.000528478691172369857524671,-0.001882731391477208190282644,0.02418459774199905112923581
-0.005978277865211827253599797,-0.0001101699997343116063219098,0.02139774372362047635820481
-0.0001024621844309251176251274,-0.002361090190495231284917299,0.02274048213418129044116611
-0.003735866820821680603370574,0.0005276659903591342975007206,0.02351425038497851130459004
0.001493228471835561597252928,-0.003190628738673936728303948,0.02428213332789063219618875
0.0039281946317248350730722,0.0006730330434790751225476724,0.02607296453851044165661577
0.003641124238626402415119898,-0.0003292451029781927416412168,0.02711307958205217902292183
0.001969868306934179514461336,-0.0007201055387509959276534643,0.02629191912335439307302209
0.002364220958343904010340308,-0.0008691204535834933832261218,0.02735481116906893911400189
0.002183122888679105144671411,-0.003041847994232045951368271,0.02362048058450629678395316
-0.0003820236541406375426789543,-0.0006228999004602174581826657,0.02419767320110523256548873
0.006646534676559859300404298,-0.00182945621484194255110256,0.02726218586613042907385029
0.001682810475955069271988829,-0.001767840529560456806767998,0.02435688273100590495179318
-0.00131270308774369352106115,-0.000950454384147969501446529,0.02453397808802919646820051
-0.00490927746117776359763285,0.0007643561046637584524554576,0.02140110266105954908710807
0.003345799905541867614450213,-0.001608659856069331872685524,0.02586587020464445330070191
0.001288624121694053855161077,-0.003840595172080663553815238,0.02302786019352371163493309
0.004548636397190433319770442,-0.0005997510833841444627054229,0.02444953155623616133929055
0.003640677553435786931168572,-0.0005284173871378309000207407,0.02545114531624183967783992
0.003288813906426952832912081,0.0004806047651793901543879062,0.02501659058817099628990732
0.002807178531374832607114822,-0.0006640149020689044799536926,0.02521469381778524906922989
-0.002598845429027208091959933,-0.001297814637195139749956119,0.02383126117240863192647815
0.0009313596540752543378322015,0.0003609699654576401504392502,0.02500846657665483849242172
0.00408539909160300206830696,0.00121496454676055611922314,0.02630409342459111635137425
0.00285831265342725935468815,-0.0009074074888859804668625464,0.02468307758682513480819054
0.003606228359118618474049578,-0.001228842678823453783351627,0.0238411526492579295410934
0.002574684728051444479457466,-0.0008536113216149943984378812,0.025477029331449189269998
-0.001328927591350803323957952,0.0005113059034520888411490258,0.02594299668731298719182021
-0.003664440556750745044134465,-0.0009477479465304079579712759,0.02315772910960837635552245
0.00144430795379202076694769,-0.001664345298103815954868234,0.02657637353641794861203174
-0.00511105605064397523068509,0.001966756248912835715325631,0.02423654700246750601233536
-0.005510996328452391797292353,-0.00151752883143056065996801,0.02127276863355374511566076
-0.005432975253389291797612159,-0.000958254582727785801828102,0.02107999978125757109537197
-0.006621812453963069750040304,0.002122900432485562600970486,0.0241411548396510307334939
-0.00485909589827947848567069,0.001215227771278475912483663,0.02368172857228802163920278
0.00388361649394568199042399,-0.001010796003810079208770634,0.02421239708684215508061044
0.003514631261887651153541512,0.000627617401236195220602665,0.02677647072873275829740791
0.000842143665825751037458391,0.001955270062447736489907868,0.02671189196041119304214639
0.002959065601195515985560869,-0.0009664533277428536198194742,0.02795333071202895855456028
-0.005972756730330926015770654,-0.0002367243780316170289300393,0.02507642416573916885336182
-0.005736510851300761007487417,0.002225842035848259268387972,0.02488016949452723919344876
0.003664796712437831931880039,-0.001073727148314156326983082,0.02602655164543263982546151
0.002642936546756961997683977,-0.0001817898322186354393391328,0.02615078444313031352796983
0.00203129279322410323527226,0.003202705206746918765309262,0.02672593741118189231142921
0.003158982451566221764244213,-0.002139318991702122627063254,0.02508232806224606689649015
0.002140554157633616904482521,-0.0006608984792901424461589177,0.02672563096956302036710795
0.00465423928594353979865117,-7.452300289579423353645161e-06,0.02688865753958765217324078
0.002856819027476405290638661,-0.001065443031190021171139559,0.02792119040294019360892719
0.002656419901190725917777824,0.001820996894906353955057021,0.02597177676801367893211214
0.003507563328677641093650275,0.0005556184767799757619546885,0.02503108059692505868443213
-0.003811409180984872031860977,-0.002369402245570495415399881,0.02230570940917898231647953
0.002315740094853472891972546,0.002395993192480135036692701,0.03021492134749366453849717
0.004554444244745348494007864,-0.001729694403932930659925638,0.02580388943732142906228866
0.003225836060875157933897084,-0.0006937237966549112408790045,0.02385780554774949435703491
0.002531428024907724817771371,0.001409646713902226906889315,0.02565660172330267579932084
0.003671436923899522135339435,-0.0007691129096003582145055222,0.02763960688583473601642737
0.004312539945307336530788689,-0.002870194230424111606070348,0.02558526385249437762325897
0.0003377938039971958286353249,0.001109364631224803166009707,0.02620706081368006507004154
0.004419525719858478050861006,-0.00230896190918694187849125,0.02592259452143520770395213
0.004551327226895737418366217,-0.001063132341749742273279145,0.02807505331559865396906517
0.002875113459639418427710167,-0.0004693180323165860746287281,0.02665485984502984073696297
0.001124696269394301686994631,-0.0005401410870166142418752342,0.02563892851063315561632727
-0.002596599039697467751347526,0.0001299145673101218293691433,0.02540113470768995754256458
-0.003768138055277987785718352,-0.001765870273094190603946352,0.02283370846739604664854539
0.004085673810697954683179844,0.0003995340918872341499229472,0.02786980900850518846900705
0.002496164390668785017235454,0.0003591029969116480455131046,0.02546757044078535106579331
0.004212526168320517537535519,-0.001706404061743607529499922,0.02793111660638989551808109
0.001423884112250636563984374,0.001258069309302702921959938,0.02635472755895290966621225
-0.003739445882854928147887019,-0.0006864895007190496443658101,0.02373379797676962096875108
0.003112274361700711859668456,-0.0004537287349943542008427755,0.02791355602254830259312257
0.001856225883826906819171199,0.002222517930299436252766787,0.0316464835550139544917414
0.002669962414983267483953311,-0.001560588599278192730931969,0.023887446392751778695418
0.002218584848946832544652752,-0.00115598292754383433385279,0.02898331279187890338611133
0.00188324305928411878628681,-0.00019680429736333276405022,0.02311056431314368123097758
0.002797252776524160582799494,-0.0009851661498770927175711032,0.02730813376924911412002572
0.001612530299042869499914765,0.002895011262681549540909387,0.02654249939897518686948708
0.00385166950548485563510237,-0.000550597125314257343844937,0.02674182762894007983622835
0.004296685213366984411320626,-0.0004208084553715716680591385,0.02820075818178531187885305
-0.0006583215429863870961357808,-0.002662147155088679870149626,0.02345476226696079080635826
0.00377032756679123890949934,-0.002375233863249417726876134,0.02426976539223883386209302
0.002858276221712922633005904,0.001075209016891055541914612,0.02740437772961310317065831
0.002403110885524340021440759,0.0008049374328570320456105458,0.02344016580995086224126212
0.004221768173972456107689855,-0.002265008796651526209314786,0.02687804152356725734263065
-0.005010030699464173599422256,0.0002683862279512103316339577,0.02449660758433191976024546
-0.0003171624376788784475597605,0.000208916610580123235244368,0.02722149076884663662645458
-0.002962459038008633752797616,0.004214783678635904140552526,0.02904784082956167468037023
0.002342444417984439544722086,0.0003735071328445242538549009,0.02474215358458780461559101
0.00198821870973135651425312,0.0009061185461622496767689072,0.02664261815431772859041892
0.00386613256397529917590683,-0.002564626736633297734296866,0.02532378966269463113625271
0.003815772006248509349429776,-0.003167236897315710373451703,0.0250266091433256863962864
0.005393554608019377957783824,0.001009411303370595560519041,0.0264117572328371567891292
0.002779159350055715547306301,-0.0002207436079868636239105506,0.02635502769953120341672737
0.003393747286468247470470061,-0.001598037148755956189313809,0.0270638660125758004348917
0.002766299577059740111284469,-0.001394668740612476460702385,0.02655110625303776922256915
-0.006016942296928936249889031,0.000116917455040533484547649,0.02366450630335479449195546
-0.001697282716296402878264349,0.00161530578307007410127083,0.02579444034306203198392282
-0.002488351150378124640449862,0.003888422237982043679072053,0.02572855633737923183868013
-0.005909072075753325943570093,0.002843287963131112521669719,0.02641203943297427275682665
0.003852674761827645615042126,-0.001579598803228611210783261,0.02647020722081683610782399
0.004455145858711077704039649,-0.002263462202159989208882784,0.02648996793536841434790752
0.001298937287443559631186507,0.001801471350369657350651287,0.02534596163294604298510393
0.001910975317772207505984117,0.0001700075775277909309688568,0.02618916412958896544616039
0.003780922016898706754933768,-0.001832077305969053359832599,0.02530515404823508590625991
0.004472478842127716736065679,0.002766985659793047037935398,0.03264632860317291662699546
0.003859945547447464573448395,-0.002854169928892211563487002,0.02526265490055272164293676
0.002986191297917654974281021,-0.0002888483396082135363537591,0.02469486633940481262738942
0.003563170773778543461846047,-0.001718061856129599399012342,0.02621948138281220488932099
-0.000737408880300186638651061,0.001055708877453652742503531,0.02677317649252472162024752
-0.001478191330196740619837281,0.003626990960395097291640853,0.02526345640011943768921121
-0.0003019590743372443952287354,0.003525451663645752260062283,0.025999760835242857748284
-0.002134089000811144592323343,0.001664473402323585985579379,0.02526856258555860990089315
0.002890008260137719425103553,-0.0002097422510266885701830236,0.02443236884627525071222998
0.004224655948252829459899083,-0.002241390730305012866929726,0.02583085394878413890151769
-0.003755622427027240084473902,0.002020488871821324739636028,0.02618381873761064376759933
0.002335331308102928105085994,-6.87172597437753836669555e-05,0.03199582173171481441764641
0.005041700470098929923179476,-0.001495160529381213496830094,0.02493867941356069442560006
-0.005618677736769229699720363,0.002198407170297063655678427,0.02466035257033057440101409
0.001893389869219419844800778,-0.001979767129776924348277811,0.0256277081540467674414252
0.004433427431367509621851219,-0.00170326972406240582935677,0.02675053010092146368870125
-0.002703943362964077081617154,0.0008123636769101002120391231,0.02374583552246917889094746
0.0005672898567437031176405315,0.002240190501002264390761898,0.0276675995140321893950297
-0.003259811563028345779424733,0.001600760484593642674067127,0.02581158428868529988720049
-0.002364223597006879628440457,0.006999004185160222733796953,0.02692188386405735406325945
-0.004902103632838546859451512,0.001164735490348961814352502,0.02445600865451056510346817
0.004437473892828100452412343,0.0005089429688536911428747844,0.02518853803463028118159173
0.003947208587712533814362281,-0.0007943004585191819951622838,0.02529547737534267037862179
0.002612882858448004920470797,0.0003819082806321439640603876,0.02768167467868931294616708
0.003714963261834931286531347,-0.002582613604315820571288853,0.0259544428530499235452389
0.002702858584545819557731772,-0.0005287056575186944128164068,0.0269971956844760850591225
-0.006557425539042535840572601,0.002993722774304215239471461,0.02540598932423551378767534
0.001468203780716532827824161,-0.0008137976088400257056870712,0.0245361532549051644669369
3.776423063238485978683825e-05,-0.001847255453551871961712094,0.02833482226167422651785799
-0.004786104273388665231170336,0.001997746496369699146372634,0.02594069726662313890575007
0.003091440028953690560137302,-0.003132632097972967624016638,0.02558735659420877106562386
0.00376642839004682778575317,3.041702811409696793746617e-05,0.02760516080838558081178569
0.004298176839366053131330503,-0.001366197815044968783340651,0.02715653471205575764102491
0.003815991113241364116742682,-0.001411915060644311102275306,0.02596438597558111890939436
0.004157787058687897885356222,-0.0005813051530318844245873167,0.02651922568502459304218277
-0.002912898348219595222319267,-0.002481249638842882281747348,0.02271944483277694992739981
0.0002764989028382541032431707,0.002180660820741947992368326,0.02543012967292048939760285
-0.0002801469083034023783464195,0.001578421321269027430972409,0.02590769669873331168541419
-0.002053701543383573170642453,0.003181599336324630270672609,0.02591322362372816198727854
0.001294579168951208404322872,0.002234684840463559661605242,0.03191339446222117570695076
0.002957092956273706194775253,-0.001507226908697373388840157,0.02616185692505595961065978
0.002824673878270862921457951,-0.0003432632210128906159740669,0.0236699437203690375708387
-0.002746963413603083475206246,0.002172992509559790088452536,0.02650854312878242469153633
0.002219001201765811049498867,-0.0005973847862024055446750204,0.02745939179834205531860469
0.004135910587312116928893069,-0.002482935575947565164101061,0.02594369280875923403084649
0.002628146002046658456785533,0.0003848287658711471367900536,0.02562395775954266069485143
0.003696496384428365946511752,-0.002597115187871815427528288,0.02504390205783941364403589
0.001247122033500013124282524,0.0002393084768889439226027122,0.02297622496338165218321414
-0.002272529673805048777701643,0.002776678749363526831767102,0.0255878642380514970122718
-0.001787835571758506630901664,0.001712120552544806701897318,0.02576208968215103201071514
-0.0006106578010725248473189453,0.001749660553405283291636407,0.02468702271085844793252484
0.00227799753135717085797407,8.508838727617434145259617e-05,0.02438959439551958985337166
0.003748896718632877857191321,0.001140146714895816891510716,0.02651971967098527144246489
0.004259167373599270778328219,-0.0008159790242411075903219975,0.02618123507617238845956997
0.002892623702244170348640839,-0.002676335204404010383039125,0.02471022147120279996435066
0.002906192976232019418297847,0.001048694750810631520429594,0.02658529859016780377833911
0.001338626272417631950586991,-0.0002145252141853888768700115,0.02592047297894276361440724
-0.0005765345406926147787604608,0.005653930601510123547803754,0.02895882094724148633768657
-0.006960103274029513092946431,0.002753902364572556084321153,0.02470720214261794278609585
-0.002392091297881129754315799,0.0005427746838832922179896023,0.02544264498826276366116872
0.001731748502926989084771403,-0.0003545385024659752394582402,0.02785211448327304037397845
0.002251479866230409257465972,0.0003912570014794070354276212,0.02529366246737307921677029
0.002294383650014125957533606,0.0003603737451898895451617155,0.0316599867222767880625689
0.005548562242667851029942483,-0.000114873098639739669316398,0.02583723299374263496219761
0.004938715926598057602558978,-0.001929921713225797889543212,0.02908760925673317676576346
0.004465818282287541303443579,-0.001651422541109281560273159,0.02700973017049477717388406
0.004157937743479205722207936,0.000712354979228478797648183,0.02392221771719686349011447
0.003626721768891197957701555,-0.001405828566064407396038471,0.02528403212351303455673879
-0.005979350788441420254393233,0.002970644981790496273049706,0.02517624801675255596933312
0.000715433662657890168286301,-0.0008218392742463916447737127,0.0227080229417863203866812
0.001443130403377137615378301,-0.0008658769686861097483396299,0.02502587740066697721830202
-0.0002608569182072711868831949,0.001620383952020342964092658,0.02590532464394634803994677
0.002186977415768478778118622,-0.002278839190923081983036758,0.02481539261492904727135489
0.003435940139653198468344675,-0.0006216802091631668187102222,0.0280412791638316449827073
-0.0001456978573214694563670718,0.0006007473838338000301367847,0.02534887087658076187945966
0.004406626069581938594243997,-0.001830600969295033712477827,0.02553533376745071442615043
0.002979649537955589809479218,-0.000199157114600797782071398,0.03316112867860426804966778
0.002091258736655610562388263,-0.002006471736485194567317647,0.02535156896468206133565815
-0.001035151914203457290328259,-0.00022619783723974791109744,0.0253683443888186380132943
-0.003459405282904177546948743,0.002318520694257072533445152,0.02647510095105914257329616
0.00234792006474325012574389,7.618668400211634546964623e-05,0.02860855779404087098627407
3.927829283255404162764415e-05,0.002517555429472408904528757,0.02657223990081688733133625
-0.003742573194943599797918088,0.000842124317717322587451001,0.02357413482263783985337646
0.002831514354416518521734281,-0.001305017007578903980025142,0.02571099479201119364368822
-0.007867344511566450732109601,0.003201028161427580363829204,0.02467524027863293376028331
0.003663522545056286348896801,-0.001688035772205585989536036,0.02778248135544058444734716
0.003187461775186216372812709,-0.001019493097926100827130269,0.02397683290470541128680537
0.00103054180369038512858626,0.002846377366886438092102862,0.03015299411045633745653838
0.0004851051480105737388412446,-0.0001723440972557308415846061,0.02633450483006492467974446
0.004759419341245525736372457,-0.0007826122691024127919420805,0.02280400823224463732752376
0.003096880010809021852025147,0.001624330818311012702634399,0.02769992495218783282173725
0.001483194154747791149162595,0.001229328700499478970245559,0.02514396764577990495137527
0.002437053005764887488038273,0.001404095931036237641584274,0.02597227718098593651774308
0.00105322377232911412389682,-0.002521351334706923436046466,0.02479203210331471299299189
0.0007762253192696072414541453,-0.0007477693193845370627989566,0.02482302999206589116942823
0.0007351970645062362239019471,0.0005666472763831644941442955,0.02581636757721532740572634
-0.004813784122792250097511157,0.002657119931146128839066778,0.0266160501151888849447058
0.0007869204473388404300071564,0.000502885715718724094630554,0.02424050015114284986617044
0.002230139524110236887155523,-0.0005283552937275620134047194,0.02582990402072812829992188
-0.007406329195202029577749236,0.0008542423470344450830288308,0.02236309682627294487256009
-0.003692122910063091231064325,0.002446201604518729623427564,0.02640710482451462393083119
0.004726450842500242409405242,0.001186908258206231542991604,0.02670019426813059065795031
0.002655958096536252446145943,-0.0003193521468411397940326268,0.02590022526028180893664654
0.003414928337777627716936868,0.0007580455307056105851079564,0.03166576057258719406606318
0.001045417941454646970980691,-0.001222119313817526895654675,0.02510393863297183739136109
-0.005935741664271026660215647,0.001902208640375009814083018,0.0247983439974914579573273
-0.002089276262098551783380485,0.003244107270305344493943611,0.02821898125749653513105741
0.001051744697314352600461818,0.0005740750758088503623299825,0.02497154742706547345121315
-0.006799443080443450145022855,-8.705541160305514593754223e-05,0.0230693632617263687245579
0.00327218464941850511323862,-0.001362674759408242152955437,0.02392490753043745657646646
-0.005423584377580492436876636,0.001699464625409573877851122,0.02381988073584763790369045
0.002317366317405835079296095,0.0005205253307727470638704981,0.02564649264930976557685938
0.004130219709627369964466403,-0.001090848211874881085875488,0.02636606399622823046491327
-0.006667468154492117195231149,0.001865566352078149546522834,0.02470411175053400729129116
0.002851883203802935400766883,-2.840650270816024415489361e-05,0.0248837642936404167259834
0.00384691620905921105241787,-0.00159519130094743074796404,0.02507112671075186274838309
0.002655401768109241084081518,-0.000440255966341871450304285,0.0260397319402780706709688
0.002156536913212357860214485,-0.001677867799248974065365325,0.02520372296511420168174666
-0.007185785784516633169227706,0.001923356107216870778883755,0.02394133208054991315827387
0.001270654856843427124232782,-0.001720137440233465838876348,0.03149257429551943765488886
0.0031278148771205667444395,-0.0006531707161472685577510711,0.02619889945895095481609438
0.00175862151246121184607063,0.001882897682133024674228094,0.02477056798600098946883108
0.004338428787810738596064652,-0.001026547956597313997900711,0.0256282337605833049343218
0.003545528842670885374954715,0.001193393830663712351647376,0.02647407137649538527712778
0.002925286838481534670147743,0.001616353624006919981193064,0.02604730083647999530627182
0.002763747681472846894762396,-0.001234955013311816963625378,0.02345062097898803141204915
0.005326065316168599600432643,0.0002347926742004612446490519,0.02698126494143038636708276
0.004590501679282726725517261,0.0004457471402343401176496251,0.02680679247491474237463649
0.002323886334376804290585694,0.0009588770076157321700649483,0.02645186910311913761062463
-0.004972063581815670818553343,-0.001748470414733122426167999,0.0215378993805493343383084
0.0008199766942848943709898357,0.0005135243860800746060202293,0.0259695597170697713151899
-0.001439158140621295267624902,0.002127662809715374393759735,0.02710501466198473111135492
-0.003365426497193899253723703,0.005701436660480350797353122,0.0288501146420905088540998
-0.005253272736487497526769452,0.003621669253604636092708224,0.02498703437281995370922161
-0.005221068830191262673257047,0.001606703700001044449532928,0.02538853850888995317136576
-0.002801804649036523497257489,0.001727906026757867162524374,0.02575204836704996294582948
0.003421643832841371642150552,0.0003973344850027908051887104,0.02631340681136919851246248
0.0005628635130571663395745996,0.002626897755655713349171032,0.02520250920327785776331453
0.00170577325458809978854513,0.0002004543256780129888931091,0.02747572594185695299406902
-0.001905760969270772417494264,0.00351289130109556316933217,0.0246686604999456493558796
-0.000141136493957423885415442,0.001052776714307459594854866,0.02544852958637132400721015
-0.005461145038778570347248742,0.004145783816519951585355397,0.02460239184889707886316756
0.002897545689304500265981446,0.0006136714660398383258677057,0.02802732900701244977970106
0.002434663207544175960589383,0.001968703573633726489761075,0.02697737331283215495014716
0.004501813318213139340773221,-0.002163858711253029403626114,0.02630618308549347375557836
0.00369781978843916614430043,0.0008365280820892061035276566,0.02639008585879985477329335
0.005388630050168285480494124,-0.001932404755485946784565598,0.02552461376562589062677588
0.0001049643694179625355317881,0.001637103832911389377294253,0.02330241370093122030282551
-0.002605336003153464665554884,0.002925214095723386014541445,0.02569044671399599299999039
0.003871777610665180172772049,0.0001630238489396358615886318,0.02402265266919219668939611
0.0006714357946607317061821218,0.00230036217644017737873896,0.02565311094479724718375735
-0.002565148620076665095246504,0.006221549951486417262547235,0.02874960025866159230023555
0.0001072324269518650223954187,0.002370786707004898796746772,0.02559328181017750392101107
-0.001218072299308713178980779,0.006537968428874957153851266,0.02987684795626539130397603
-0.002183561614609886084026336,0.004659494315708535838727045,0.02660297101129657434959164
-0.005348866409899085891388459,0.008329942357662781238225591,0.02762279432850233557017461
-0.0004841969041204460420455002,0.004505489690464145602355472,0.02565023739741023600657854
0.0005136423108134747020359079,0.00634580688575420766989188,0.02817369901706870058410992
-0.001832890054092524943774034,0.006095976165753297718041814,0.02873727241141756788556094
-0.002377420152483343540605887,0.004503783301486814598380004,0.02610291086316046324511397
-0.001027789031929978932899949,0.007405301126101989511729684,0.02943092889714434695624945
0.003962396299528113223498149,0.0003315766823141932484290961,0.02638817675241363763793956
-0.004592803952447447636553424,0.007134641458118605276961244,0.02808969982965670367236477
-0.001573135693089162696206573,0.00484691055784569266307038,0.02646750669778409267851593
0.004064171410743573804869033,0.00226932437855080796837437,0.02428586713528090371139179
0.003713240517471826269979562,0.000160718348580458865243123,0.0242169996659003135264232
-0.001104927816266670697817331,0.005654687517460258924795191,0.02857963184095006770046865
0.003239259718422976899732113,0.002857383065942829553779392,0.02435050488369506008212717
0.003238010067599703112328768,0.0008314672117721768479503552,0.02368462147030398617930658
0.003095774585012795072913594,0.0008441954915318162838352989,0.0241615257702528681005294
-0.003071597470237525263209166,7.428382691536317605687095e-05,0.02282061446185471020875468
-0.0006549637747511347172363338,9.627261964698497051420162e-06,0.027733736609517029014782
0.002058860658860349121535016,0.002653795000316901912112977,0.02522387228845810250299486
0.003083777681149055347603616,0.0004820981934731145683060982,0.02337183243027775303435334
0.006057045805741876481897989,0.002094555099643768177747338,0.02625545043753611113013235
0.005269700691308608006546699,0.002072757722496906210990497,0.02580757010982620558436906
0.005561673330355720694384569,0.002271410280735347477637509,0.02715851551627154053525359
0.002272963770821700979496427,0.003158008915087373840585583,0.02570405774650671992809237
-0.001991493791186270574666839,0.004994378045079083533464015,0.0253539846533969402686548
0.003114228957867776984708152,0.003082483492467738041276082,0.02659883256038600776727243
0.001277589991702419384284051,0.004894056416971118150804898,0.02734304119228735119317975
0.005240909064387183277644588,0.004281769423117036572901117,0.0252718572253293541352015
0.005589443938596807409657785,0.004541168592961461990265004,0.02579698526789896140254399
0.006344873851284277450901516,0.004410535846264285360363022,0.02681042954461593588733059
0.001930758104459024413271373,0.006001656001339826865259575,0.02668628549803639046777981
-0.0005693854783186702052388828,0.00847201121839752380182631,0.02919460687251663674746105
0.002086024682144759206242624,0.003859555598170198460056257,0.02735820213229967975965273
-0.003814007118279155901519051,0.009679311093432238846667737,0.02774809825051437195408965
0.002665326290739373962107583,0.007726399888004613532299647,0.02772558765902178798401501
5.701821360444725590981702e-05,0.005362244723091699749595307,0.02591983126383808067050296
0.0002733137040220290597640485,0.007586848011992078540111084,0.02578967388448217754048919
-0.000919702455361862255753258,0.009292928390401371599449654,0.02662878455241463743208286
0.003175250574576405672433399,0.007254538594090756235821527,0.02675040598781893916302543
0.002760031273141695055267641,0.007559076522366407584196946,0.02536812833036840644784782
-0.002757795529702060377541528,0.01921724083256783760509379,0.02581897772890724349070801
-0.002185371954530030726149281,0.02237525101003353875106505,0.02593476167513086155791413
0.0002276214225819286321363805,0.01272668909319154585679801,0.02636882086551986525968516
-0.002893919156613732404648154,0.01350561493283386309272043,0.02742857738038356404941531
-0.008094993647737023720334371,0.02164171353365935968060541,0.02685008212126707011213611
-0.001626369365167990802684139,0.01437972765780525831458281,0.02392011844661224781449782
-0.002054383995129107059324225,0.01474084114774075644771489,0.02328376528233203068829482
-0.009855356334875060853040196,0.0168243698110451880833871,0.02258839129901727554861068
-0.0104747705849549226087003,0.01935622555367639413548275,0.02306110638929213460524004
-0.007069736857692434511823976,0.01754450931147416223310209,0.02442559858109178208551704
-0.00784195449958882857821596,0.01567720278647942444560925,0.02629729655127478402110164
-0.002047576402266603444457527,0.01740085610263219714766159,0.03043837466717117662406977
-0.01652395158274120104402449,0.02425547950693613882822142,0.02225633357584142282825646
-0.01978166964061913238315249,0.02166517441454463357985993,0.01846215815003771423818968
-0.01249905434293898699726899,0.02226083895486413027908768,0.02248727784045416455693811
-0.01192651266274172457138025,0.02215537492865656335472302,0.02305794277080249615741181
-0.01217315352927150415296431,0.02441385509059788849750561,0.02302788318650754104122136
-0.01078290461618556204947961,0.02608420758409947873279755,0.02317027440233457302731779
-0.002292544580931649665644922,0.02675647831692958347749034,0.03035150420154719350107619
-0.00330671594379382434436554,0.02436441070734363112393339,0.02808514284193572643766323
0.00235173360237064810185359,0.02726698213238839402228209,0.03260856688953955168086551
-0.0003225771369179333694990341,0.02295525837776491231978504,0.02640262945168632066628156
-0.003504303289065037376598388,0.02439323594045719398315519,0.02290577913959613784444791
-0.00205615625993610297989056,0.0241546138509449483111613,0.02491766266531666648709198
-0.008463808357655561165344693,0.02548095709735919561778061,0.02064749872243664893800563
-0.001900562067223841031596288,0.02451542993322735133898682,0.02363371056328841812721464
-0.002472701015356288615359981,0.02614853364698662210874325,0.02503889643442736359646439
-0.001458919906353834143250547,0.02571030529933036878897923,0.02615235859161521569937747
-0.001351291344808608655900239,0.02577272209075325004601353,0.02691396678095258829244152
-0.006697745392352284082848612,0.03155564196123904208146627,0.02780332510665464024190996
-0.002740711205452407098898115,0.02515830854672888861056634,0.02519101610464935872557568
-0.003237184312647935040263558,0.0302650531732938342377448,0.02929730240667372670460011
-0.009976881656203209769451234,0.02770791306199521172870526,0.0210486423797555909087631
-0.01211248859853461881663783,0.03360709226840753738319023,0.02484297652557790683780503
-0.002252997674645360048906184,0.02602326959781519483128065,0.02405396838109882112766158
-0.01487539706759913316069799,0.0342883281897239239333075,0.02495000583757026046960448
-0.006886001120663623291384692,0.0270619769119069264462496,0.02468244623943015303435544
-0.00960905935040580472250582,0.03180706218259754525234939,0.03132762906494596794049201
-0.006075706565719938938296973,0.02615993920208243769809364,0.02642523882618610236994172
-0.0123324824656619574242411,0.03389688313642432587746711,0.02713475847656866835055922
-0.007417339969298444683765137,0.02929329103299294773110617,0.02557593811882672915625214
-0.00963666673609880897188873,0.03355696840363669997131524,0.02572748759128265505502497
-0.007036761489610006935213615,0.02566810451209669899363952,0.02162515244543513487363029
-0.007947193363143674818549478,0.03209792772037309283028605,0.02623750453039909794061835
-0.00154151511736414707602616,0.02534875579520723051785147,0.02418854677481981768627506
-0.007000224138299681805874819,0.03146747956819975766684649,0.02717295448765970344862097
-0.004720487176324516392922348,0.03106671875358908707642769,0.02744835942983730320277047
-0.009582464951340401160262417,0.03120244029961870974032578,0.02524018854408883322237855
-0.003923717428272598117811043,0.02576764971438221321631268,0.02312218362891987552543149
-0.004966634729542763158904872,0.03032709656686968791028391,0.02666313330833063044433828
-0.01013680457916596791556607,0.03175992937618787870235337,0.02367776952199604489912588
-0.004759921871680120736280983,0.02965344422923452127882626,0.02809091057113130562861159
-0.00203624379819091188420499,0.02442310585171202780285782,0.02502153366480960872131334
-0.0002895724461334909746214328,0.03036496143885609663715108,0.02971851613229735747379046
-0.001444416738435231164008887,0.03106673546651348913338886,0.02871397974779216905050205
-0.001855948031400283040892596,0.02984976344669677816856534,0.02915869779493744998188909
0.001145280148575977732100517,0.02453570864001687959476961,0.02432989833419766517730309
-0.001637010706496151019040397,0.02458055857942222435785773,0.02501911770905182116897514
-0.005608965678116395112140502,0.02434586497411871802709626,0.02169489282560536219657266
-0.0002310575049739167199838036,0.02104710879637474579828549,0.0232504408561756345519278
-0.001796333290969375981460665,0.02240343212448051707363916,0.02427529004809586901658669
-0.01073040570808756616338897,0.02868183438222941111783726,0.02590945201894338453807443
0.002291458985603078875314953,0.02666604140437743575287044,0.03367662206398224639114503
-0.002035201654934937817026386,0.02740142799595374212273668,0.03206657690825141793222741
-0.01195315929669769558496562,0.02145244286940502231875172,0.02260997692673668429952372
-0.01062650741343392976623328,0.02689851688906585991389875,0.02771499525717721970630159
-0.005847305810310812063113062,0.02609833250671264245901249,0.02991083055449823488447514
-0.007360349545289570846740013,0.02680964954741083677847158,0.02857845684040187864138893
-0.006432459929389279691680503,0.02146417644595679033447944,0.02530644006280191593560858
-0.008646837929358351659825388,0.02496557076727002819072077,0.02666550909519371792555376
-0.005741523122230166205348656,0.01992299415593410533142915,0.02579040395186345951961115
-0.01343194628897903357411803,0.024788689416719633662467,0.02234816985219594681622013
-0.008133446452305497648138655,0.02386358978146725998148447,0.02346275652658469726419277
-0.007390235358351644572028061,0.02281150572045301944124063,0.0232194185524793317298986
-0.009751813802455534113677871,0.02278075147482413326249784,0.02129478958131960850130859
-0.006285931885726412163273302,0.02044404131173480770877759,0.02059515062118847869565563
-0.007620760295131336764518082,0.02183562514712186070076072,0.02178567417407713951993387
-0.007337027957249588928922979,0.02243645846137841057266193,0.02369909341438367067489423
-0.01324585245913789156857465,0.02390050370057130585399463,0.02174718570059551089879157
-0.01537151048220272882283144,0.02654666179210601537064029,0.02348672646199653768483984
-0.01953318002826938404314916,0.02210378874845846802754679,0.01985314134220005771735984
-0.01108575046629111868212725,0.01903076078951870808708691,0.02515201903354219448161189
-0.01636042627328270979147895,0.02731330263138549360735219,0.02676217278351911837974697
-0.01842893867649775599404371,0.02722446701089266049566895,0.0263191885206021831955514
-0.009382347946264944088534676,0.01970978594035044731413997,0.02604282557430161182399075
-0.01276342190081401588297449,0.02002190378202368253868215,0.02506369063424586027255536
-0.02445492399850948336825773,0.02836579725820350533771474,0.02183291145243327138758538
-0.01074161647708627743968979,0.02104874278301105058885945,0.02477104685488303384421904
-0.006476005784813465906979424,0.01978907626716201045846688,0.02746152496073427790035382
-0.01697673379264988749448584,0.02903340635858720278350553,0.025508517113506910117815
-0.004968060435607090166709732,0.02695704955501321969935091,0.0310203563749846568387003
-0.003725067787464928208834847,0.02686779512433635358492623,0.02772463511102166849875417
0.000257131208119008478844153,0.02424194762206181505415081,0.02445656343938733268128516
-0.002531594503093368472151914,0.02496391844746370311525219,0.02223643680159998609058292
-0.0006179466949464639501099494,0.02485976979416998008942663,0.02434914258776041048881744
-0.0007420416973970092068546567,0.02441159819374057876606443,0.02357967660089918190968739
-0.005482064947521627165660796,0.02643251383774376794821848,0.02279184986664538337119978
-0.002436658873338124441099151,0.02728437735703016092658757,0.02566265879228540186529628
-0.006671615109208620109093602,0.02974018676060229474100716,0.02250777581336372082376762
-0.01232047172104991372698635,0.03497748843642200372583417,0.02379763013147915759470941
-0.002174804509797710790064418,0.03098736053918745708690707,0.02590515116972509634951649
-0.01797186790936715350408548,0.03529197817117970398248517,0.01852345555405191662723396
-0.009125667405601740195253413,0.03576921320632549944340539,0.023218426772525526530222
-0.005309396882098021443197045,0.03640338622359259868055403,0.02511616686649786531204676
-0.01273331237434793469787131,0.0396857381648392584794216,0.02369847276843984121286191
-0.0125468599268209347191716,0.04258884126988188301154992,0.02343004328370101169154438
-0.009106993904702598285894055,0.04213288039652558075731648,0.02620144479935879178178482
-0.01119157883832642454147166,0.04377193492335698654649434,0.02400408432612023343355467
-0.005514468860871434702231042,0.04363004921953615722340913,0.02428430459282518438790532
-0.01100719919710333068174624,0.04636509491094252533027742,0.02125364091026320581545583
-0.007954669641545342173571953,0.0461095143790279798912124,0.0230858867791717929651707
-0.008677353729882264499195799,0.04685133671402602617561683,0.02143806821182309141349265
-0.01081247510787765667150673,0.04828570141976253754512172,0.01608631611102251737777102
-0.006798505986361248580596151,0.04993412005578196782851208,0.01812491280158851775228257
-0.007984194236968068444926239,0.05165529107233748223881875,0.01609667598280755881900994
-0.005248031696535211676479804,0.0535902899984221914309046,0.02209885605200173977480382
-0.005562671399851846880391104,0.05559690060653949689184472,0.02185285254957198414205166
-0.01259442336149827444680138,0.0582780667526661827482215,0.01755431753244342946151946
-0.003727672305628157781165477,0.05551740669687508372698304,0.01830457669790660352182599
-0.002832041855581285492299282,0.05638916980581087923241057,0.01870589558438708055465582
-0.004646623734950073789096159,0.05720690227547321066170483,0.01756641407330150617127629
-0.008163458553450539043061518,0.05871792298864550452286437,0.01405475189480067874092661
-0.01225755446578751135799923,0.05978970663230240289998108,0.01304709791220778208886699
-0.01147561837528120187723601,0.06154254576649639124630298,0.01562063859617518653266632
-0.01171743759313717374304087,0.06297981899741988964791517,0.01535393549394589024492674
-0.01111406913691283769585194,0.06278529262363663487889198,0.01411461433611501704865621
-0.009453332389885250874872469,0.06288236536240161822508554,0.01698163240475444521471182
-0.007362894561728700049130225,0.0606983920293035356108291,0.01820320881354674236174418
-0.01423740173258294244851285,0.06158000970075641622436535,0.0158563157262622649035233
-0.0173611935802530301109492,0.06234071248745651910860843,0.01330653301633464430375753
-0.0155013888756890070436123,0.06208486222896814760163764,0.01433047919860200476727119
-0.01293975079040358446003101,0.06256383937676802953209432,0.01511318183850380095223365
-0.01359240734375762212071681,0.06134033197409561460888838,0.01359271878930810167895871
-0.01214646281248201592495306,0.0602197487360906225095647,0.01456663226871659708172579
-0.01444230880167400588032223,0.05909372710391933014584254,0.01430735540176605001538856
-0.01597780506241396752953321,0.05830599025879099756020096,0.01361684085709336314296003
-0.01728668511776902672050227,0.05879834881967181681172718,0.01403284844939252373752225
-0.01793632142140174148825515,0.06032219216264373545799415,0.0138579455173261402445295
-0.01656487875540568407983777,0.0600422823773478150921612,0.01319131839292019166276493
-0.01525940518606960262515404,0.05868016597038119147589086,0.01269560644271143685923864
-0.01845025894712524344720705,0.05896371730780693848350538,0.009284286142754219137152027
-0.01053690859697243957515678,0.05654903402888809132997849,0.01126602956650663532600642
-0.01206159336811038658432427,0.05801286114594507437036697,0.01040668801018407481351336
-0.007798537762772569416347412,0.05761289797750866747971799,0.01058376562781265621537852
-0.004796748026223503387488467,0.05648277891875672085397753,0.00890814267494370592981312
-0.009039896484227726014548665,0.05649642742246618887236309,0.003974675905853748344997989
-0.005599393885466792154803617,0.05290694411697379612169456,0.00275831426057989142347493
-0.003849783413665062558467467,0.05219677527471364847366786,0.00144659875012719289430474
-0.006661634272748848291378909,0.0523476320063640046531539,0.0005906453408149909146268586
-0.005732431763093674692566282,0.05280802416747697181076404,0.0006565638399248699798652074
-0.002735862440933127612968656,0.05160830861026782095946075,0.0009564808983470849844052419
-0.0001837928371183980157024113,0.05309080882979565207957506,0.007374960793481084506129086
-0.01076235755164950576301397,0.05188709739893529460097454,-0.003648550099822323120740686
-0.007814736908289805425442687,0.05132072798957970638511483,-0.005837682877977464455943046
-0.005318814281389906001296097,0.04922961742009716867851665,-0.006468942183435338194597009
-0.003676076448634657545255777,0.04938722942020545153551936,-0.00649817318514812631430333
-0.01173069398527932377662708,0.05570037622564481122333646,-0.005712789957437687526908832
-0.005445543740425347507827514,0.04929696186619396403028048,-0.006844728123774137217016911
-0.01135326940322248408243855,0.05156043121411464646985934,-0.008579173573016459636297881
-0.008834916190342469166640882,0.05176836948995178905308379,-0.008377383647688006057530075
-0.01258540107477084182829863,0.05182189546228476578759725,-0.009732630277894040171648982
-0.01119384165096035631259408,0.05135274390106671360545221,-0.009603744365811160005330649
-0.01228053906953979410032751,0.05065974571120024361192691,-0.01061399715802421699073488
-0.009343878542136649714699992,0.04860068781828970341241103,-0.01327058950016272997896039
-0.009251583626896922249449595,0.04851385444139024588627862,-0.01339376392018266394290382
-0.008708909663892505995108628,0.04799891621573335043215991,-0.01472895815944558553511889
-0.006868829455278251637506681,0.04689826470154814103130647,-0.01516383466319261123789186
-0.009800407043336225795804317,0.04672822758384732183545296,-0.01706005353291649428992827
-0.006372056921261226233865749,0.04513863176316937342313906,-0.01521112792647378794685942
-0.00693456717880646267976319,0.04565897339886455102986318,-0.01738380050073387583786655
-0.009725581343944671858237072,0.04481882510919472234478533,-0.01903094533806648155915831
-0.002009303686486474047057094,0.04407253301851085658391582,-0.01398008323528966700965981
-0.006780114580413167460481993,0.04659413077957225840508571,-0.02128380718287134834576513
-0.0112818455502422254621564,0.04972441328611528627012817,-0.02379630666293411009326597
-0.006801142514240930692093201,0.0492124163629658953333923,-0.02218849034886027568602707
-0.009985445558317809430781686,0.04553488480804954857683597,-0.02457869562397184751145751
-0.0001591337544884792573520599,0.04453227161339573525467017,-0.02051471795762806887841734
0.001751780803746407410778629,0.04182669201272918441114612,-0.02088759180738750109718183
-0.001764854090832017633957984,0.04347403625328196546950821,-0.02060597812507904136314352
-0.003732360046387403571671593,0.04241327309791016048068357,-0.02394364775821513496856241
-0.008381693894405043906981057,0.0482555009488698435915488,-0.01764674383646946953518864
-0.00996626589217842855095153,0.04885285265328424136876961,-0.01962045964017341062590738
-0.01002163176470411386220771,0.04919490384680037103892758,-0.01795486987979378473712089
-0.01433080117408175833959572,0.0497946848129379934788652,-0.02153043036431311410550116
-0.02119275418075192499167692,0.05185104532239249996994346,-0.02535598140026648628087003
-0.01994425252600618564402524,0.05116390647156163901110304,-0.02464717536106575401788632
-0.01000067207792935952692659,0.04989120493625211205657166,-0.01639363102436163996400431
-0.01021734543643903342369228,0.05136823390765641456079393,-0.01602650518531704981750607
-0.007567126680202266447716752,0.05024010614829922671820128,-0.01538438306667532298743772
-0.01772985458182404008842248,0.05368058013839931141841788,-0.02089821666415262249594242
-0.01938878441800253801807763,0.05460358322919296042430304,-0.02501402407398705535213068
-0.01544797885716789852261766,0.05419460238463737200564907,-0.02210880646360047913079327
-0.01456444930698956932713095,0.05280474974090072076693403,-0.02292097382617186082653937
-0.01394430657503455302237416,0.05404589693113359682996588,-0.02408829680560726355098566
-0.01401981162049682240466897,0.0525323322747038717883683,-0.02630214117936975279365974
-0.01175728570448138568527163,0.05077281041834069696960796,-0.02764215661914534716281366
-0.01083128679553252600442637,0.05289495781059941337254315,-0.02902855548593866186202206
-0.007626935547783648787489863,0.05086667902009445185740333,-0.02937433207213588012840511
-0.002178608945941149909603096,0.04858773079655141768906645,-0.02828037215385652974886099
0.005944751632840599223084332,0.04746746263626481360242693,-0.0270774000994455366075897
0.01170036784250703780496661,0.04415668238838490328168618,-0.02501842069984005004212868
0.01220599256151268588443948,0.04853616582695329667584971,-0.0221247213103394207989183
0.009351884170209082483560259,0.04840537230108492294800016,-0.03588613283733790154661492
-0.007487819256287085896428568,0.05468962157768144510816555,-0.04079742793760703090111264
-0.007350911010013648667904551,0.0546615038603600264521809,-0.0412831586335101197171582
-0.001368453101493828909934747,0.05331334280545735326839463,-0.03856211428436426280619287
0.002770304602833244169562965,0.0519263223850853841701003,-0.03633733417403065685258312
0.0002490166498397088611083117,0.05228782739432135534540791,-0.03989079518682542985219541
-0.00113295535266446224624548,0.05490930862625364311524478,-0.03920542334492406466583958
-0.0006297224775773085231334036,0.05533830594947124897897694,-0.03821878812219580562326016
-0.00710750731806742298141133,0.05632703814838614653215387,-0.04204194905829043704681425
-0.004776871690481560191188226,0.05609955548696936994401696,-0.04014367602361749998163276
-0.001895721544323798008965798,0.05384000384528127292060873,-0.03778495974095651827040498
0.005995768428746729369893664,0.05200557992422946002042394,-0.03218551637882912513921596
0.003517904890555777642352497,0.05354700364913175802961121,-0.03265458430810685291900697
0.004185028700579873986442614,0.05321171002476984129847537,-0.03141393702197988607727197
-5.043962405540235290014785e-06,0.05154365595088237356202754,-0.03474274407028830197186053
0.0004689401046232866978290266,0.05013860930642565633119645,-0.0353172828330238913752126
-0.0003502520756064927531098219,0.04895878690678363842625487,-0.03385432047188820930960773
0.01035350311588300979692701,0.04471590092614972922202554,-0.03250081866102339650526076
0.0007148916580768470809340021,0.04602687630086271797225095,-0.0348854305276276449587769
0.002942670818329664542828406,0.04634329678113985329090951,-0.02342509009642201878165224
-0.002274465861481442859742819,0.04810564551306039521305635,-0.02514806506028030921862104
0.002539126040248000301668974,0.04569129922254294706718269,-0.01905675937454677157378846
0.006363158281805780802642403,0.04039976974282931398985141,-0.01042624329281221021159531
-0.008742305497672023945066044,0.04340647758516924525906688,-0.02024359312073226169204077
-0.005232891373207249757770754,0.03649464392510775451183846,-0.02683561055024947378244704
-0.001097228800507059516544661,0.03400448324542440503570617,-0.02343171942020877418499936
-0.005150249988920858369711997,0.03530026848975677949971086,-0.02062351145640464733510555
0.002016732510005135592390246,0.03407735796873753025826304,-0.011128665307819538346501
-0.002236594012919278662981926,0.03544330525173335771915717,-0.01038719867533441365559099
-0.002636843423145857588651975,0.03459988194226271129849692,-0.01045334737832205249108419
-0.002757029033291460116961158,0.03558134137277420283584917,-0.007945596228229444973889528
-0.002935531250933977060607605,0.0362036119102606412933909,-0.003395143578604642702750693
-0.007499632545896986468569878,0.03792522721434083560199113,-0.001941405195085395534587702
-0.006538566982710844986692589,0.03574188321143685620473462,-0.003960009459145197134588567
-0.01535425013537900472415654,0.03653462383336540664213743,-0.008177538798457064175839726
-0.003351244982995811236281547,0.03953542998094100591188749,0.005778115224079631052911399
-0.003822246411995109099252188,0.03732207987574345797732178,0.001191306620258128111042306
-0.004215118808855753546049883,0.03798146563600453273767954,0.001521365734655226627236591
-0.0004942665519492989156802309,0.03983847157481025524905505,0.006428234574546679014339645
0.003672418872883070287832519,0.03913829987521821873741601,0.009599967324105543667323026
0.004086375578159501774366813,0.03533357530507558186272377,0.004655186190322751875469987
-0.001520745052280297925431651,0.03339378570844790672378366,0.0025327417105929731638847
-0.001822281358114668809583536,0.03379034493358053919953576,0.004362362614924545148320512
0.004823433690005192973904169,0.02992229407780468142252772,0.00593295794897053668792708
0.003122516723345715883991547,0.02758908793992394595240292,0.005963015590712233797432429
0.001485032363674202793638046,0.02479895640839102285979401,0.004172691078203710074445709
-0.0036667019505670665410757,0.02336140458638677475100565,0.002936410102938079910023239
-0.001637494814796992218669525,0.0242249631987102274910395,0.006143713269588478576022084
0.001955908064606866857138012,0.0223432007785017150425233,0.000176604357801665376448419
-0.001763750942595837013782134,0.0224091839829024183639028,-0.0009266058339024630828226203
-0.006582139014691324417627438,0.02439101620124424496527382,9.169261895018429380736086e-05
-0.004024816722072509060648127,0.02442762466448974642552194,0.003489721223656661215628549
-0.01020086719055564479508025,0.02848480097748810196955915,-8.735636096074281741960532e-05
0.0019818774254522944326673,0.02513439696273485693400751,0.001793939821139658476190082
0.002589812345371363382778851,0.02485706106924482836073587,0.001250921611533560009674182
0.001346556835409138406026153,0.02425575798116083939270915,0.001487788686204895511125401
-0.0001332477544576520260208308,0.02618978177539514270999454,0.0009706039687413286955880443
-0.001289973060169178481482177,0.0260965909581964000674148,-0.0005665817322290188752867413
-0.003922183466837222617917824,0.02804814612810026600020485,0.0002226018381590688752658808
-0.00133903308033230601832575,0.02927267310927015794841388,0.002428460134115644278307578
-0.006156736827571541136039368,0.02902242087766651948421703,0.001144570892696607960006827
-0.01215448679298990891650689,0.03175355701871792474255685,0.003380396762037465602929176
-0.01023113734646223689506161,0.03036498289030199748683714,0.004967917287198265682834908
-0.008938185255405857454480412,0.0286278448521243185365126,0.001574920050266292266202828
-0.00711837147888747662216602,0.02923138662545265997749766,0.003079003081314894349485023
-0.007535668563578576742423287,0.0310002391512202504775253,0.004175270754169813428036129
-0.002519616310581607870888732,0.02989025814359134308739741,0.00413612166973522429186394
0.001142037991131173487596717,0.03169244836597239628472877,0.01125101518282160470429965
-0.006543427766198427718291608,0.03081889452495930811770641,0.000821427684153213039444652
-0.002887724834524212687986156,0.0338775991198490278311084,0.006924945794692618193655331
-0.0003926459991389945271451911,0.03457523229373436757239091,0.007519511567372069021919501
-0.003009076320701401050655699,0.03615830735271256812790597,0.005738217858577890524707232
-0.001296493629646067397356846,0.03643008387674353393270721,0.005593621758176407950113873
0.000980413971883698593876022,0.03611147426148360317643693,0.006455705436987012497962457
0.001023818228063435665023406,0.03560304779763472093900845,0.006357895796098741308943758
0.0001824554933405789333873692,0.03551673258179741804463347,0.006188788078289258511033299
-0.001500347474308550733967937,0.03854396914146919483901144,0.01117208757161269362667699
-0.002890979180708264442700717,0.04007082074080062228382815,0.01213879918293513972271658
-0.007521047847943638370304953,0.03847111508074571584181456,0.009509093028444413203681407
-0.005206012040019883553576552,0.04093267519986741598270186,0.01715419230728812416408857
-0.005875699895797260007002105,0.04167568054918412839837671,0.01772761070857204260264872
-0.003921618211173027827853854,0.0409558373941762421388546,0.01872829920967227987360637
-0.01109262466538809763227924,0.04326123271255223612374863,0.01587990690315792610687318
-0.01305982083130475049359553,0.04330806821049448113170044,0.01314889847546187040538967
-0.01548914486916471572319765,0.04198004623726372258607498,0.01041312246052800323525833
-0.0140572595048969583436671,0.04256872131301122491597866,0.01438963581866520811958221
-0.0177792914797481362010334,0.04224496051087790055023063,0.0138929693972301600279895
-0.02001081850359394051497297,0.04349697716277380749039239,0.01580875250024553479999412
-0.02023925553183486200636843,0.04399117624757278854907838,0.01700941854019889787341668
-0.007620770665404842138246355,0.04511435843846123977529672,0.0270339022758340798147092
-0.007041891998998226799566513,0.04537174231953277486750764,0.0271877056508495924813662
-0.004221855120391082571984498,0.04532286766223166118994214,0.0283733683428588900898859
-0.007809966116264857767526042,0.04561820197804161008958701,0.02776862244612140692701097
-0.01527331426287190097035307,0.04620789119184218890490357,0.02010453314710507546902996
-0.01238956794753707374434626,0.04448724769503255987990187,0.02393553293203504878094989
-0.01142371219697897732903158,0.04523973169733283561377846,0.02510517851599054078848283
-0.00486358131605924611656766,0.04482980840000066330430784,0.02549589590954164097791335
-0.006820916401590696245826884,0.0454293683583557941774167,0.02668268023508114580866213
0.001330670719297824804855379,0.0439683738601824858349687,0.03121606254496089513650325
-0.004799346797610091162888946,0.04238250606339998005633873,0.0264714822709809817491422
0.005227102530021504947499444,0.04269179601044089528150138,0.0354385140040164650643284
0.006930837134170635994989684,0.04152617828196913940530521,0.03513527860711239403368467
-0.0009772370726477540726212512,0.03909497061001754314446544,0.02701935564985205595611717
-0.0008776714013431687749777765,0.03871180793642449435854047,0.02857418871913401658968468
0.001103882729432577531128445,0.03721830599913384524102256,0.03090980811207108894245188
0.01187862607951254735605406,0.03273323007624814179328254,0.03667024307502926572244206
0.01563323524432543368267723,0.03015506292996348453039346,0.04000500958881750279694245
0.01867035662744310695049244,0.02904833787867460923037832,0.04190836573265276782107591
0.01796945416493675104496752,0.0271203130514615711743609,0.04115069324599592015534455
0.01450931271382790294088849,0.02462532862022038734894913,0.04072471617427588647109005
0.004576547360666045026478255,0.02860651715661497937470692,0.03932960880435652090136855
0.01402976994436517382824903,0.02802179633613450723816918,0.04581874822813155473388846
0.01070779525657113151471123,0.02395970416301977309880833,0.04566513116812890432649752
0.01775507233157270006729256,0.02262599321773278715497213,0.05495667789367941757916469
0.01197978690373120366774451,0.02385778393441878586500593,0.05465656443630479560669144
0.01737598514378443578798361,0.02157337454339074145348576,0.05866115845100181719340426
0.002062702206815848326310059,0.02448326375476836749833787,0.05086363634219518564671958
-0.006317920391790493583883404,0.0254221926641514626987739,0.04614529791623672716482929
0.005240828851106524126357566,0.02362310748291336984228117,0.05543535574846351204891803
0.004666684794879668099487624,0.02327857594920994602216702,0.0548570789066301842118456
0.005553642830497897142638664,0.02574650405459900578963861,0.05754119450482304137794998
-0.004789583822929991546724082,0.02716907375605473115576238,0.05486794765936241213832858
0.00865643680544277323296587,0.02773391194800943135301274,0.06343960179901216023257149
0.005223641476495104012112147,0.02673052717080390272563761,0.06525399579834917362930469
0.002565547621599518005042206,0.02593439505235225345236572,0.0622063460130613810061817
-0.0007061180642765254450443635,0.02596221592565116711992523,0.06399345075402126936658931
0.001697648774040149419542467,0.02405605947847959391605599,0.06060235577406223456131684
-0.0001562409400343762219502686,0.02389706768054592617156473,0.06592509343716353165110178
0.001626234268950740640899411,0.02141864963789383291548063,0.06818603997781684522561108
-0.001481922543297350784718969,0.02016748901131540372411166,0.0679075404714281904983153
-0.009711302362927460435360061,0.01748880597577998421976453,0.06203710197178237406578916
-0.001945913418677199966874691,0.01444342126302456189024248,0.06601957084701316758046374
-0.002088382903082336948530351,0.01403244623753079761696583,0.06550662877294624597546147
0.001649381917782031473779236,0.01548184591943478627396047,0.06650918430700768213537089
0.0009605526531635723156213325,0.01396958275091569195991426,0.06511091593422446699435113
0.004248397060327487907704924,0.009993686782504434401586124,0.06719690121973406760069736
0.003515748567449094620640526,0.0159791436097283905126698,0.06482306761431144703777818
-0.001534778962682941923570401,0.01045134882433290147984994,0.0612331277519264013942113
0.006773801970970691303797206,0.007031977551928230568689671,0.06614011410434311732942092
0.007361983608300498409249268,0.011100812265211250362551,0.06776687919385114555748117
0.01048394972530554414280601,0.008319043693041773199214894,0.07158618132235770870064329
0.009211208930875460290654821,0.007733805563883802344782303,0.070914827674183666950114
0.006589891381489584344655075,0.007373626998797399266505348,0.06896903647168815820744925
0.003149535293401877194402472,0.006210739398882664588641411,0.06577354169029801800316903
0.005070297285171805959369529,0.004776069569682393246845553,0.06440122087057784106001179
0.01561559571038463080372427,-0.001584008909524127917817227,0.06729154236894678564606664
0.01532225717603074438555311,-0.00282131924419430028111444,0.0667925175482701749540837
0.01442566060298226815472589,-0.002911956773245328710525426,0.06649202193889508505364461
0.003463430137540270386392605,0.002792204994220455482878407,0.06446145903918470976279309
0.008744476134853254589707205,-0.0005328293965240927122090087,0.06602086404319930379447356
0.007022995047159026442418206,0.002380159062043707592082331,0.06656934624477790773955377
0.01036434781247512482149631,0.005984144138965793134621318,0.06459748394319621278558685
-0.002995751573532445116709866,0.003550795130616111929672263,0.06266623413968105960059063
0.002699120203355001405831626,0.001739459439767153522624077,0.06393713447073902378381405
0.003424135847025321435777023,0.006481270196670281535933356,0.06688378256204710603505248
0.002992041990278081729781601,0.008236615225534447970456853,0.06761254119622187030991256
0.003826539457319459106715565,0.00958635750322984689364425,0.06899688391482869387338894
0.002646603659783365505159258,0.01197672845911755892811534,0.06880409318604881196979051
0.001560035676976583712827207,0.01439044240674784355671356,0.06987361967235695969780096
0.0003764154772591244259641319,0.01553497417232348187798863,0.07160691676879855915860418
-0.004007735882342217635654347,0.01807013865606645758310478,0.07143593849169281584376989
-0.00172906249745179000677775,0.01841877560039901010058294,0.07459480964729446605954166
-0.005649720482215586474239455,0.02021314971431482226948972,0.07223280841804761986946204
-0.005051975018687234267322772,0.02129799888610992356086093,0.07224301509697191037151498
-0.005171634655454793345896736,0.02361785775789420130377216,0.07276685758325031339044386
-0.005346249346149604605993311,0.02166343437441454328196144,0.06924902422505394006257973
-0.008396876445841723948793067,0.02382519762104952712467032,0.07229792645307503429208396
-0.006945361568333280333220614,0.02158775873239893172694792,0.06895272503212042380926761
-0.01616383609558312214882214,0.02510808976545964021909185,0.06497918222995452408596861
-0.01580309606722134566081372,0.02429122319979104896447986,0.06075101436714071961864292
-0.01147506877245685515120943,0.02384123361340194369173417,0.06328151194318150374318321
-0.003718643800763158247663087,0.02095935362051643338632267,0.06727529590734993014677912
0.001896120938537925165040532,0.01764897523170425377991855,0.06950185220070367875244699
0.00307236333532787857583668,0.01578814905036453331010904,0.0700048743752739593970702
0.005919385198647055500165148,0.01759437634362360711182127,0.06856857967601333314622281
0.008580015466233112744753875,0.01606323363659400982328407,0.06862925759213311938111701
0.008456475396063907121191328,0.01885114835423170112638225,0.06613778940378474413552823
0.002996382637919166400802817,0.01547337985399889481730185,0.06908226995625024735581121
-0.003467078940355435619918856,0.01647266172209258319747427,0.06598805951526397206574615
0.007652166599969479655884985,0.01183956959425818029896238,0.06870867114483934778856877
-0.004485874775772729847189702,0.01292915076304177596222544,0.06034913814650985641740988
0.006256868216853449758685368,0.01572467478806088836407184,0.06425702447119331639502349
-0.005290686833360613329502176,0.01446030224721589658998244,0.0572284250871777228075743
0.008576669275343864334848476,0.01542085278919679176834467,0.06621057714452460718490556
-0.003816404192972928238747343,0.01806150039390448658327415,0.06449627409436567426759268
0.003935986061177154313184268,0.01712160378038587310589591,0.07113364684781535440816214
0.004118748410475954642440133,0.01882072673200491097489362,0.07224949334868545347543289
0.002021461343182900504550359,0.02117974918014418547751454,0.07106982514986288912428591
-0.003613245070929933973336023,0.02037999902405946903161116,0.06460717168781082708761687
0.004375176394144409536268725,0.02220544568633394874601628,0.0685580706792407318372895
0.006491997300820571796531322,0.02180067802978484861609054,0.07070986599997017285623713
0.004990011848791619381016105,0.02540596591183982497219596,0.0737065870875174278253894
0.002676259060834994003147402,0.02612780545825308525786923,0.07181931502170715853061722
-0.007857073213976072112441074,0.02524905117080296704235032,0.0632188898352073758157843
-0.01009621331586954898207331,0.02589351614850780164411859,0.0620613573942165319685671
-0.009413688753396575945031621,0.02575561639506253330811347,0.06217859329518719835316887
-0.01254124865895990190156617,0.02450698247112488570298439,0.0602116355767897751261053
-0.01814768844894701707581852,0.02796145367693807920472793,0.06300577732443377043658472
-0.008591994153259455840876413,0.02665491359643272842316897,0.06813848410005689248958305
-0.003433374997334813581023605,0.02516608011033775321729777,0.07230075089076831718060134
-0.00656049585600393132117647,0.02610288738073827941033045,0.06979054595277177364121002
-0.01427078242139747862871069,0.02424814709445748464600179,0.0638000223574222147249202
-0.00906508472028878971304966,0.02287356991184082838364233,0.06633468210203617709819213
-0.01783289739221150665970939,0.02251261262984548608412361,0.06267793169941940356615362
-0.003970720568029304647916788,0.018561136921268941990526,0.07101091128015450670840636
0.004733401145160293435609766,0.01378635757820545829077652,0.07574538034117979379278296
-0.01872951787650522018080501,0.0185789583231251581585397,0.06249203043119935102600593
-0.02135210863965183655799329,0.01918625557973754544582867,0.06434906718519071977535617
-0.005308588263916454164093039,0.01484503642111653295976303,0.07346108194612256669930872
-0.007203026612908563705572895,0.01474300735436028138292119,0.07112354222524056024390404
-0.009351870203460264235895139,0.01460352617992393721435551,0.07079759780245929723374587
-0.01816577370754723919077378,0.01181316446173936128560822,0.05995913343717064469817757
-0.01572209539678597056688858,0.0135343502765772460277871,0.06200677755973368898700926
-0.002306997010888049877419537,0.01017618833317628958268219,0.06861983123045901911130073
-0.0002819012141939361711616419,0.01042024078551431580386133,0.06954574276091418649770048
0.001509945363411820768925753,0.01094073883957183586368433,0.07180230237436573126341699
0.001929501287728482448666223,0.01118390416417335865573168,0.07211247798956610388643185
0.0009866067273347394264715327,0.01375508887497753178486004,0.07133418019072351734521931
-0.001904537320184933454556009,0.01707250758753156572034015,0.07017341925756376275202797
0.005418118764977200921273415,0.01781089489757180233109324,0.06848227549966076632692591
0.00870772767567802065402649,0.0214894061544145288655816,0.06856645800713240257451275
0.008049531712207201594733164,0.02347597432996266497706728,0.06743382360788778562277201
0.009125430274700589011738217,0.02996336956568397200117992,0.06547040899433936855800198
0.01550244001571551670515259,0.02390510015204373381325631,0.07322595453614250127216678
0.01240699441250967156868956,0.02714611137923938349869601,0.07185546067180610674274277
0.01129369435879086849827679,0.03100077326108919423264254,0.07410921468553494095843348
0.01430971455929897634407055,0.02959478543210303583266274,0.07309755878925458527639591
0.01204994632038829290021642,0.03213589437399764353608944,0.07193704341368729882066901
0.01341613906448341393684576,0.03071213457820179057455867,0.07167326336660467811512376
0.009920919252526257114954689,0.03397593286007865448494769,0.07201228532154810291210367
0.01309965529901729007489219,0.03307879963399158046444271,0.06998036285475386919507912
-0.002119456460405339318087137,0.03726411893922233070641781,0.06523999742060777873309263
0.008945240983834345724345916,0.03646290574967396558303534,0.07498810518778210865153966
0.00923440185844471086995533,0.03514614669501314042632245,0.07478891330528034120384007
0.008450599284228105939620335,0.03548165701960740575637843,0.07435603488823390450068729
0.008241310557812884379780272,0.03527389300285364848175362,0.07347259419759485932210907
0.009577751165842961558749558,0.0345386685596825310229363,0.07170283048271219872304982
0.0099123809304079244647534,0.03571970752318658764989934,0.07343528846247758534726557
0.0112514012249662932740879,0.03250746837055593779775009,0.07678507310132920427037106
0.00973535086541673332083402,0.03000874869595978808312076,0.07183490629116430492562273
0.009281898380770991358046373,0.02927302152979997448833949,0.0739139994573002473421397
0.006238160610554333192212528,0.02754637795023556420814792,0.07258370126176930114958452
0.005035901615436725632657389,0.02759177890112903333563743,0.07769831059093131042647684
0.00407592099392039847877145,0.02383667082016706698088804,0.07519537492922312438281551
0.00254367457376676120786585,0.02174193722301015485598441,0.07559212894736069832113401
0.002504938345713747516185776,0.01848178166432628069526523,0.07352160127862140959198456
0.008062792759842295903238707,0.01696023943947684922695096,0.0729244039732380444629456
0.005370646373430855435859854,0.0178738175993435229049755,0.07339765232592944388390066
0.004306444086224020528774759,0.0163881559302369340935801,0.07807129548694316523160808
0.005613211250387661020722074,0.01624165267198469236875624,0.07801837901534787456103714
0.00463367710936300400415,0.01379324073626576711848468,0.08060338775066160088567102
0.007074945052623335395303172,0.01722955343739684605508522,0.07187000402231467910407758
0.002761358389679715794051695,0.01131642978667780213841709,0.08282683479503842594038332
0.001090447460601935529556084,0.0121082718145631863110312,0.08211783758901392005213893
0.001779288741504399511822454,0.01040090571043992759281416,0.07855652504803406488420592
0.0005961266027492671554927073,0.01155701445391148912689161,0.08228619058816689924018561
0.001969778960901637926417251,0.01741503768281737335454906,0.0718500055288260469632533
-0.000911125790307628193390177,0.01110835033926066243992192,0.07945571772177556502114726
-0.0005573230140110119450874704,0.01064784570116970342790186,0.07692271866535078939097758
0.000405393055941520444925702,0.008415304464452278906949623,0.07683268288340044938067308
-0.0004000630587008403393593781,0.008153216192473819456942863,0.07742085214769185708139076
0.001685250082223087829402797,0.007313838270986416055519097,0.07918041491109786833568762
0.0002752303242597617881880223,0.00698895021439598345541766,0.07920386758437064633753266
-0.002947636513289662082287768,0.009128641658283533424911305,0.08232022530830628015419137
-0.002565404851495926147331161,0.009272812440227857708197057,0.08411136002418091728305427
-0.02277027366509781422521108,0.0132064877444597519179359,0.07169396794177670950709569
-0.002615453005927624065274362,0.008434066814732769576390403,0.07775636623289586268903406
0.001108103327115607860883784,0.008857611206596739325536127,0.0779524996510813222849734
0.001893862569026601508359597,0.01169862897058144939055335,0.0769659267721873457945847
-0.001071154138904502643378502,0.01375861201786224112530999,0.08282847622869969617109831
-0.001167926266806251041005527,0.01415655439577768667791524,0.08365928295934788039289742
-0.002839327213355468705613394,0.01591428633347640592132777,0.0838150929761408147733448
-0.002229914758474762538631442,0.01558207189614974064184594,0.08375945913607699133685003
-0.002823660698525347345633207,0.01713292644519577231920771,0.08423322258857061928249976
-0.001369249629412569490075069,0.01723804773975613074954438,0.08532804827755428866975507
-0.002771611735239509245742884,0.017969633322510988882037,0.0837508454200039664794275
0.002406230524232213282415094,0.01665252097502332995215824,0.08067597504318477219520389
0.002047637652344108140367585,0.01472533162171888072855541,0.08209081174540149017371249
0.001364684832531669594207768,0.0168877788825889108004219,0.08787493266094933974663661
-0.00220384671375217387409573,0.01827497515247736986632177,0.0869166419847252486041711
-0.002929401337356665052658045,0.02094471997063090257240603,0.08837425460617803762986
-0.001171067475582265437344942,0.02065540900569924967489222,0.09114161553846190921834847
-0.001296913869309968860010773,0.01994357382240674256279611,0.08279176014109060344203783
-0.005385520526681051613204776,0.02326767254611888588455848,0.08874757617170925261262937
-0.003004112656129540211147333,0.02146234363903761627190292,0.08311552500167489199167647
-0.002559174222335000668110405,0.02226051301907832832838174,0.08868077433941665144168098
-0.002274377115948869165079627,0.02338898568236053715496681,0.08785968307865853199611905
-0.00142652611407895115597233,0.02266943087515225357941873,0.08944107870645721936053718
-0.003584921027847427082990706,0.01792458918682723889581609,0.08343030492748437776384662
-0.008291685767648642596538977,0.01638945560599005049629007,0.08316989879177827393874622
-0.002579549205304956620288248,0.01673875372512099307664712,0.08984738690607402267218617
-0.004703510519444566509439376,0.01845037528554114431011968,0.08941532918123917816899393
0.001173911107548151295729144,0.01461854827299787634720118,0.08845103870254469868861236
-0.001827147301159871015455161,0.0156792426850962327011807,0.08515033220579694417384786
0.0009125244474634167492557713,0.01178140963967682329494036,0.08423361115708201396490296
-0.001416580804327242145562726,0.01145360290281468088058325,0.08436986836822228663645973
-0.001827863231885038398233378,0.01013046464503600078976842,0.08575343594231679689166015
0.001494154377180029105026682,0.01071257427409430008913294,0.08630092420479268389144067
0.001365113941148087895252616,0.008505502692497841910057588,0.08561070036181431253119456
0.002572032531126270272353596,0.007470523143516781539030802,0.08153371562005475026158052
0.0007042137383441686568005813,0.006395197987166630591848726,0.08261395420410214129880444
0.00451869325344178389414207,0.003879044790701920066705588,0.09125492971160732713631347
0.004328139896240769043944674,0.003784909983207516200737208,0.08942926545683119177176934
0.004083719948673913274772573,0.004907453204923715138485729,0.08555751853716944688166279
0.009196730157836180072350452,0.001863760587851533622946731,0.08919376440172314957077759
0.002617656966851619054770239,0.005479566976305776625222332,0.08727870508802869353726095
0.002368346259725803270440592,0.004799645842027973341448188,0.08527378202853275190875593
0.0001555100723938623418895338,0.006256433001561020022796011,0.08585372596381379839414194
8.168918789692555435487387e-05,0.006761309411693647124230733,0.08580971611929048836753253
-0.0003597429033620287621569878,0.006777150503115464234837884,0.08806827098036142109638291
0.00543322957194226213717414,0.004793322282064679806801166,0.09009392825040093977229105
0.0006064111761953729128407642,0.006526943709283601798010199,0.08750488290547596414992171
-0.0002879255453276785407280836,0.007521785907476223956291683,0.08566832814896012393557356
0.001457504894653843070459476,0.01016848961673187147491948,0.08814813459585489618941523
-0.001303298372903729206162549,0.01118747101848643031585251,0.08685844684297833184771775
8.423832373110826110540472e-05,0.01051112224026044990321527,0.08678531349427211216696065
-0.001896643298698034562493886,0.01085856995415407713623246,0.08638579516459653218074521
-0.002371175975797390478305715,0.009572300709920085123871836,0.08607222579832540798605578
-0.003090480864669044314130275,0.01173663709738455643294408,0.08816646279129899954618566
-0.004653821953044790481202053,0.01054511072083438513735665,0.08908185180861928620377199
-0.00716284541408042374488474,0.0130979667992846566387799,0.09109510934495354539386369
-0.00418745202148579614281898,0.0137823177323822855522284,0.0915409556293232118395764
-0.006756807891529367782190718,0.01449275194876409843247611,0.08709219395536781094246948
-0.003323049116658124361306514,0.01450520032280644584787854,0.08951780097399142377412318
-0.003227564874880688768760129,0.01330794234185852555063523,0.08752659125428866038198805
-0.00368206091769735606097913,0.0177344344238292671300794,0.08051583380353848073962553
-0.003195258552217216264229593,0.01504284741108275966214869,0.08757890309305847720278138
-0.003996989372637452415937265,0.01825081130806461768290028,0.07906122862600804823696166
-0.006364050183618439465726979,0.01800820046139655142281022,0.08562225351668023565210319
-0.003260879163516445990861348,0.01745640553031102201742009,0.08787097375202483628964245
-0.001051976967702959687642195,0.01297986757726677341240329,0.08336215589979041606927268
-0.0006631036040234980586532965,0.01271872598610857343914837,0.08352746822089782141596004
-0.003243410715328591455847151,0.01259972463135871842410118,0.08455936192990277933123622
-0.002395868904007377852422023,0.01209528714004350080646333,0.08361241736063687590707616
-0.002044343959122984274306978,0.01502125534691274404142103,0.0853644835085871078739217
-0.004621657711704816109965499,0.01426670166159960985441391,0.08855924188423434928463251
-0.004159062961587889871439838,0.01176250054192637221894824,0.08690671249865958292168955
-0.007399938823218924453806178,0.01202936333851408606809841,0.08795097406401099215944583
-0.01676543056803103670659993,0.01251590739339426307241698,0.08098460440863498865926573
-0.009742266574288173733298102,0.0110795269176826895185517,0.08730116052524215797259188
-0.007320028650240324383235979,0.01089571551337830540573393,0.08952203946650491572789576
-0.005896837714251457716885252,0.009717421713244302552969778,0.08637554863678290062445342
-0.007934783802417121403860456,0.01034108087773613800230965,0.0885720028407281090299108
-0.008187245410452159352643342,0.01100303165679238949492547,0.08885160094017485743478346
-0.006062487969843834666183735,0.01152002798241834671810757,0.08917880023288553281712865
-0.007632720535194616011398505,0.01345343775290201542016444,0.09188100182323689912866627
-0.007547965053008661058531192,0.01421304553359415898117213,0.08932529566873553816819253
-0.008758335038165433392154391,0.01419789205788880501191151,0.08717734737126398014694928
-0.006605306294373208125803032,0.01615072491303697066467038,0.09055403542791605475681394
-0.004473899022700470774760451,0.01554281406186220487741778,0.09305050950017010324977207
-0.009166230747429022357453121,0.01634989850641605652059596,0.08842208903182083301608429
-0.002351049588007585351701056,0.01603119544129353452044384,0.09105747631635104089031785
-0.006707652389276444991617065,0.01653722374030409600353941,0.08734083421939638214315238
5.84894398115192912755711e-05,0.01560424923579742731427622,0.09185781489270913868772084
-0.008803101889570296573195307,0.01595404678823009528287891,0.08684327418331920511729294
-0.01016185053883076998271218,0.01746385330468443186635596,0.08422450825448260514072274
-0.003661764509506043336478642,0.01453871198414148808997215,0.09206290700361076384528047
-7.310853744283622550337309e-05,0.01453854162785357152787302,0.09129491754714078033394742
-9.565518167703378703790873e-05,0.01239907887791947584121832,0.09393467217047239692373495
2.589400825878484702796158e-05,0.01464363131392331686397856,0.08339289092510517031886508
-0.002019332401553261113064108,0.01171707806098890199131279,0.08903919255716567782155124
-0.004288032159896655592934422,0.009621261987030272494481054,0.09132214777802810656837096
-0.001776258266608555505192135,0.00993473208176963093474221,0.08862474513372689544077332
-0.002695297852092680846586292,0.008894200935180656547585087,0.0947894224183205569289612
-0.003071063297701329911776336,0.007758301642774455622597607,0.09147279558789743469926492
-0.002985776004706986418157921,0.005787285901471326925171734,0.09171115934204086828085423
-0.004494412173069582683293532,0.006187206759709273570790877,0.08813111483884970842606066
-0.002549860702153743715475676,0.005271937068909643593628278,0.09180638555134912337507558
-0.004300972441263361915886332,0.005780915509801402667189318,0.09216543899738761924655961
-0.005695443417429832573539716,0.005336536823204172594325989,0.08974937029052910963944356
-0.005532520367039564512801064,0.004426802392999184924959888,0.09342014811297520704425068
-0.003556223497481688939486633,0.00347732939462375286940321,0.092022820040625383231081
-0.00516696447531668229952162,0.003806568041624506116421545,0.09265126937551276808946454
-0.005083702798247422861843692,0.004878735779613829585954488,0.09443268386179909379407604
-0.005342909336448848668654765,0.004413604462714215692642483,0.09196955529009873120394047
-0.0003865493930945245707082869,0.003650312190506036901654907,0.09437788728232375523585773
-0.002587483588387238034322912,0.006802626278468387223397063,0.09528828591339226494749681
0.002145987408186898152268052,0.00526350308226738658468058,0.09559874039902220566045088
0.003699451909634880308191951,0.002995612469585811135641684,0.09098505341219667585939135
0.005718152433418550832644467,0.003986870552691050041682619,0.09742470168294647958617816
0.007996408261664089689446655,0.005768955385525680913672009,0.09350773600634089410821304
0.01192174817667742900417771,0.0009813269711678514629210612,0.1037439138898485213591272
0.008794867551934610477859522,0.003167862844155601778628473,0.0955558282405556264071933
0.009049838053445167715405084,0.00466196732237812890009554,0.09575403285285283283556623
0.009348178769197917556410538,0.004621849766995866914953695,0.1000920755743330420317605
0.01085989736969574480374146,0.004221343109659250227017058,0.1012637220037779367531883
0.01163883104554316351431087,0.004268180750243290126622053,0.1008973192058134210613574
0.01278075133651062483819416,0.002982510174910718570018275,0.09405766364895601361340027
0.008729797620970947483187707,0.00526179468131987310847153,0.09706547089416735218936338
0.007847042204752784425036971,0.005716106226363074430119049,0.09700641389904825218071238
0.01124539746347967897333042,0.007887230617418314673749968,0.09337516322339453611611759
0.009128801334999457617325191,0.006681888408445088925469157,0.09580694853748168704488108
0.007744573226170221695585649,0.00699207263715747196625161,0.09717374317397166338938774
0.006633763807913221552392535,0.006566113728579820764397201,0.09793985078587938430949578
0.004162690300441009016996219,0.008248472627844781121519979,0.09619219083283796212224814
0.001024464960300260638406677,0.009414819075401131137637023,0.09527203334919180643947101
0.002305557870419137119627484,0.01059541080952748452748136,0.097185016212590513706715
0.001041388098357061290158421,0.0113423372082887500417181,0.09617068664001626743242923
-0.001320857618052314122469859,0.01321370349630855180189659,0.09814425797596994238691792
-0.006747645690337338540698564,0.01304144778305965299280977,0.0959873497659848445850983
-0.006705909189884147816873572,0.01451645131499218303872123,0.1017539809519514837354848
-0.006198594451965003596094483,0.01468039770803167103074838,0.1012293380069740345028606
-0.005763206325654381817491512,0.01651500072241004687945143,0.09888840465972041637865431
-0.008881065948845665719568743,0.01661092973160777086505391,0.1003259484986532140693427
-0.004139966818478980903339703,0.01497776229298763972508368,0.1044399158646206748901619
-0.008858847078630611993066424,0.01611943971355498869679757,0.104094595063537187495939
-0.01044929604737393144531232,0.01602813298155966389990645,0.1047624387808034907010324
-0.01058714911137436341659335,0.01728370372921441897040573,0.1023531577395963981791382
-0.01631536886905757266497119,0.02133577990047825015396121,0.1003316525249233759353729
-0.01439257199150931545994503,0.01809240513165746855328564,0.09907367522140739235503304
-0.01910571255598907114414686,0.01892635141813707108648934,0.09834021986664975845116032
-0.01250724011043026148715107,0.01834173694508186777674119,0.1041044437149341583825901
-0.0119279340567050272381433,0.01771947710859729865906509,0.1055060929575236117194947
-0.008988082349757470917994695,0.01610129578524362864433428,0.1013354481250542671322279
-0.008394878365764253669301098,0.01509385498622931552625825,0.1015501137262227321356178
-0.006478168882806160933096606,0.0151365101629195291516039,0.1018411030568364683546179
-0.01023439959622217225454488,0.01810509983987591831056108,0.09985236254362196695044673
-0.006479971523496443411294088,0.01410797204071803818969943,0.1023899742310506871811882
-0.004022707337877695805972156,0.01571433237341579233770084,0.1025404724423603641803027
-0.001710794461241983048863102,0.01522232690729206742996649,0.1029827124425077844449561
0.0003172339538754533863791629,0.01536966089578340778631915,0.1018439464239018626967592
-7.652649609873399803340599e-05,0.01498479112515922230530752,0.09827553967962969483362912
-0.00293693938734434752471647,0.0153842744535776041608921,0.09574244709662645125280989
0.0006136654595892749490884666,0.01484225172687712347718847,0.0973939367790139232106128
0.00486515727253848759975563,0.0177993649597965389319576,0.1020964962315285412541854
0.006687099983967674000917558,0.01798387083036040445804815,0.1027744116748348784939893
0.007685763518868677160456038,0.01892406465180153374294747,0.1025525011240429884562531
0.006285486915412382032120053,0.01833645795096517858158158,0.097091259192115211829055
0.006882289537659551197090746,0.01950747302845688008199332,0.09774444531715607842325966
0.007451098625844316224176023,0.0200728147857308393542386,0.09848008757430515291986239
0.004937497260704001682263264,0.02104606466009667498084923,0.09579659569845301592128095
0.006301622956248215806640545,0.02368951247207382732051784,0.1022231801399234862870458
0.00454023741968861277440439,0.02441016384139611805625947,0.09692021645967273391075736
0.003939716680357198755335624,0.027136109294122037760566,0.09282575996027463138826619
0.0009447307729742570464592788,0.02777147932735889862554401,0.09121725225335346187716112
0.0009336216342921708002955405,0.02839142875150074338264083,0.09301787742573069950324793
-0.002105680074196063320673966,0.02268108217521429617602458,0.09462166758671682054160357
-0.004049814514577117566251907,0.02569289355366924376689042,0.09117737162478115053865224
-0.00656876613773333794393805,0.02148463024379002050956444,0.1021113358247368457787374
-0.01111893239588425744135414,0.02179566099174955196016157,0.09968685957611762848973314
-0.01523863590174933183019057,0.02191995589988219444999018,0.1000054345079994105871535
-0.01642187162418006982078644,0.02163568265295022496896848,0.09988705983107502850426584
-0.0182819029847853843639971,0.02104741093671725488123414,0.09804606988694530844696828
-0.02679801037970301613722057,0.02052010760980186102053757,0.09206361914184520156556601
-0.02617807466518822304135661,0.02216311505657126562640613,0.09219506740662007648889897
-0.02261732317739162390068941,0.01826398088012481588093827,0.09264269487572621142312812
-0.02503340859455106467978958,0.01757573046221197476945974,0.09041285313419250568856
-0.02271193618728521018690358,0.01770934854040760383919739,0.09303592496562679281524311
-0.02736388199783404071019355,0.01857501974991097176692634,0.09050598981804701403941493
-0.02342042463497305201935994,0.01670001913712217470053822,0.09451112148737290941102884
-0.02059200528081077397057896,0.01643220286058616821933676,0.09781928116305224629734028
-0.01917704256768196918736535,0.01556290065778435406651514,0.0983972412509236948885416
-0.01772917448496265716006981,0.01752090596328977761819701,0.100602442901364177996193
-0.01420483628705982923068341,0.01709707265757207106382509,0.1010795375788853117660082
-0.01704005049067324958911307,0.02031960514622667413053847,0.1000390461663145658111063
-0.01339380098779215794158048,0.01909362888443279226979854,0.09996300033391446182573503
-0.01082634513537198729660194,0.0205814471711358304428785,0.1030405600215886924297948
-0.009506661344496252288860383,0.02288198835967922631362548,0.1015762663934945408961141
-0.01041516556417481156882054,0.0231567654913085452239585,0.1001771070193070573006722
-0.01049345804103127624551384,0.02633105227033941467262856,0.09004227423361485516117853
-0.007309056721669739131730381,0.02527419399606906091904079,0.09562356373264220554819559
-0.009166490013906505515683953,0.02914148803231455392426241,0.0907165561751249321931212
-0.008202143598900719229094491,0.02847916540875020802170425,0.09149900003386077229627915
-0.01000097640950906377477203,0.02705734130500010367614827,0.0976030110650581428366479
-0.009576461812198372447468842,0.02946110848320025038526992,0.09121630688787631113800813
-0.01044532363524101198359872,0.0307263407501232356511256,0.09163038261902542447323583
-0.01070970677360247140519345,0.02681382322299299264534156,0.1003714303540167579464892
-0.009389306635882081406019317,0.02589804650468517654982037,0.1018423639197086477681253
-0.01221439060576659171863945,0.02670271903044891745326872,0.1004956487982294616179146
-0.009293376019249224503915308,0.02546175134200319087329767,0.103263482959177532727324
-0.007001388148910540898395283,0.02361567538243075289883244,0.1042978565353629566425653
-0.006693447305658712688514189,0.02366712436327256946499986,0.1045007111793957998990834
-0.00745945009853731660909304,0.02439960512672160672376087,0.1034636780938401473539656
-0.005720762918343077693683618,0.02281131125096428485798938,0.1042627778089266488148468
-0.005100899682295476078586205,0.02461889196171388599632124,0.1027050392856732052848656
-0.005669225380638441731673272,0.02776493378765200817359649,0.09980015577305298424271029
-0.00411864374097624212633928,0.02006263610257009305515297,0.1055684721219232180544623
-0.003923025564570113005169461,0.01960243672075701396040337,0.1055987965133333705836094
-0.004360682717208698953859081,0.02070823753227117938746638,0.1049626829609960343425712
-0.005598254116701758056895422,0.02658343108767215537402429,0.09675201191694607349980117
-0.00432044324079346175881966,0.02006671992849458005525598,0.106551742211755021139119
-0.004512849045778374347526185,0.02024555683949962048284732,0.1062411554467167923432314
-0.002827558966957541362191586,0.02111769122252507915882269,0.1026039769487602365538592
-0.004625383730218010462642564,0.02073098325173387823650017,0.1014506793307376336654713
-0.004556878702680623206833221,0.02037067428742985603085103,0.1018370069638175334780783
-0.001448480278136656321241738,0.02198415227972963861824418,0.09900762403707433212396438
-0.007309347889351462158880057,0.02498481920707998696351559,0.09786861122045005523251149
-0.002700944269436559262709263,0.02161471403638387869805548,0.09882545298450007287272001
-0.003723847518810267064048869,0.02110488247161757327519105,0.1087077689207464198384301
-0.003044828952602215716566336,0.02201554392410676880276199,0.1114612689025978181645016
-0.003899980727896217198857887,0.02088293973724300589545066,0.1139285396476662909348576
-0.007413781041581473003898584,0.02182630235899229304008529,0.1117230109408795801773095
-0.006806224698791224145266732,0.02384221425619544379448378,0.1128642792428464630694052
-0.007408892237302744550320188,0.02531937402566946521131896,0.1106091279917207764738052
-0.006926041059477967658242203,0.02619061089354421389963079,0.1118123563874098558290626
-0.004464334481422757051893857,0.02570541681849225143507987,0.1104361033592129587299624
-0.003550274556891205857134253,0.02803455012822644171199826,0.1051832428919012435430957
-0.005503044281504214374489692,0.02699615312552721899108654,0.1104077049311684710630743
-0.004290691573106480798116547,0.02794910488502376846864372,0.1137660210526393045338267
-0.002611125351989695801691038,0.03001216112275837885614571,0.1148647730212598166987803
-0.001673334212827341750326471,0.02891538963411711959938799,0.1150184738108912807508233
-0.002167257811435864805343909,0.03057599564165126154735574,0.1133922534904160533963946
-0.003216652299751818384898616,0.02968496627395654854919549,0.1120330049736179001129699
-0.002087245912735024872680656,0.02851098770983923405553107,0.1150372047157657978688761
0.002420139405501679948085059,0.026728528485251649288168,0.1154209937993211088080869
0.002413180919849695557632963,0.02576298553539536212442229,0.115464163468292552172656
0.002576212661474374440023771,0.02446421880159744405291988,0.1161844134939385431160019
6.92444684049254183819469e-06,0.02414875830312451440717858,0.1161570518832191895031158
-0.0001741973935985624739614802,0.02102283563935376103914976,0.1152328899189133254443718
0.003396338637573933366686774,0.01789857325054854467194509,0.1157126401583164349018418
0.005301404406468648682071443,0.01602110305959739480763382,0.115125957431104361528007
0.008443661260063146239973619,0.01423892901510132209808024,0.1152386178734302601966988
0.004413263484842291917154,0.01297335316529503804194867,0.1114599503483877790399603
0.004680713635949797571389475,0.01114553138010734682772362,0.1099906264588314946939462
0.001040396450616375015676973,0.0108482052831094261807765,0.1137608867099064169359224
-0.0001090426826596345135029012,0.01122473158078006287563522,0.1151747669374708626932602
-0.002269990648202256568882751,0.01099254249070312668135063,0.1123315306380796158025603
-0.003451695843044195067400581,0.01066542781695400086972025,0.1202878861396004944728233
-0.01081738526696208839428248,0.00985011559273844990169966,0.1104822151813002750753157
-0.005770134748406207346460572,0.009625438150653939026191175,0.117293154875790658908663
-0.008319051597686925175745287,0.009651478362353381468263791,0.1160060765040367009026667
-0.009516718163607306921192297,0.01154631474145427147415255,0.118570340290011580486329
-0.01107161194160879297276878,0.01116464029256750666030396,0.116278892345955703335747
-0.0112956865396439797705197,0.012545723124565895736926,0.1177936513221826686503846
-0.005066437753756909342928161,0.009080347240637819464237346,0.1207514756712366049695717
-0.01120741444330710170906862,0.01177940352217959549263604,0.115444649946496447068256
-0.008366717585509678145605506,0.01425339352710833229487264,0.1227564634187026798572973
-0.008198684847954700732897138,0.01188703914110776117818435,0.1205028025273841424391819
-0.009984461768197549005887659,0.0119753291145363368469523,0.1184239406213149214952551
-0.008095453404050389351054307,0.01196127321389973269250007,0.1203373976182384036404116
-0.008421427492536546696721977,0.01234263256567563575571977,0.1178292630815896274709687
-0.007393567521807658908528094,0.009758642718270704730088028,0.1156161118209909216547615
-0.005382071708623639358370916,0.01155446697382113245555768,0.1150175109062423900452288
-0.003202683149651513409145176,0.01031949180063189593081763,0.1159549017495503653307765
-0.003003139827604927886844921,0.01033451205282551882413955,0.1175119055541773011031026
-0.005421558828934031591673115,0.01541874256304544971163395,0.1188101641126737689768689
-0.001840550517591877169309988,0.01274553057710631903676202,0.1202510987074749126968243
-0.0007723076974259158100286071,0.01381443973045166050128696,0.1179719610718188843589971
0.001843667310133013676615166,0.01378902006731527914162871,0.1190146511011105912025698
0.005944497863543956803211721,0.01359223892679406291150723,0.1180845833639257297376091
0.004490329239762663217361283,0.01432287141071729615060537,0.1135749004590909938539056
0.007041123753238912909291347,0.01317218502053766650272681,0.1138282815569229416974295
0.01110619290607540304849365,0.01580276298196562484443817,0.1138027370893320705524943
0.02097966411200023403860193,0.00957735803396154994349132,0.1211597466860968447255331
0.009938340309387038926103308,0.01577833981103616764474218,0.1169624192383781485782279
0.009180010487889260842320205,0.0179014344198371033733963,0.1189884194411878898245405
0.009179675445847090137219126,0.01719174004489790533178883,0.1168987493386703935271953
0.008920759866250266290066406,0.01578989156859559803147697,0.1182874849517693005562791
0.009498316213663744386752619,0.01747056935470514896224792,0.1194909457034788180518348
0.01072350734206669632675446,0.01780392498642272003372966,0.1210526704342649029211287
0.01049363060995591595547793,0.01775292424335397217793897,0.1197369054341110988781693
0.01473915189422268963437279,0.01738598296878043555913074,0.1204345601107078694846919
0.01404156239012992017645143,0.02226943984945441504241792,0.1218697309723895394473203
0.01525835954599584314006488,0.02200125993510739993985759,0.1194586055830101772867735
0.01434818387953222182384927,0.02140938214379201065540315,0.1207139027539782943909685
0.01425801342269758173464389,0.02093371379510646987376354,0.1219122477314492358768661
0.01401723484446357366473013,0.0206226270669843669836041,0.1224680327035521931744455
0.01319896545341813463847469,0.0210749538200808543553233,0.1215787646409718508744291
0.01497053939743758776970139,0.0171273400862781942366464,0.1196019858282867526222404
0.01445285921847438287413112,0.01906703159938781533266905,0.1197670854701670534181446
0.01726905190204353415794891,0.0169731922212119391846219,0.1224727624034052803070338
0.01733984395364039990394822,0.01310759239372755353969513,0.122763147198058059084147
0.01527546678121994259968996,0.01040286741816216602163347,0.1190539591950520170726691
0.01707455663945477500331727,0.007641786707866505233555099,0.1202099858994072900664207
0.01721515088989866715252219,0.006488255292991964955084949,0.1222514922593878755607832
0.01411521896126979348784491,0.005992819908108476360808492,0.1218401973961134171497989
0.009603546376017077848552539,0.002882769188321829788301809,0.1225279507256902961076506
0.01102094280192944530938348,0.002736194666843347854390256,0.1251803364183213806981598
0.009869677078459001759447311,0.000655047677334332032611508,0.1213736809704442365376309
0.01054796100554910263935593,0.002176811802895104418220651,0.1213482500008426362425595
0.007573696076148644235059848,0.002138893182036718382255103,0.1213205244445869496194845
0.007108119817518208059803353,0.003736385807452687231322574,0.1224033036833102050522371
0.004620308586694040625664215,0.005724140513398362842267808,0.124769663566592969861091
0.004734265406263361147809476,0.00502571542816183589041934,0.1224466247727999668182264
0.004687192025050655741491568,0.006948096571634521795290951,0.1284315123328863272877953
0.003045160825715792062701182,0.008612847175969381291471549,0.1242087562663634486836983
0.0005468418947777957525233083,0.01542666377857760708069979,0.127770131951259746649896
0.004237143677314303240322158,0.01262755940137970378511767,0.1264251719246411442831857
0.002812285907252026848773818,0.01274623414983220952290122,0.1236844561037585693563656
0.002008042794639532373918156,0.01731172446579046578229999,0.1285507597108428157195448
0.002915760693980984103595988,0.01522820497594016414533158,0.1255038192856388623575015
0.001553149545210523408897418,0.0190449734206150841919758,0.1252169579749976280336199
0.0005824346995601136682887966,0.02050753697188785473759509,0.123437201155249018369453
0.001189682151965672533486251,0.02114631366828871247842692,0.1206985907542601210717947
0.0001479092058938174809434168,0.0213192696266686042283478,0.1218890495777651822306709
0.001391324961041601323760708,0.01985563115699317052187389,0.1266537512413242749786946
0.002325568443141023955433866,0.01974933508162330861313016,0.1241010419988623492137947
0.001630515316584043618297617,0.0194222319675364102353754,0.1258146273499461120781717
-0.001394696809285403838601924,0.0196971959093033346932522,0.1269881017884458007660697
0.002107709937258539154014692,0.01895471997396905305954817,0.1288611533342013670822013
0.003528026902145646025860115,0.02019108846288911879307548,0.1293473298621060363355895
0.005017775735158280965564348,0.02083337134717497610147952,0.1283931296818243694701778
0.004535942116934649735726648,0.02447760205044062151169548,0.1294290053098302306633371
0.01020326912924080474398547,0.02125739314851615019419384,0.1293990302936801617406104
0.01045521780984452406282337,0.0219709744128091348513987,0.1291288460869199350433689
0.01233717660938676331794372,0.02184913748320292323223946,0.1309041365467579209891369
0.01547064134793685839797117,0.01996881530597295270612612,0.1284348244810089023637545
0.01599827297269970985404974,0.0204323343733201871763594,0.1316858033330123300963521
0.01775820620088618823073645,0.01922246662448217832674935,0.1288687723864407885798755
0.02187924265274485829957385,0.02103251353706437135060447,0.1286094522644129212185504
0.02155433627065993229532381,0.02009294181921126437595504,0.1307272915032152149628075
0.02175687650316317570120539,0.01665453435172208410119943,0.1318341424174649112455171
0.02241741009192254122095456,0.01592483946813899597927389,0.1288711979421113262844756
0.02549934419145107045157062,0.01410349684294422492603083,0.1283938880684866168380154
0.02702839933383913498254891,0.0144588770636233480970656,0.1335367385025754694005684
0.0228329189837409261831791,0.01526530861318136506055154,0.1326538040101300219841818
0.02179288250681219937798794,0.01456325098589468687582116,0.1329274022741379901457748
0.02175342492947469896780177,0.01239675247859463834421145,0.134473299774569565734339
0.01956187432872637591008136,0.009951771896258088459519264,0.1373027745922324738270248
0.01657498922864468135496274,0.009881488802898030082699776,0.1367657001183538723054767
0.01278841778730434829147722,0.01110354102164171768984957,0.1353614147388042254771534
0.008934371087545196765677957,0.01124010330247361862110456,0.132647227368354991838828
0.006425919266853776477821381,0.009698651074461633880829936,0.1331916058375576528138851
0.0004806776479976684283285104,0.01146236863225053199955017,0.1396393002606637345763829
-0.0007921745590111691501591928,0.00968563219314111378821508,0.1323994159897523836821875
-0.00223949685276032730424367,0.01230189195673834536004509,0.1262172282175876847354346
-0.007431424573554336679426235,0.01083774760421233815388398,0.1330094857999750412869133
-0.008682127777995384682041546,0.01225590476827558353289938,0.134595162088852859927357
-0.01082081150164409567848711,0.01218140735001166721773735,0.1353819738787802873236643
-0.01165029552670452522855626,0.01243598240251094465269599,0.1365838072789021528929965
-0.01453535801448394178259083,0.01312571177366312139001003,0.1386709211874970482103464
-0.0142527314840783583815842,0.0141303214871823946269247,0.1376504994057149156017061
-0.01683671182896424520225587,0.01630797690172543223940949,0.1360444103819481165285055
-0.02133914424237923559979357,0.01592125675951492486115413,0.1346709911022244132716708
-0.02023945431087852478424516,0.01469057036776276470302349,0.1344731518903164724232369
-0.0127541389711112486404776,0.0144211780188885640985319,0.1422968658691572962915473
-0.01300859206584985446053526,0.01283578832838237586411179,0.1415729676876219256254075
-0.01805786561174734655699226,0.01648400007795017274681015,0.1327385627800636846984617
-0.009870047602710584414009709,0.01731204022882019272211451,0.1375805307544808731012864
-0.006264464515757825306685458,0.01520845837204685448151853,0.1362052970745596391921595
-0.0042797386434521300646594,0.02296144977364458772406408,0.1301101644869119278169478
-0.005305251863654851171570037,0.01774462866829555618419789,0.1359172741120445448981258
-0.0004390580371214061923546002,0.01643062906122998850788619,0.1425812360473077966549482
-0.0008118996104889229098455772,0.02065146093411796349159637,0.1441212493271995798149732
0.001553833268032075391046343,0.01877699684011858993759603,0.1473446864823642898922884
0.002470361757902355369365122,0.01792074404684664695741603,0.1400130767631911909987252
0.003051065421889089142315488,0.01975713776369587143522111,0.1384916891022694440671614
0.003587382095290789218999805,0.01956780947209231166783461,0.1410466082104420704190773
0.0053416857829398298185275,0.01860069505741945156129802,0.1399507429021207283170725
0.007120503346470800215550767,0.01897896203475495091606007,0.1398816497292711957811662
0.01036611563836712171515764,0.01867113766876679625816848,0.1413988273012981300436053
0.009344805095824013085881177,0.01851392401878090843148073,0.1417509103352559141075773
0.007156894124533515894048818,0.01957337307781233104453378,0.1403362422655663188653108
0.01053028877150742788348925,0.0211507353205368578419332,0.1462697949741830483194605
0.00789286527612961981426043,0.01918658742870925706935914,0.1409453025795850134027631
0.006953271649905786756795667,0.01887113767221409305063773,0.1409958595978681172855573
0.006808133629322366854597082,0.02161379378663941946969729,0.1393479535292292403880765
0.004078446156361907257159594,0.01800529141603401939164542,0.1420267319027500863004576
0.002800024720509769384640952,0.01750800686910772979709705,0.1431653892997981625256898
0.002738518806134358166831655,0.02065525514939623580312755,0.1390914476805230060030283
0.001284896523425992217667946,0.01844391934417690878666996,0.1427763357560677126567583
0.0006288196930536849417817113,0.01628576693142792450319511,0.1427893082739880858955672
0.0004506242883029614202869406,0.01591595420930516646684794,0.1398498883382951474274591
0.001018860861703956574922381,0.01523412532607841193832421,0.1430721588654074727386956
0.0009381647783538028632921435,0.01446732633004814763677537,0.1448588643596482872233366
-0.001185193700846882448873831,0.01453373888365206909045746,0.1391674078936548653029348
0.0006592815428408663929252254,0.01505343893068999613915615,0.1442105112743657102658545
0.001163739227054238697944832,0.01326883685199605096560749,0.1403045959022126698556576
0.0003606073775549958242495063,0.01161027267440432192424637,0.1401435249495046608814164
-0.002939708433227092732736851,0.01425887982373933229873764,0.1439349937489330377715646
-0.0008925388132220282494042052,0.01150188410078074006948068,0.1400928955312352175432977
-0.0008380929088416661214971937,0.01010972861334132923138984,0.1398404446356856511979316
-0.01232539182835997067233524,0.01210832176013817464144129,0.139748532550144910491241
-0.003233817471677975698834961,0.008691545924134113157433212,0.1443661725003984597215378
-0.00369103492696269425837885,0.008410651276458718655915092,0.1422725156140208779831369
-0.003839964137556616235319451,0.007598136797845065314171986,0.1395082716954561818933911
-0.003949838398390841803786699,0.007421296814927195138744676,0.1415399121341659460782125
-0.004530871926178315148292519,0.00857147723998309164772369,0.1419335689056622495929361
-0.007218826308672461958271249,0.007184217924514604315666677,0.1474111151371896299977493
-0.007282894054213011510168219,0.007625940106959881378823063,0.1431965484612340022696486
-0.009440808213825615385905721,0.009199773124888397865528411,0.1419768897377938488002513
-0.01776316058555958699027855,0.01091972697965211576420774,0.1391139675596390068434971
-0.02017842527389078835509117,0.0124797534911480056257771,0.1382733664525397920819216
-0.0121689973450831052936838,0.01276934118055036808392355,0.1427285751252511947217982
-0.02238556782813862916503567,0.01478471924475048895897267,0.1374238581594664776464043
-0.01531307176467108788209259,0.0157239443223501154656141,0.1491359458683715333293662
-0.01769500349946463713113332,0.01812825747813150492615542,0.1490833560022896131513903
-0.01673136186769984615207996,0.01874890674705629450835787,0.1426722390514866822819329
-0.01707664798796486652077142,0.0192935037458166758206346,0.1413120710195273632692192
-0.01731297926479001894617404,0.02035386664605637677127881,0.1375176635830299698426415
-0.01658973808670453908842291,0.02098958385420341896110408,0.1365216057504909930031545
-0.01834296147665519932656863,0.02111058798360643945501991,0.1384280505287083518073388
-0.01868710097322412791442936,0.02214287233052727316140462,0.1386890719223138057625277
-0.01718004296652254209165633,0.02343761516249979678927495,0.1391991302113388673244998
-0.01415370638659489352373377,0.02337898590560701789220488,0.1371178231768416522218246
-0.01142856276406325338745873,0.02322301522320914871078124,0.1369234954724523334324005
-0.008447765647984680978388461,0.02452100351674574990612498,0.1355343319159647841321004
-0.004025125457917984837796777,0.02633199839222363433655083,0.1489103836579203365975133
-0.0004486303876771199992262718,0.02848797774713264854828942,0.140105777169410861127119
-0.00313748382081118241601625,0.02521897132966939569787002,0.1425722098644382207499604
0.0005042092385546581611091566,0.02563269675716952841759699,0.1434245493151446726454168
-0.002486214412253088482801511,0.02514740408418360967379712,0.143965430755249812477814
-0.001583308428204923843859997,0.025595206048807109949772,0.1435582176908609952636908
-0.0003952827287181968430110346,0.02713581869919485037301321,0.1424729301217025900783142
-0.003301649673399571164461586,0.02557138847870779260751384,0.1433064412846430379921969
-0.003695635372785132689854581,0.02892927141043232300288146,0.1375944568702420489625382
-0.00819300447060357026063393,0.02494467200603314727125337,0.1447809893842616768555587
-0.01068723953674411905612196,0.02486422111618387040254952,0.1442916053593001068922064
-0.01807239900547443975376005,0.02725355527833678292992658,0.1423584584686517773288728
-0.01862848607053334965000246,0.02048761853687803072276985,0.1447767173170622090339066
-0.02410344334751679182260453,0.02050221979632126795278779,0.141494587565154816832802
-0.02248541831406425731132437,0.01709954444791464064912212,0.1434960930463147210645047
-0.01892646189137883738773382,0.01477764483672926003332559,0.144291979714485374408639
-0.02368395594227936523656908,0.01519470795216294051188655,0.1420248422573003321822682
-0.02384693432759974265899849,0.01340777530510017974407777,0.1427302847688688147709257
-0.02265580302765692402577891,0.01119578584888464116431361,0.1436619757145969067391178
-0.02065517495028916863941681,0.008987156597077414904584103,0.1371261421941409597291539
-0.02792476619015062805351235,0.009344635490929991544772903,0.1457898612349127764886703
-0.02536669314088383156424733,0.004662408411567963567589956,0.1384610780677183461406798
-0.02458730471078288820629965,0.006153243908128836966997532,0.1434175159767948903866142
-0.02646915576715627368975525,0.00605367547069296692285878,0.1442080519182396547428482
-0.02727159952041686638568585,0.00602712069180377958688144,0.1453856304915206176797682
-0.02205548478386012284380158,0.001359697232336212107187134,0.1455852403791186022719018
-0.02212326752085820233406643,0.0009883572168878280474191289,0.1437753953074528967537304
-0.02446893783861726900941136,0.004808161065213882937041667,0.1445048072001043626411132
-0.01913696091227163123549282,0.002835224342656161595349618,0.1438239444278113510211625
-0.01760357641475360224170288,0.005450432974238505687281098,0.1418350614016045396770238
-0.01698630085307489823165383,0.009680364387592958058670334,0.1415605385237828084399325
-0.009167572023893061708421648,0.006784161495251229273550919,0.144443315780391323688292
-0.007233161403317321484773839,0.01017171840585331249462442,0.1431478845696401713816215
-0.004724263755857618062028447,0.01528641466753290385771624,0.1485834897042904167996369
-0.00412542871244850600093157,0.0153694164287323693784959,0.1445496684239673534921877
-0.007320390747133350382858108,0.01917498528927542508770721,0.143379352218799299700791
-0.001806335857831547608148837,0.02268952054179162666769365,0.1478177666184090632839343
0.0005736953749188447105114563,0.02366304770616078217981837,0.14333939307582685418474
0.001518700939348224202701809,0.02407731677527614674860779,0.1426645859007833472276161
-0.004918164653453182232067942,0.02420013831837168963301288,0.1410778435102807981671447
-0.005259353232055010221590585,0.02583160671584713852233506,0.1390829230433978103143033
0.004474023748587079192529092,0.02802850807298113214316437,0.1395580103783621295221451
0.00584603153382390761799714,0.02544482653685879031124628,0.1436309855881365005192407
0.004594845175566598764749227,0.02512960508916152468916749,0.145591597038117942508606
0.003893632474993801405316329,0.02191009664230935544138035,0.1459820349087784518982147
0.003067431940375211964905366,0.02070030745459884927162086,0.147221999461068536740882
0.002830279598814191156092024,0.02236217724111185661817203,0.1413895949714385480433521
0.003367429092709945531725069,0.01734586903253587664153201,0.1478765880426720913387584
0.001273939894089579040123428,0.01717098694620122767418025,0.1455984417042361644956117
-0.001767722471072225931890132,0.01651966860710049611604688,0.1468648591442776596416309
0.0003157341992816887761390265,0.01377547816957951087868395,0.1445124358316030588333945
-0.00333830113932744813182163,0.0133279811484786226555288,0.1421747193101572936946297
-0.003983423383749605702075502,0.01385359272048510004271549,0.1491484117414351995289934
-0.004578492480871849262813456,0.01215409336081766517034808,0.1456715510966786752966584
-0.005894135436195611747745016,0.01178302073122612300681844,0.1470098127644400010094472
-0.005118828031008613825558751,0.01109147317231479017152207,0.1432625515481038003251513
-0.006696313017036967935036174,0.009591561720139083965785964,0.1465074712318741034788872
-0.006829212631215321634148285,0.01161313556174060380998814,0.1504100323782391890325982
-0.003675934182601983506166743,0.01319703513426304097855279,0.1386175621451732342670482
-0.007870275076761679838854846,0.0128469624797227146423273,0.1424519958781113038170929
-0.00998001679389885591742182,0.0131227776751867628024506,0.1441021919747765001051931
-0.006639666429319941373665692,0.01465307554195584456568913,0.146711375892618622884811
-0.006162267764989111905327146,0.01390657052221213815790257,0.1449376595532164968549438
-0.005995879232179627919829823,0.01490269092304874996857134,0.1451693587734865231730907
-0.003748251534890911697978089,0.01630397793995252975207677,0.1484398066334409460598209
-0.00808704342542714699204609,0.01884888592879454399797723,0.1432722764498692846757422
-0.00502334727198060649461242,0.01995322844783424531822646,0.1416105973319387589803853
-0.001539817373015764075463996,0.02017343895412948215351001,0.138512709815975409988198
-0.002985787630511916711933962,0.0206392936421306676109122,0.1442741687331576816433198
-0.001999149870403723900508242,0.02129190120071689298897333,0.1523260007739347943189756
-0.0004888567944452229009633104,0.02226343504560208616527284,0.1379073823689204447706658
-0.002445050948293757148849226,0.02192709844929877777142124,0.1381608983131916157383046
-0.002538941378762787481199181,0.02090147495187293438800857,0.144711770365725411746638
-0.006463612504243695065786479,0.02117639657662319027653375,0.1418136070831570172412484
-0.007847081090029838293387066,0.01941118411471006582891263,0.1395584205257897891794272
-0.006573194223474429151443665,0.02038032536769811969845634,0.1411084885436852398576946
-0.01226472262189202445947789,0.02149584046740011730736164,0.1385730073864610834011302
-0.01366579697964356160388988,0.01800745245285434101290001,0.142723958780144460911643
-0.009809419564017013426493463,0.01732245236201391397345972,0.1448923969722865356946073
-0.01210710333869041178955772,0.0189109796260519442967496,0.1365275887275080868299426
-0.009717626896506041320189517,0.01596354492238810998672172,0.1434277071300712469437144
-0.009721571917822710226508853,0.01526045162981535044388615,0.1451762940924318512347924
-0.006265536549525475840116684,0.01768584867000753263477364,0.1493525354986811881641273
-0.005267742240698121761188766,0.01378288571761586076003248,0.1491284490631407944061237
-0.0064773952250014189130356,0.01345436510614763520043979,0.1484582697020861985492957
-0.007378060175271378660910582,0.0156562582291242778642637,0.149484131926276186952407
-0.00842314915751894190132365,0.01318644704258205464786347,0.1467594725924831200458698
-0.007943448450691727516503882,0.01277195198436330281221984,0.1469543729645879093226313
-0.008945346287696652812226894,0.01227780044418374377768188,0.140875928698032670816076
-0.003986950542613075521014565,0.009052161960412042837620383,0.1400641582222327818918473
-0.0006865061291794355164547214,0.007519848761826939190222596,0.1397490601157470313520292
-0.002263987608215094898822528,0.01210085696547770831021928,0.1393071495700539674800211
-0.0006012873656267812838560616,0.006784354970476457261097103,0.1417456457315445783606833
-0.0003339853852928142768051456,0.005637208291375091044617118, 0.1456740943346732652941
-9.147667392043797170934211e-05,0.007138755606291764289894619,0.1470447878811886877059578
-0.001752423190584723048171534,0.004597808255570317616245379,0.1446404028443297185013705
0.002497910436807768662370588,0.004750919197312802530475118,0.1426387799725757077329291
0.001603818893088082998127364,0.00428825543876604122622842,0.153394577360906309015931
-0.00128202607706117354367803,0.004356907919892982240794854,0.1494789282444484168621557
-0.001549684647967245788857671,0.001506620032970877511718788,0.1492902672142263909016435
-0.004968630140955928274626441,0.001604344601204910243652524,0.1477729457672189439243482
-0.005700139597211748704319589,0.001244211550643097583326857,0.1470566683840203447974915
-0.01127678278222596190694116,0.001574448279653242830505855,0.1469802997814141642951569
-0.004418557444546999078693883,0.0005697483649155809549979868,0.1480418670151593119044264
-0.01108726547372539984748219,0.002841732795592298230213935,0.1488022360966891888267583
-0.009107744054605163355753383,0.002470329728411003230442722,0.1509897885450328103296158
-0.01148487681771147121689847,0.004333336438396361012248548,0.1525825675104635903434058
-0.01284649107905056104883545,0.004817535407776751994746167,0.1526608173305085414117599
-0.01779590317494245815810316,0.004927776643990149432750236,0.1483040820417100280614875
-0.02158944166355144383961928,0.009448785323803329111447269,0.1475166235465176500785134
-0.01903009046816687976910742,0.00659934677678568858139041,0.1468690641765663384976648
-0.02022698965641854876307271,0.008928808828904970587569956,0.1482388937639130543910682
-0.01172466236432684501267421,0.009990454629563293165173121,0.1567720458086654944374061
-0.01387510950376406870798718,0.01040744270766102985703583,0.1526344119508228069914679
-0.01719876856165458017811076,0.01545029710242100048911418,0.1541791760696390456431004
-0.01912634274154399044443053,0.01959597253376117037548809,0.1496566513037155543575096
-0.01798354148693200038611195,0.02100184077311659583409131,0.1508211802914403987241343
-0.01295879374736119866995399,0.0219186907220806012630554,0.1484331494932160377953068
-0.01673729694723614588869331,0.02518348096626589135982321,0.1511384443169473401624714
-0.01233622631972252151055791,0.02522179811046884601033469,0.1516674330707233897541641
-0.01504808183390397499645807,0.02734135640148224744017114,0.1511748382851921812530804
-0.01070179696970276379819342,0.02697591386818758152355002,0.1482800231297591309065353
-0.01000576396545835820839354,0.02739052098010810037953533,0.1468852796653648817848392
-0.009378976005394414755533816,0.02856518791102390097957908,0.1490302032537416943025477
-0.007710053866899727915973362,0.02809271148728778935699246,0.14934782375475505467044
-0.009892104411906115640773507,0.03175862593063217415023658,0.1569750110531447639949931
-0.007621884187043547961848411,0.02761412880486576251759523,0.1517237626233743919001995
-0.01118657776540312419333301,0.02757821831580943225392666,0.1584028732158700714105493
-0.01036364467241412436193659,0.02969618002937469275481774,0.1575360062297844754297671
-0.01168385804521049863013982,0.02654592111901491607861558,0.1590012490376852827278498
-0.01044162007634082990625846,0.02512128408837592877245193,0.1517894992355664218752764
-0.008415032902351000584917351,0.02394645714787868931439085,0.1555151039949259073047472
-0.01098753303322632692007321,0.02415847667789569955254514,0.1588004503853447102468266
-0.00711591843852812672849284,0.0267193549195823484843082,0.1526922004666540488848625
-0.00793433074760857212637255,0.02253914489975751903050316,0.15349854244312163831232
-0.007746127402938785856678638,0.02172383911957006044635143,0.1541163176965731351764077
-0.004811205373159261125537434,0.02079983655358239036381462,0.1549029020368323794620835
-0.009649424684355006887059858,0.02195064320247697847721113,0.1515816743997477622496461
-0.01276496798663246529104143,0.01825306685373206949662972,0.1524906049104626792889405
-0.006946842755632295397794085,0.02179047458144531615453765,0.1530358358013065855907087
-0.008110181288475544827965003,0.02259442918156141788532665,0.1535908754217591154489497
-0.009245315647342062376212724,0.02330698432808585990327899,0.155963309893185020360562
-0.008684625967712061161973836,0.02325942382786099979496974,0.1578133023243763477516666
-0.007502732595682936808656471,0.02483423926570015038972628,0.1586601352864812630727442
-0.008089504033306715857776226,0.02557873739568356993845377,0.158820273648182935799511
-0.01178122120022759636293053,0.02776263509029188933374677,0.1577866223816467849960787
-0.009118257741542741545703876,0.02816320659760469802268545,0.157664299802081103729634
-0.01199900395125449124866801,0.03019697902796555921689503,0.1549202530382379205953214
-0.01019318987041273674720721,0.03028641191110379923823182,0.155180014725031872879768
-0.008903002581412912744274202,0.0330439370253070574534604,0.1573464784358901968897015
-0.009131011949418345666207308,0.03367051094466823324413696,0.156590065555500840277503
-0.008592847409599950123104684,0.03389003565947703439098504,0.1577068613391433005155307
-0.007345395561887959993974118,0.03555217446313981011218885,0.1582027456370765361448605
-0.008352474987752536370044787,0.03608465717474605705117341,0.158101108518935967728325
-0.007256240461949641472327865,0.03510937957313462615127619,0.1587373717543283380138064
-0.01066303368068914278476988,0.03579646596420365395330165,0.1606790191324137251349669
-0.006475666740052833832141932,0.03478271001437518300525298,0.1603528840789185117010618
-0.005294570022096493217000912,0.03171412724343139477589659,0.1590459751985534575524639
-0.004508787401775385741964364,0.0300480166917197512310711,0.1591655452437605311466484
-0.006408516398621403632740456,0.02863705167113645561061119,0.1604947355478963666453041
-0.006967168264093159812944123,0.02734965219008212225504373,0.1609601697358457317310609
-0.006515813529634571950321931,0.0264471820311021413307806,0.1615918478401542346389874
-0.004017265378357467650594081,0.02619091596147356953983021,0.1577903751072236571140195
-0.004346885858322188482538717,0.02448648681037174715258153,0.1583466933971822698801191
-0.005352665078494595746194662,0.02285792776725230346368534,0.1577349892057562930069992
-0.005769645859616910101019815,0.01811294185564042355518488,0.1594877229832320497671105
-0.006349483171607389273005673,0.01593967033604238095478856,0.1614186500646776489809042
-0.007441712191437266712967791,0.01501148405657629428255895,0.1605509182278768431917371
-0.007620588533071875024516029,0.01332411199902875167944138,0.1607341011383187912020531
-0.006994362930711979335629547,0.01027769267466908595376474,0.1588203825257303858364821
-0.0121890747334343612501284,0.009503144086997022260687729,0.1527818519402364405568306
-0.006744484561572752952252063,0.008447814744110942672405962,0.1598473444049312019998865
-0.006176293412360964185658929,0.009055059447915759021641158,0.1582779972675746882337933
-0.006707631680505526418356599,0.009505921075458573926697525,0.1583344742350223655069641
-0.008927602989782471021307231,0.01266432960655138918737439,0.1629167013171521072312231
-0.006897287839262337787171742,0.01384084804162388077086732,0.1601731197237815096379165
-0.007734757817054833603509501,0.01229485947276733222299772,0.1632395876247627886090896
-0.01000276534294916586098623,0.01511802633560957280500769,0.1616016356835691947235745
-0.01394717558218965501593001,0.01800731495132357196098383,0.1575969111582180004482723
-0.01794715209348740972417069,0.02352746206178387561314125,0.1653803506379057097763763
-0.01389072893002600561640492,0.02755342654432680477016859,0.1619724414649909294272589
-0.01439066166050027850698001,0.02969633908126778285008207,0.1617815675252692597663184
-0.01669896420739037934399818,0.02821577673922745152501612,0.1631143648828295711350478
-0.01790542795816878543502249,0.03047199601998782855782899,0.1638775281707357533989011
-0.01714506413894600206360153,0.03099113976768089195878986,0.1636394598406269718093853
-0.0200318939518967231716573,0.03533589648120522008767352,0.1656215655124324281910475
-0.01889596038323571036698922,0.03623024161800677406253257,0.1604943961589296586023323
-0.0185006383911651348106453,0.03389757207279765066632038,0.1621382668963360640379534
-0.01826235072163286815571936,0.03637837454818496768504943,0.1629879793509640129034466
-0.01683352602303785083837084,0.03602149789470729390750137,0.1629108841359045989349852
-0.01641637809961413174697498,0.03350928593526229098964464,0.1646927025092839447228954
-0.01779359970038192281793776,0.03605729306914192550115317,0.1652851800402564408365436
-0.01861196759292587862844037,0.03137771020025648116558159,0.1563276820293044433451968
-0.01175700419138022215226336,0.03037431121820988177972822,0.1609316778817538040602386
-0.0148399174506017948044212,0.03304075297723913645642213,0.1656298128567216809692297
-0.01181278214143110377731816,0.03055412744481515036065744,0.1622604151617788037498258
-0.01017825668085849469268744,0.02787621264178382143872348,0.1629365765618622230448409
-0.008286607014018929767695809,0.02919593141677898767705202,0.1607922788902552413414782
-0.007790977713349472519310801,0.028988557737879373787937,0.1613672342510736879006572
-0.006995497597006233338190473,0.026581309983021064735631,0.165007549171040157620638
-0.00581698831505177323120126,0.02922852977978518049240186,0.1623406755077027585620897
-0.006029110836883403573560614,0.02677515641860312226030238,0.1657225335908133478923787
-0.004733732330041596526870595,0.02635684104487449191944748,0.1652802945223285635556465
-0.003696668225141397888522388,0.02643868573453119971694569,0.1652875739445078817624335
-0.004261944467817848844481965,0.02823615741554773989063776,0.1660896333298210181261823
-0.003982780723138790168746937,0.02734454786808864293345955,0.1653017480463599420126286
-0.007354275629448384435371544,0.02449305797794923758581298,0.1584413322547790492489383
-0.003261954785628891437948562,0.02384215188003770830027506,0.1658921028616870685379325
-0.004260616356859439624038544,0.02347297415499467049260218,0.1664828897996072087916986
-0.005837857648954942850483274,0.0235016590202848270341196,0.1670198421330275073692917
-0.00523728312195883595470125,0.02307738817507752962510104,0.1665891445122317793270383
-0.005594980724919504030956396,0.02287185331513901659361565,0.1659214775448472622976226
-0.006209783234218516946578692,0.02213000226979661491655271,0.1666122127511233119712131
-0.005713958177681579403417444,0.02127622508440972157184312,0.1661317998247674176948152
-0.005720253660381801989742723,0.02071277936889607401704794,0.166682260585459235402439
-0.007652929270005606569859946,0.02072266611305630112926934,0.1665059696054447813118315
-0.009939523331332357838907576,0.02468224543791036271200845,0.1674580219043008966206543
-0.01098594558556387906778085,0.02401125707222132033002993,0.1674109709181713923076273
-0.01566797625505173680027227,0.02858238063942492718227939,0.1719820984991151380238961
-0.01073484964460266755104101,0.02731720420248753139480513,0.1663302434691495690355367
-0.01234216666597071250521811,0.02651371784987068686012535,0.1687864604644815913481182
-0.01167248187865826784814782,0.02773579620175468940512786,0.1696441472683346829430917
-0.01050432515716782574943799,0.02813525620335907695412914,0.1686821465933325825403699
-0.009050090597771755923650616,0.02752287913308183731064815,0.1684555794138226647582712
-0.009225430298160528994055873,0.02752265419284470604477377,0.1696604822706961890332877
-0.007352703570278572992036104,0.02663254573775527059287249,0.1690786223626596918023779
-0.007925619542497219088827975,0.02718256470068613692148141,0.1685277234331102325093354
-0.006064988096283193547142432,0.02577792907758172380461303,0.1681966572918331404018488
-0.006094021206045220628855219,0.02551317915894259560904977,0.1691094119172154575103662
-0.004432337166114988687148912,0.02295718738050057938782089,0.1672068499372749705855767
-0.005378508434899028842202107,0.02355172626587854339819117,0.1678802524872970436398134
-0.005334068045978603705981058,0.02201755601953010732518834,0.1688982765223754622940788
-0.006627429615005649490844242,0.02379925091066322287436385,0.1698688895789494945898213
-0.001611899653777772774970733,0.01672507497366200121535762,0.1675697189956019961254441
-0.00314098104339542499516269,0.01866262613674997059010074,0.167848928062829083618368
-0.008282722114573750835098132,0.02264306361603483919164859,0.1682654771795750181517803
-0.003269793350612494337720237,0.01849529128223547161380402,0.1669913117847413308592053
-0.004346936550062548490491743,0.01727183926278112041652335,0.1678446346660992516408584
-0.002583063240839817299027148,0.01821965301369122061658778,0.1658287132002423669430158
-0.005250901208018014798550865,0.01566257951474109288980685,0.1669187232666382303403196
-0.007496709353944188032603524,0.01536397627824076690672417,0.1687575754400659489018466
-0.007375465413120610956576595,0.01722039861586268857940318,0.1664041166866384036104876
-0.01088299655477906191514137,0.01425629278603103740341584,0.1683766614692292773458604
-0.01166659175638132955876713,0.01626972400093048762292902,0.1687245883027292392419838
-0.01349521436190276486855044,0.0138309673122611800216708,0.1666749750985136724334978
-0.01687138311022276515593887,0.01218653664758083572661196,0.1731172383104470913206541
-0.01730316267619506215291736,0.01118728626813564504260956,0.1733575966627317888058002
-0.01497742250683236145403221,0.009735653596156322586718801,0.167367960484413824673311
-0.020098716864451339481068,0.01015885680596397173947043,0.1735119293202444235024728
-0.01906141074361596826625131,0.00921667915599361058098804,0.1706889695851232513490459
-0.01670809756078920488286954,0.007754826965406035749195368,0.1693969738409066283502113
-0.01815457136493666898124921,0.006058957823576027919287856,0.1735191137711833142542872
-0.02296174889549589676063235,0.0109229744812927315883444,0.1748391760947460571440359
-0.02086830123002070616622383,0.00766955518320063065612624,0.1738198246985923067775559
-0.02250348677725309484709548,0.01224534922426384446481062,0.1742657523608636127576688
-0.02237189582002816617967156,0.01355633381901888076526141,0.173799329148455555804631
-0.0230819493768273757694498,0.01510785579322446517402945,0.1742085392138227606384504
-0.02224568858490815967399179,0.01557446264393758106336918,0.17440956009072122734338
-0.01599695700121589805875466,0.01829885108866639159552747,0.1760839429935094624379843
-0.02152753496660096688142261,0.02267432214401553583482674,0.1654857484422439517501857
-0.02118504008434295843299466,0.02287413704091122851336237,0.1665944071154527583722427
-0.02053137433972326147957332,0.02382060561681590554750088,0.1669346636071658562805453
-0.01923722462203784205891921,0.02529595438454739983469288,0.1778050536353975030756658
-0.02195133441398933876742561,0.02657810965490467122740448,0.1812124375388507735440413
-0.01993241553581270517070401,0.02699871359950454380305374,0.18120328575539976223574
-0.01770026900902901476064777,0.02815076083518500138502816,0.1795330830174261260712143
-0.01666897565475136677726198,0.03154161142728725830686187,0.1717910828922949162400613
-0.01540860792158099158710716,0.03485913261866827733692631,0.1818826084068128901005679
-0.01184067895270840206634055,0.03335684465751946603528921,0.1720262789986569396116778
-0.01008968992420685752142706,0.0329476326501341940100609,0.176471477795478948191743
-0.00832095707785387474209049,0.03650127391048289815511652,0.1735611270707123066081579
-0.009149485554469672168864669,0.03337790183835348534202581,0.1777686640358901726255425
-0.01198474478316953126255662,0.03927408236284915532543494,0.1750518698512391890798057
-0.0102759517433202891834032,0.04017326086610863850046016,0.1754086137262449718310364
-0.005555422011594837901349297,0.0355376183760360078722762,0.1732971783267291676633448
-0.007777693038012130355429719,0.03915500290752206569155902,0.1735786216895912614788244
-0.004882059851615103314437238,0.03531154638387641597763178,0.1726877182225928231140699
-0.005973258055946777979328122,0.03701527111778719902890344,0.1729158264436896630389384
-0.006123232574270557476703303,0.03881924493552928179251893,0.1755610976552348378998403
-0.004443050238418922229244323,0.03349592047875901701381451,0.1743900968398653661406428
-0.00396640325435488379918203,0.03192141844990931814907142,0.174729130085258171911633
-0.009409027360928872221745856,0.03094845939360814715546333,0.16825871630106856158271
-0.008628806868823659867451248,0.02871213166761850399399947,0.1662135585028219342262901
-0.004530169834957491724336531,0.02750855521838676404078328,0.1730843077496905246803749
-0.007719325163132940287313843,0.02727891243318478903256974,0.1735541481673399388796497
-0.007474973881385599261406583,0.02438612902093954468152326,0.1750846214342092754812086
-0.01051946336923970277965612,0.02369113949946641262123137,0.1751047448317670784945221
-0.01116899787644199358582764,0.02155388559245120100316129,0.1743592940851934336432549
-0.01600804549501640139386183,0.02371047315590807391672001,0.1772682934503562179884284
-0.01349216023109587811457111,0.02018189541654287141869695,0.1704901310691356031146171
-0.01523890628438747535389197,0.01812327350671385367553157,0.1690609334951199138608047
-0.02244428892042400758288778,0.01851388460201769045609943,0.1753494517451264500529362
-0.02421218084784242802198762,0.01783865734122005303197156,0.175982170722884384561624
-0.02287283012439902604717723,0.01797623186212416596108099,0.1705254255559494891425487
-0.02695080483062578871611414,0.01684544513056930592487248,0.1757457530852548632793741
-0.02724617769199441999483646,0.01627769574006333180848927,0.1763722794631374934937185
-0.0243456748083290992756833,0.01237097321423047402433326,0.1733522635432033220936887
-0.02507874277291701967107507,0.01138734027947630768340392,0.1730457454440265108175367
-0.02622531290916147589387108,0.01355306270507261948154998,0.1737220022908194383415292
-0.0247911108354089033956047,0.0126006452723371673019237,0.1722148558474406454532613
-0.01840392533561395829733165,0.01451892701714915974442466,0.1716345999265324606675165
-0.02324385201060421776708687,0.01294503160107428330061197,0.1682507373281191265235179
-0.02196649256686813642125422,0.0147478682084898112675253,0.1698789454089772721356866
-0.02062966539061999657334034,0.0145810620418153329830302,0.1711316657468963109423044
-0.02037444334974762571999207,0.01382746345250961822470614,0.1698472647023283599310162
-0.01723735777739438673750172,0.0130766706727861968528881,0.1737205201553444766648937
-0.02004782276125999587734761,0.01680797747282549575720267,0.1761495499487186200404665
-0.01588913367320987299335933,0.01561753411395538568284813,0.172687075169112580486086
-0.01488945675039426118357877,0.01364749234525373944304505,0.171290788322009418509495
-0.01254505777086554335619795,0.01169143027020303621243968,0.1711970639168469421331764
-0.01280864640525937632464792,0.01457899605152722898038231,0.1706612950814476170613432
-0.01550833204264967513097417,0.01696298743537564060468448,0.1725310100031112736651551
-0.01492891779320108282258506,0.01734051437164755085640344,0.1723963619341414288399505
-0.0132167277292426256496416,0.01582613307281680384286382,0.1713542973475267183758319
-0.01405942465640582124397628,0.016916924232582532944269,0.1719331519593653989641524
-0.01429997689636863973661196,0.01828241980384501599865565,0.173600851598161159961009
-0.01755347672865207805936727,0.02370351814694752340395567,0.1758426009595705774568586
-0.01714673921251104460328207,0.02720085459459227472667209,0.1738930731984404121082122
-0.01699843010954959696134914,0.02500971669145558851088396,0.1673780245098466512576607
-0.01476421501150495044218935,0.02603095970304426798325181,0.1686518132236058398198963
-0.0142880786169871914353946,0.0279017382805816990809511,0.1677504414250162168009695
-0.01727649838014114896944662,0.02600735699161896979925146,0.1706316123531898820697705
-0.01952581329088442022023919,0.02717008303790220680173917,0.1695594220921182726513621
-0.01794103920446169300739747,0.03229009423005807510875798,0.1694491480038430586407827
-0.01893509810458037304070622,0.03173638681012238421663696,0.1699167115130871541506252
-0.02140200513284047298401269,0.02837278785913987383393575,0.1713876540585556607076967
-0.02046970381390197241122664,0.03121775606594850288599829,0.1693524807238951934706961
-0.0211900358274791124346681,0.02618089568715643855600916,0.1713652479475882284276622
-0.024841521965782906861131,0.02733073376288481029505739,0.1725161953573889905833028
-0.02677692525245847429693491,0.02733931085601998267620161,0.172928371642100731087055
-0.02542187107724261721508618,0.02269065161807294270235325,0.1711299283755852163046995
-0.02321930126569602195751862,0.02065241186168275192014399,0.1657471871660767259726299
-0.03022274970974149488345262,0.02069942609101174668673195,0.1643518136059052003883352
-0.03260696512830215526568267,0.02106109361141849864451636,0.1732389358999285589035821
-0.03231764444606608638332901,0.01879690243733174795370822,0.1714983080530879389069554
-0.02946820988919632289260164,0.01364323305992897784888473,0.1658303285175785624083744
-0.0312642587887227707543758,0.01549447820144382245710624,0.1701713248619452778509498
-0.03028354703867248629012288,0.01038386119800661748502346,0.17050234910760694861942
-0.03107169693812304039903793,0.01153566788383717997557021,0.171301178260674202835645
-0.03230114803529501171786009,0.01312391537933895423184705,0.1718930879958714685873389
-0.03189466122782024654069843,0.01377990665624550734036369,0.171276712134096481543466
-0.03254804471295149465026597,0.01380219788256572405193978,0.170931306925729636914113
-0.03159143166180677919641084,0.01523815371979432911619945,0.1717466098291493548089193
-0.02475502388980733298184944,0.01428068429023601586258518,0.171003594976926825976804
-0.02647421573020250842867007,0.01963355662870202786307594,0.1690369660198534074169174
-0.03030575730792363017829238,0.0210347194615944366180571,0.1715667162105659893089893
-0.02494208942534235570742673,0.02287835096657800035280239,0.1691549832592769697647839
-0.02596385762058508669958279,0.02677022785040434824099798,0.1705818269949564702780975
-0.01995303354112862997959965,0.02727229564621315785477584,0.1661539872135007200881773
-0.01888993739608331792756424,0.02696403787986102057461224,0.1692454876050686618516039
-0.01794415534926043290231412,0.03177050690866513316112929,0.1677314439738591678175084
-0.01621523808944591582559269,0.03142001934465910029103952,0.1681334437148220284363731
-0.01416529361241439591290181,0.03094786639272394807020916,0.1674452383312314829311163
-0.01566137118435668995619636,0.02962091848886902814563804,0.1684579231241248864492377
-0.01537460823555466052359186,0.028216290805545059250381,0.165817431938331844021306
-0.01317183296156267287291275,0.02785819738223512670449722,0.1648622128539641851219244
-0.01124454353074341196594421,0.02588632285329046933686215,0.1670807850875055677875025
-0.01570870514979000667765696,0.0274353677097696306563801,0.1666548620675315506289849
-0.01422295625774580921096835,0.02572042514047229513907133,0.1664654217432394445186361
-0.01474235296979349053858588,0.02353519125141851145444072,0.1672443140031475983242615
-0.01387765618244697456151737,0.02317892714636209106071618,0.1663492363958259112610705
-0.01278064813206708678905432,0.02084869741014927849165339,0.1661272678230182597847175
-0.0119934251259611913964509,0.01358331702786067136934367,0.1667552292974424366089892
-0.01422092979588536476587279,0.01510661113793616144862497,0.1670254284147112411318403
-0.01353139381742485096438156,0.01180886517192636722684007,0.1664334785063754373890532
-0.01354386888657738499674998,0.009822233732676381029458312,0.1669737033355277455726196
-0.01636287765637704089138893,0.0104912647769816961412781,0.1684370765412548653916502
-0.01826452200227743349891796,0.00539499229695330432404754,0.1668431526031558254086207
-0.019137927182401558157121,0.004894330483967180255022722,0.1679515047980541797567611
-0.02002594804656668281417353,0.003028351208675357682242879,0.163183233698336344064117
-0.0211830164980769085347756,0.002438103000880575618736223,0.1637084558102628872866546
-0.02181411648626791974225902,0.002118283608031546437489023,0.1644397364914778614242152
-0.02344248927798388282273123,0.001992628503993128675358948,0.1654181996212131522394628
-0.02243868996646819144458185,0.001215062857710517887216417,0.1671971040061149549327268
-0.02257668296624061599064959,0.001700699573135888318861642,0.1666005922089726087875761
-0.02465480522046486350218331,0.00248467636789114799944489,0.1657380731399142048676509
-0.02539974121349702906869084,0.002806721521100502027279422,0.1672103235205578408706373
-0.02728680951207041252559726,0.007135431930460028708551601,0.168973616022575240380732
-0.0295030306006996839718326,0.007462387316627854157158328,0.1701373210040070804716095
-0.02863454444542827548314534,0.007482542565282280198901699,0.167708551425553104019528
-0.02870625003625592447376036,0.01090310377420241130796974,0.1656612662228028332034313
-0.02652274413290853574687311,0.01130199099232877951726195,0.1649719100383687520050557
-0.02500446752692546056873191,0.01327441504389394524854318,0.167087943007735995060159
-0.02680615482735551960424836,0.01274444699652730814132262,0.16467400331375067756845
-0.02713621403089465713986961,0.01418560628640529175381602,0.1635388916621398347484018
-0.02869712684204803535004125,0.01755993523597836752925261,0.1688288353335251623654756
-0.02983294854136559273727336,0.01990893151512823991411416,0.1685350334305673047907703
-0.02731552067543232750757021,0.02015004145428927681549247,0.1660059408070850839322929
-0.02660773626147302020616969,0.02082865833287651444183375,0.1624353797459842096984062
-0.02565289383395397485032596,0.02141218772443083048773182,0.1632959773423622862331683
-0.02529098803541168782871296,0.02435831559683018787687558,0.1687659779739289211963893
-0.02226436652172474398025948,0.02244146686605447138518343,0.1665234144725504794593007
-0.02009348726549825894793777,0.02558108318553179230669947,0.1654213385673157232780284
-0.01892964530259606467654798,0.02438014532459665054120457,0.1635306412349555038598936
-0.01723455156737786417298075,0.02616118131311738828626012,0.1654736448176431506951189
-0.01762741355347256788643762,0.0256472071877674248630008,0.1652391955655891642162914
-0.01718847613599254128824434,0.02220704037517519727207294,0.1668832888536930791900659
-0.01438256151596851821483636,0.02462641683896743885484604,0.1650402827075497791398107
-0.0153739767353645705866283,0.02093693759473297388851165,0.1660804003779641768723252
-0.02260484288047287515510675,0.02372828082872048549578636,0.1695223108516903665066167
-0.01831480406676237043805955,0.02055826608121409659890588,0.166405510140882340053281
-0.0179552752330922188450657,0.02188878839682484658824002,0.1639942117677691824084718
-0.01716220332062711947940237,0.01951656773428437838258098,0.1675190037765756090326619
-0.01596500550288618494598758,0.01851832241718742722014213,0.1672429588172404113510794
-0.01552512283365459211381676,0.0188892032102171494867271,0.1654213856456279718720737
-0.01722904665597629891848896,0.01978618463214504297198459,0.165394223567022546905747
-0.01732972290670324946870728,0.020657025370623229021394,0.1658750140919350302137758
-0.02317527518664937516423841,0.02098784410191635932396714,0.1715670944210982151734157
-0.01686842873972969544804634,0.01742643318989378631300724,0.1657078253172536708159868
-0.02317129944127967189348993,0.01917471456581437694310921,0.1681650959798142164203227
-0.02085686220880603528038399,0.01495723454746154812422532,0.1673109438295205531055387
-0.02109917965962945091140668,0.01326797456308726266827058,0.1669546823248569955566722
-0.02609117887918777425881878,0.01907174502256377829345624,0.1695278338113231086925481
-0.02349863688284668447603387,0.014915411802991425035958,0.1683579101874983219300219
-0.02550484363198913043135896,0.01515115602653824625201118,0.1689829622990910718005608
-0.02884258976051257833406183,0.01894766260933431270552241,0.1709524884143958922688711
-0.02624610196047314630840575,0.01578000847188656963204778,0.1703033383570671244200412
-0.02686595892041508670811112,0.01733658556815048656929434,0.1714159364225653625624091
-0.02657996677590226605736312,0.01791167320816222652268834,0.1705396131806628801097503
-0.02785221968839533476791637,0.01667845532222117163612118,0.1698539975394563750210608
-0.02546314728461176665752497,0.01756325124151959099494391,0.171237024736623694165516
-0.02375083477147827207276443,0.01850812418879497003865175,0.1645168008015266691845824
-0.02248552317941666933709399,0.01886751108913895316754328,0.1676040676955903307998597
-0.02596209564198931341039156,0.02003792636612975602838915,0.1724211918348294847458391
-0.02422085772893935520788666,0.01989983741821398782745334,0.1736066489771369292238745
-0.02423573296592640771707217,0.01929027039674014246117828,0.1739101352762793817330333
-0.02067566139684318821112541,0.01887334263558100924673688,0.1685093656369108239267973
-0.02239954852007183111473054,0.02053087025314169478118487,0.1710667150552519777395588
-0.02176754775140709793901372,0.01925184416428419795219718,0.1733893989853756700814102
-0.01775959130354517329086761,0.01456587998065420920534851,0.1744885625539428775088169
-0.01852729962202022753747777,0.01469192226087693946279256,0.1716647152831074774059772
-0.0223209998208082974202604,0.01298485099182672582174281,0.1756039446447884011526241
-0.0239117945763330126685009,0.01469898928956486945651694,0.1769829821187643148494573
-0.0216513768747250215374045,0.01288975049346777375369744,0.1761091014518214037387622
-0.02439763583799759924519712,0.01490538697288617750458251,0.1806155866326030479118714
-0.02192457559213565818079239,0.01301562906531607971549747,0.1767974312595631536382257
-0.01476153205089746241196469,0.009142836230110064354992261,0.1797195431745092220054971
-0.01916117389533411943802754,0.01601426256427156136208367,0.1743849506262192261552002
-0.01875687179618064706621006,0.01759905654903541963318681,0.175287346552002093469369
-0.01911598088515591500891055,0.01613568014994213456470007,0.1744230934151344836191555
-0.02085295688079316644980565,0.01590056007771537688322283,0.1798008292408102837267592
-0.01664871811608664015080805,0.01672046991050448599969158,0.173447895985899436244182
-0.01355927855670240392282899,0.01720470511598622825877314,0.1786644979088839180203507
-0.01947140167636621926883222,0.0180798038297486328429553,0.1712279946544604247726795
-0.01552783571305438488352468,0.01974604556526064064181369,0.1792757054326303556290867
-0.01672823819413300772129816,0.02162849113243647813931148,0.1834115501056400032720006
-0.01412434393957870404356925,0.0238996550569736537772414,0.1781573309094073020997229
-0.01375969390204874812089209,0.02318263959329674647746877,0.1823652136486411112770156
-0.01576296359776956437781514,0.02574672189092981969271712,0.1785298206929478437299252
-0.01578678353351311083874187,0.02710484704302021721766813,0.178830564818465653775803
-0.01661206310068222974374308,0.02795764452618250753279661,0.1819054026404354762469495
-0.01780600592885608554616361,0.03064146012670427784985172,0.1871160479134778564791475
-0.01497899638179423648098876,0.03059460858714502934363466,0.1800286038386206821648727
-0.01197478116495700149746195,0.03006133284731162327862997,0.1821828806183297122522902
-0.01712003464650155293291789,0.03063555947872733872805462, 0.1875908311259503746804
-0.0153987813324744475529382,0.0304177617662438198875563,0.1901726848074633824392521
-0.01498744753275736696362941,0.03412400532264356356471069,0.1846810394025654167293737
-0.01454213257863446774609262,0.03201868125413293020287142,0.1791797288991865688689842
-0.01401413509927361931983736,0.03261394118307917033838805,0.17996682470804947762133
-0.01513896846408680288420534,0.03632745590738793717289212,0.1817336189962537595921077
-0.01114205683617648830197044,0.03140989167322531111503636,0.1926193492117943828478843
-0.01203770227782455758125391,0.0298486347286699288394729,0.1932013993762500825290829
-0.01207974572122862653988928,0.03132703173929753809323628,0.1763947282093784041379081
-0.007019679049931264874784276,0.02836275866456322569675308,0.1841771606089077639722973
-0.009125238214308120654472134,0.02751875782862855251975631,0.1862502469346878075651119
-0.009032733695706503945777044,0.027040292977539955726618,0.1820998148999413979165496
-0.007304082995319079694984676,0.02487412747325962875111216,0.1876591070624439583358622
-0.002295087270899664588091893,0.02308966548968967996691148,0.1849563928601335727197608
-0.004664598776131684797208177,0.02285562832725498288999333,0.1866845517612922555894528
-0.001629160867537494689766264,0.02067564129926845878371111,0.1852392442699694607988192
-0.003980162809785384343819192,0.02041944977284358350710924,0.1853450563177397314440498
-0.003133933004677635653784096,0.01777807738269807785735921,0.1884948791049589067458925
-0.005461634765735828844768207,0.02072522237931697861035296,0.1839500533678468663367767
-0.008991661810456982525940894,0.01684278012978545485678339,0.1917629828162275562597472
-0.008080412937161463374224901,0.01885727741313046601501213,0.1916086888757367323599112
-0.008470734754024723464627122,0.01972519993489883424753195,0.1908405814887127738277428
-0.0096186761387462814398841,0.02226669541130991275545981,0.1867352085672434325314129
-0.009466771094888068449613172,0.02059311464805387709153806,0.1812468999688310600237884
-0.009803349328557009120799215,0.02060395615242268871347697,0.1827994257953992063292503
-0.01061922916953968176745349,0.02036544451597934249353905,0.1889538973869189508736355
-0.01234271292018488709596458,0.02224213427770112272430225,0.1840456344565992163886392
-0.0140961449594274122049109,0.02320012252837717198206136,0.1873067177339861888452077
-0.01730717090721918885454222,0.02439130286287327989414031,0.1924323382151395533945504
-0.01718068471831232443824966,0.02294407695801757920972541,0.1942542049907478030057462
-0.01489567627861762555419034,0.0253470572621757941900178,0.1936944404853704615465659
-0.01393377867702531164306734,0.02431198118193144200316347,0.1926107390373643368786105
-0.01700600993871176011551505,0.02615537058020754243581329,0.1893070071040879043255956
-0.01744678135556725420696189,0.02601462244541635077110797,0.1930896439262600738917541
-0.01543506624971355094266823,0.02852396909790030216091949,0.1884363016658945066961195
-0.01706777765894404441660015,0.03007427852038386043020957,0.1847327518455601780278386
-0.01669684856496060285091509,0.02702067296489320605279438,0.1969972865612851786742965
-0.01330651171138213378908333,0.02916239836335858884308614,0.1989747483892333190791391
-0.01409116863467158205225349,0.03222928558423542727551236,0.1889338887602236005669454
-0.01384406928885550773500324,0.03144878585166333700984254,0.1987490636659751119807993
-0.01382717255816666608592147,0.03089260849145354648204176,0.1974803518014011660675067
-0.01076260855347917037849736,0.03181954884803275818150325,0.1842569388459474322150555
-0.0114160555045512094457516,0.03131832816397230739857704,0.1965941764429987026474578
-0.01121171886011643539782234,0.03703319414641641910135306,0.1870602062048264957461186
-0.009044990938157826745880108,0.03436491349864200656183399,0.1844829059971004048268384
-0.009701841307521746893272052,0.03417171125273980175629518,0.1854190191106514784546988
-0.008887547641005411058756636,0.03357611608937656477724687,0.188828508268536254810499
-0.009661412202905960561194476,0.03485520353608629468000757,0.1854180465148667078523204
-0.01082050245890643462576275,0.03678601447554858544508605,0.188980033747880860062196
-0.01003619908593209042457772,0.03705796893209299669447176,0.1887098089501270670176325
-0.008014274641035653429232966,0.03263372612374489112330167,0.1860499679066055234155641
-0.01048219695234928888760706,0.03202419955912606808201559,0.1966256673826187462150727
-0.01040811086036169327839751,0.03302758969796939364504951,0.1851921485526511479413614
-0.009626052986021574678354717,0.03153192790415121349312244,0.1908818258216442853569816
-0.0101827930030496290048081,0.02782976912608889005773527,0.2001126323438162657453177
-0.01233721171790381695987371,0.03071066160579097314986541,0.1948961662601152722285036
-0.01544276369599793981290947,0.03059111753122757682010757,0.1968809743528809330648244
-0.01579994983934471242115194,0.02874749671788646987469207,0.1976259220918879511152966
-0.01558856366677608198956229,0.0268154327861270976030017,0.1992012309251154633660263
-0.01624926199277655289310296,0.02818222586429426634868634,0.1977424054991892832244815
-0.0147721559947398359963211,0.02152629785933391978747231,0.2009982768405710051862201
-0.01607589811758090500570795,0.02032002574282470996891448,0.1992117533435876497449613
-0.01554898827052598499209868,0.02125092940503677668706572,0.1924447707891377146172118
-0.01540337686952643683757636,0.0209365847184425322990986,0.1927474223606542025333255
-0.01442069710846914133706154,0.01896464871140560171092204,0.1887159260948071404229154
-0.01476174694425993333402047,0.02108147907977104759669196,0.1952789030416258175826272
-0.01309193549829043567989117,0.02181637891296810821684105,0.1973828980576259606305456
-0.01295642505854883649862863,0.0229522677718996155615816,0.1885332314914870133204516
-0.01482029698983382097476902,0.01860589313571325148499724,0.1953158735529517409101885
-0.01159165833721942547029915,0.01455488398948941337895935,0.1974125326969690952250147
-0.009946972099030578981504469,0.01603973718900691611266573,0.1962709165794173371555331
-0.009106185928378024777019029,0.01201513785866743268260226,0.2003644811582083462564441
-0.009505626484599363767991065,0.01391918360863103436286803,0.201124431440334150433813
-0.01013000122567318111999057,0.01916473895565876106594771,0.1921781926825801289915319
-0.009913595022441159046455716,0.01894462170794123864747682,0.1916534450065563444098871
-0.00914375111441710630710844,0.01824296612811097603734645,0.1907958206331878125983081
-0.006271929745551536178327368,0.01849963571888527461006824,0.1924924111791470882071309
-0.005956968221899663559759652,0.01930187517506512864806645,0.1938044048516086026445748
-0.005899067028823809684390245,0.0182226291673707983809205,0.1922306165441134140348112
-0.004121300246877929174260657,0.01573783985152538145158019,0.1874526339057621115991026
-0.004128669078058901965866401,0.01591559777583615581386667,0.1933679832395209519102508
-0.004477960856186543117662957,0.01716396615497669739247577,0.1915002545911648479393108
-0.002289877714581090538403796,0.01204197994433312164652694,0.1976828082764272020988017
-0.003601454685078479215493141,0.01689894645433129630185398,0.1956539248812436404545423
-0.002988575394169206648348203,0.01569956775608141036348897,0.1965114682339275387068511
-0.0005937617579143730220034292,0.014206904885611352715169,0.1921847291746445196558568
-0.001635532377918359238366808,0.01347118325924657501746484,0.1974925442846769130245121
-0.001910838344010750864884751,0.01559000941844424295568139,0.1930619929584522498355881
-0.001184649746041721313921657,0.01685103738790166838512619,0.1950228514996739936915304
-0.001342044124210737968475038,0.01456380527065219074311919,0.1986212696033558544606024
-0.001746838403189253591599184,0.01586440689553550789647751,0.199380404497329882795853
-0.002025326075748483910243802,0.01595298295417554856889808,0.1979722837134202662046079
0.002052914523342851561144018,0.0165921828297970821997076,0.1977043454674450029262545
7.676403832937520868226478e-05,0.01537777055532364364753839,0.2015627811487966380976644
4.370221588220587940597922e-05,0.01452686174977636454630492,0.2007667838270615900952976
0.003185010886659595408937351,0.01561779311500443787052994,0.1901248764844089278458483
0.001425348482337800018818208,0.01848584440922386787353737,0.199073640906060139732503
0.0006680052831062005362638967,0.02184202338401601203865532,0.1953760900193070026986675
0.001706136460626117134359303,0.02186564913024543685415857,0.1960144803095366372591712
-7.053250714465158588504373e-05,0.02282826372203936374227773,0.1945391034745041491937911
-0.0006882412833347135733969013,0.02398832513360122514756156,0.1942696274550011203974265
-0.002003520764635336338238547,0.02460694801271801762654334,0.193533673980045922702331
-0.003603726712012532071294224,0.02546921494174395408927047,0.1947134529368930444537256
-0.00470294537069253833910798,0.0278315583984871696421326,0.1938341042424553406497978
-0.006255578252126817173639495,0.02817205071345400130278236,0.1948354124702615097763925
-0.0102521027052864515533015,0.02750021412625016162256664,0.1967984852811142937323297
-0.009466072288724128661052681,0.02369782668991618490572648,0.201772822007162899726751
-0.01204218823497550140688706,0.02657172786480573728473686,0.2054109368646250544099274
-0.009480352459809788384648144,0.02674344248282630939761439,0.2040017364629797824715496
-0.007831612653177768765266897,0.02573637159146168959522605,0.1998089794155143705811639
-0.01312989155426327186892976,0.02805437194179912635538798,0.200888011687626211188018
-0.01176507563302095493718014,0.02164599002603231903130165,0.2032084637777671620728626
-0.01074563600029797630353023,0.02516224448017490011864083,0.202249557238994542851529
-0.009647467499149520175905081,0.02085396164673067320727284,0.2040680372062713410219459
-0.008982646165859701353761935,0.02109981675807670944977623,0.2047378281561484381079197
-0.009940130414264777142241414,0.02013365559597620271792273,0.204739630975644265609148
-0.008935524679372780498809448,0.01968658387659935615765505,0.2075853472033577507005475
-0.01203786243197308217234287,0.02578800053862634680812427,0.1961731630272493531741418
-0.01078196359064496553936685,0.02346653252702016884123637,0.197626118667710709564389
-0.01076334314065754450828738,0.02350596183039030742656372,0.1975973752658700954842885
-0.009684717410203784807021243,0.02365027876111164620298588,0.199265190824968074778667
-0.008667784671444645969162757,0.0244477318989276166949498,0.1996992097047726733016759
-0.008814450551256618193729508,0.02425646200981897149251409,0.1991053292971628196905698
-0.007587608105261905121208255,0.02371614776138400090821357,0.1997560157031255112514145
-0.007504091982874039161444113,0.02500657930269042927839962,0.1995432640237543853167779
-0.007952699698822524726482541,0.02599729228569542041626939,0.1955242386163735801574148
-0.006928183033658446773883632,0.02426106456405066613690735,0.1923965823403218089460154
-0.007751498192826779612407684,0.03253854207189584707426988,0.2071504214707821922569764
-0.01674662674039992596441984,0.03531400288926088426588734,0.2002846617557194064396242
-0.01612028774103482775537088,0.04071678566155773754120517,0.2131383398013779462143447
-0.01638853551393781166067853,0.04079898003883120766177584,0.2150032596936586326563656
-0.01041148024361487726963116,0.02626398682012368382410195,0.2146808199021442709053531
-0.01116001638482207528046963,0.01979530951084504733494818,0.2062925375977860964482602
-0.009939547081066127734438886,0.0250017749052800948572628,0.214619171716944001637728
-0.004954803138616335235477894,0.03568486495410618658530311,0.2089020428776544591187303
-0.004213156030804202957507076,0.03500328063029204544998052,0.2111877839699470016388005
-0.003566120340087907802234524,0.03410292501932883635351601,0.2074943125012692624054012
-0.006116731992982558409333027,0.03972534059730558481104978,0.2215611630814226518104704
-0.02060697048167219047609677,0.01033051190831593864338789,0.2139257177667989728853115
-0.01899381084667546917832404,0.00815009802984971269690373,0.2126193455194707315758507
-0.02000013929463046943868498,0.009724724517514075558533015,0.2118603728999284840917028
-0.01814719189984715166930052,0.0100030557132353096344568,0.2142382546695173473061402
-0.01715498088633200107766541,0.01113034667205679666135421,0.2147916743527770733201976
-0.01692763398985007786134993,0.01248725415118978783468595,0.2129845177187143223651589
-0.0157802785322419918123682,0.01346499025046884664980062,0.2150074051739417069217808
-0.01685007087885590643105971,0.0161216804909157032654754,0.2116292150219488132911749
-0.01432787424149950354645977,0.01704721887177684802594513,0.2139522021198875800784833
-0.01384795023158830011567044,0.02003056021425007882097447,0.2147252641227277991653466
-0.01340964272885442412630574,0.02227829759717099913918226,0.2158712597297143542807163
-0.01380067101048708388955077,0.02468649568652678608082773,0.2151258571975486477700912
-0.01280561940285012724471958,0.02697456172065142154803397,0.2149175849065058929721062
-0.01178788590726389563789755,0.02914401499786210478215587,0.2145866449579797996527475
-0.01087969976931991641921904,0.03141775237551177463179997,0.2146483040961810195845771
-0.009805628166104973786332266,0.03279516414405345831051264,0.2156145583015670608162395
-0.01412196551481027101404564,0.03692352959109358734313133,0.2219360183794417129554688
-0.01064262964258932964156656,0.03809740776161120445753028,0.2250650474972779868654271
-0.01025088462038634823381145,0.04127288800485866965273019,0.2284929609308046505322665
-0.009938267551609716865534949,0.04166896282338499596376025,0.2287592089957538599165332
-0.01012256174047579740382652,0.04213723378285118975616896,0.2291303520336720744854375
-0.006917537169533202225102375,0.03717490392333788057355193,0.2268359661586011877254521
-0.01219459176881780397561084,0.04148459584818951079165927,0.229934621332725352971238
-0.01218338909898212564508757,0.04061846721126283199509999,0.2305223748205601774774465
-0.01405915366567297639099898,0.03966272015281186585911044,0.2257864610206226363420257
-0.01385318163762320337051293,0.02903214341003818380060331,0.21234349059060034226043
-0.01464526170650509544202134,0.02757581049981215615130026,0.2125955770302153380324484
-0.01627649504897374366230167,0.02634700520443777546630848,0.2130083312282285701311224
-0.01806735115606664804355219,0.0252620362695005484798827,0.2138468875392466883589293
-0.02108278162287198498336949,0.03162315962899731741631015,0.2265412375730739003021341
-0.02198703989783482720676844,0.03108604886657316546116903,0.2262596327017948050208673
-0.01982972496483989890969646,0.02677107025841246254471706,0.2260992725610515008405343
-0.02364246557293549905187646,0.0291849914199106101608816,0.2254422256431566073953121
-0.02392526278919000076728096,0.02260216080929159168655396,0.2179243640884504507049257
-0.02447706526224455517160017,0.02169364045153145126310079,0.2177571474247402827373321
-0.02292527415530795295572908,0.01862158091979895097045627,0.2129655504373402230555712
-0.02333105706702830184351427,0.02402002272600851917605524,0.2216398979961950177486329
-0.02083767239485073349825051,0.02390205516976559585451412,0.225360623623450384567235
-0.02167494781741688761322884,0.02497615576103871110058563,0.2263199292220560709942845
-0.02624302257759297471451099,0.0223054287381706239923318,0.2203413299437891881282781
-0.02338399011778960825957974,0.01906309806913145457607506,0.2108461490065839660790203
-0.02125490621874264948742983,0.01921334443428622182348242,0.2113568209463804192793646
-0.02525171899088274676814514,0.0264813330645308001032312,0.2219413356601742381979392
-0.02158698767072435298342015,0.02838292623907508888114748,0.2263056438252342983386001
-0.0224644747898658028728569,0.02390210801230030143726957,0.2171010990787654304501331
-0.02065368885571104012877086,0.02750038863772288552644874,0.2230294192844822775967373
-0.0187323275992701925030115,0.02861527243954522375934957,0.2242003579922208778008041
-0.01856223811593711234269044,0.03143710140632527405557539,0.2217043783507647858321832
-0.01725436878677790927816282,0.02672331036819691058026294,0.2169064757917084085292458
-0.01908356918861399062481432,0.02635489628893111779817104,0.2142606025332463026700225
-0.01332780955598714643650649,0.03078146894247248133158479,0.2224456200876576972280674
-0.01718729616248163005742811,0.02535665100124625745414697,0.2140938391197892143313908
-0.01245799198285052304668863,0.02329694035912308752722666,0.2089022859401788445588011
-0.01117476088619304488980255,0.0252834864195085225191395,0.2103309679818177457821804
-0.008855560173102227164432243,0.02187338275773337281648878,0.2098375580738800205704564
-0.007837798028044667270064494,0.02185964606799043266627258,0.2102587439309169248247144
-0.008068438963427527685356999,0.02452225662759759117204084,0.2117205798738714395135219
-0.006310236865868270629553738,0.0222546496774286596542769,0.2112741159986337713405646
-0.0059999832559307283985639,0.02322304920308063125311548,0.2123376781197037765913649
-0.004247537498884370460450199,0.02107339460277415921218847,0.2126533012909143927071653
-0.003015658949214658317294901,0.01938831013453048285333224,0.2119321655988977981532884
-0.002989393699398585832471831,0.01806901891041947857963201,0.2114964706731757571045449
-0.002716296614345921778960191,0.01691599047632272659336117,0.2115461610264643965706455
-0.002946642552020686291192053,0.01767309114138252215675529,0.211958856663770595085694
-0.004357511985044040803138898,0.01757165631358510032855591,0.2124192427587290876722648
-0.006672811553511263579774315,0.01548754946078865872560737,0.2120236791794828379309479
-0.008689107306441666914165189,0.01689764158410467231874463,0.2127479369260820429854419
-0.009192332181261751375411784,0.01404011656301660387891062,0.2126834825076222290629602
-0.01015145413469577782838993,0.01305820737317404771349327,0.2117909523516395275954949
-0.0113257745908336374812686,0.0172530495404329270447974,0.2138059089293172787549224
-0.01228956349873155419472059,0.01292277248053656270310174,0.2120432162715212287551481
-0.0127691996139407456384296,0.01474358717992622740122766,0.2126734590468982166733269
-0.01384064011443380745602916,0.01593094111740698398671512,0.2135248429340837750256554
-0.01529983644967954255211584,0.01860533666184007936528211,0.2158710824759746127465831
-0.01547178277731714804432706,0.01876529458312083120663516,0.2144522180570683222988748
-0.01632341711255847968575772,0.01856485246139813818921915,0.2139639965828617762522157
-0.01782398407429548747860082,0.01995382483765682779530692,0.2162344264377243086006075
-0.01871839249330568485940596,0.0210555095181645529622827,0.2160111343266119809936043
-0.01817014762164264815580417,0.02167530541124511322959023,0.2172011959016435511671261
-0.01829868454409075417821384,0.02237103725600427320263641,0.2169330752344871549031069
-0.01833789655640364474331605,0.0232815242688344525845423,0.2168450516350295675938042
-0.01840446155575601802634189,0.02249156348579109745977611,0.2167628551204745235292393
-0.01805809366179672234564713,0.0219313218251647006062921,0.2177278729079673014190632
-0.01817172577914054690251255,0.02340235089283323674513859,0.2185843027133682059393038
-0.01740198962866925866399548,0.0221914704582171010138758,0.2183315464195136057501401
-0.01763007340944950859795703,0.02229859919277669272341669,0.2181779139179169102469302
-0.01711121123993531584206451,0.02475009496568317951536997,0.2193220349258285517546341
-0.01687609948657031386232141,0.02101281458104267349518146,0.2183460088588385639152278
-0.01788409476828891828126267,0.0216327447460488882235996,0.2179142706971553267170094
-0.01679538752626169584303284,0.02387096483367556060128933,0.2185228022370894751524872
-0.01644305600842722175913835,0.0221817361925018136092902,0.2174705677581113549834413
-0.01680406038166443183357046,0.02250933887496323754229266,0.2174784240612452346219641
-0.01753770351560541423951989,0.02525576716563677701077317,0.2187171670538468060129844
-0.01774801284712965165901721,0.02179361138514953818989817,0.2179118077872071179701408
-0.0209834126070540943898024,0.0226514667531782336318269,0.2172217509176888328159549
-0.01924761083416872547990906,0.02526808531001361463053101,0.2225129949572202947560839
-0.02279578632564337875576754,0.02341820718027247741344077,0.2184595026900069125730397
-0.02062329384328710768503612,0.02317356850380644997522417,0.2208316747623830234026343
-0.0204555965681959897595199,0.02326807310642699938574296,0.2202228085543685154323867
-0.02076047862115368292101891,0.02051076202991669941710917,0.2205440515498479359113304
-0.02228535029266464836950057,0.02410200757506329727331007,0.2252606391938827556931102
-0.0209019653682987437137708,0.02227829945682510345839056,0.2216294363040657022789759
-0.02090635007124136413025894,0.02224528343169879587848392,0.2215963879969078675902239
-0.02156448931568714921791496,0.02333265156283282834581705,0.2221381844763878343762542
-0.02190443399763246715150622,0.02247621730085639854546109,0.2221587650607657060675137
-0.02178985802632229032416156,0.02217040886728830623164654,0.2227129090542004918873431
-0.02155782510465005519240123,0.02465540730813240571928091,0.2237729921500379859367058
-0.0209062579725048935941345,0.02126080176831558754546592,0.2233325379891824280509383
-0.02216172018374049784705804,0.02101179635611594154198656,0.2219971885877814743448511
-0.02058645841155282499301826,0.02191913588308215185551653,0.2226785016749187884332883
-0.02303616492116914230003921,0.02354641625988296640969999,0.2254917814745011628296822
-0.02181780704309281906927431,0.02064694571819929505562818,0.221787674710803489608324
-0.02018976841141395181522533,0.02057124817107774950031285,0.2226683464200301110214042
-0.02104346549643368313731173,0.02060775239167651762262068,0.223997793995258459576192
-0.02323684216268723234932736,0.02077486665295614348680786,0.222860201624948878196264
-0.02083357129811232513749708,0.02009881512446189816278874,0.2244568949572920968371648
-0.02162831154480707174236898,0.01883726552246423741054926,0.2234010602079601615077564
-0.0212196850838274574113651,0.01874935857768056379768495,0.2243007299226571771288974
-0.02078133236884315004910917,0.01701971514708857866060576,0.2225668815798402255801136
-0.02122855944859174462391316,0.01586443183247409141611861,0.2224044145708108932701919
-0.02224547021702618504468418,0.01862859494703127116732588,0.2248509478357738344822536
-0.0218492648355711714669436,0.01495469174362929615229589,0.2218558647853781096159764
-0.02147994969323509251157844,0.01622067486877850142623636,0.2226175140894423032378313
-0.02183485655094456398539471,0.0196812980288707875531351,0.2252280122732696898690818
-0.02157165875069268906605302,0.01392353383743685953100044,0.2239690858980803722655395
-0.02183083928899580763993704,0.01714006855141225749150635,0.2271541493710125814153855
-0.0190843854296995421582217,0.01469842151269715700701024,0.2225545564723059033251928
-0.01758388009950573316331202,0.01609830677438705420767562,0.2224774070094557854027073
-0.01657824230694401532182347,0.01601870981455229270284946,0.2213721693929703027148292
-0.01546914600147296543763975,0.01892722209530976751334919,0.2229807439812888647523437
-0.01719832922203106198577593,0.01943832196772078343971479,0.2224702518850528998317628
-0.01688154063675400065602794,0.01990851091166297159862353,0.2237432673743529609744485
-0.01707616365506262404161397,0.01995639204584797807284779,0.2257644827632216688595435
-0.01584920639983601262090751,0.01840952038124625544934787,0.2246337961854041331832832
-0.01481394107873481615078592,0.01930710603907352315711243,0.2244504844231873519344589
-0.01376735177830934638010252,0.01969501470622942590482651,0.2243956607387576629442094
-0.01300187187395345639329136,0.01916714545198196922859424,0.2238494618703101290968505
-0.01443959902772554149130713,0.02113753767255373630651327,0.2281217469434395628269385
-0.01332049525175407235499936,0.01864215435731136558117349,0.2243869878759557623393306
-0.01381078927735781940178139,0.02026344870422759972261595,0.2260186032191499327925754
-0.01485142897398469656600195,0.02145891319170489461298779,0.2249499456566184940609077
-0.01628188476990389058074449,0.0237925547068723215737851,0.2252748410209670648640667
-0.01697983227640792805446246,0.02232927441509617236259366,0.2258552074419561683793489
-0.01758460161411037891987519,0.02252538835150768789516995,0.2262511725940122564448842
-0.01949034600580992065976815,0.02164003940426217562076339,0.2251455614762557511099317
-0.02009888008195192393712247,0.02113399584954610971321287,0.2253794735383849445753413
-0.02114626572337298046622145,0.02150841402761205153892909,0.2250357428653454727740524
-0.02248111107400982064397077,0.0251811825438340991523134,0.2350989193078053818286577
-0.02492607518354991724685021,0.02736539244103420448483988,0.2397470547224282433340647
-0.02735621802677061162323291,0.02368051401158360533272251,0.2346801706613866611572661
-0.02782716540871561089476316,0.02678544608591274314712827,0.2403823030549602224326122
-0.02862317029608585361444284,0.02658397496811378338255061,0.2400429937246612854817585
-0.02857522955563198546746762,0.02278238501014397121569033,0.2343085928275728535563616
-0.02401395404973337074916451,0.02500364742950248603259311,0.2398635489756181515819122
-0.0267260780670557571148116,0.02761075649361841716222798,0.2404762649064409452126512
-0.03034224104437365995834419,0.02161849926465683399690043,0.2317874598543556985408287
-0.02588029615461778787377511,0.01930638825587584206378011,0.2273579856860238890270409
-0.02697328656794167889287905,0.02171588186337411810478137,0.2257556473552676523652849
-0.02705251632919121115850025,0.02107675213745059325520792,0.2274893177326128279602813
-0.02618133217703031909162625,0.02177217008347902965637033,0.2282428503372993799924728
-0.02468176944386723040136822,0.02309358408009157953566515,0.2288975445061142144353994
-0.02483703826114030954741452,0.02494352439050891850902403,0.2276141134637810481411435
-0.02254617132658601544314969,0.02518664073598191402436619,0.2272193931519368992333341
-0.02262988626912771847332628,0.03048220863123812449102523,0.2395705700506491342416382
-0.02222562049283737656280024,0.03155026691675102967771238,0.2386723501875652742043599
-0.01810998533747395361492849,0.02534824913396312162650048,0.2341704521687462958734471
-0.01566763686756290213653031,0.02943105669065508925297259,0.2411580185592774872027633
-0.01561188850298452987508391,0.03090793533930802014508821,0.2444296103410887877060986
-0.01244859576556972720340344,0.02948220388775463218777872,0.2422203427033892131348125
-0.01461426785546300795293195,0.03029738655395182791996156,0.2411408929286328328700506
-0.01306736113707961804975,0.03180524024313201997271605,0.2441440693083180291100831
-0.01475795387864389275611732,0.02880530972359544514271867,0.2346850810365476713847954
-0.01020146925822183400778265,0.03407503171729416024948733,0.2439483885205402380336182
-0.007970782536459037823095564,0.03632515537252604953533108,0.2429005212879210007237418
-0.008779606915158607444160666,0.03649318717802126077476288,0.2444624697561356974073732
-0.008290515002940828173660925,0.03712281566606269456176648,0.2418873316404371587307054
-0.006319054621748708237827241,0.03775626198141888989479042,0.2417398456034324238927979
-0.00873069087497377674389476,0.03963035698330149431134473,0.2406931121720316535395057
-0.006893004791929208292800002,0.04093201010816233109679274,0.2410035123612066787490704
-0.003344703062006232265751526,0.04166755721349546526255381,0.2462123915006323437992819
-0.002864466074437541608099789,0.04131737297363861916021932,0.2453523686820504312589009
-0.002984465384525730215214967,0.03615409689621124078584558,0.235183303628487133662972
-0.002146421710823292073461177,0.04067725253356842263219306,0.2412845532336881371193726
-0.001091921984087206726199426,0.03231907159791162775785978,0.229521592810492586211879
-0.002958902405716665358348383,0.03455551844370328973266027,0.2346206856486932335048579
-0.004508789163636393523826307,0.03312696530893936147643686,0.2349460331295147030861159
-0.005282454792124880241233065,0.03299195444955507067197331,0.2357952715095227858022042
-0.005754279037700395053878122,0.03210492389242808330962475,0.2358241076379722633848957
-0.004811413196634219818781375,0.02891905739215813037068514,0.2318390143785943602328103
-0.009118861131012092474668052,0.03563404868398876296220479,0.2431089877995315229330942
-0.01222022395032958640148646,0.034322297522476431785865,0.2417827354910725978776043
-0.01829235242036418226940775,0.03313230218543367772143782,0.2391274688763603273322644
-0.016145148271297145997627,0.03396838721020775664349856,0.2425539270304196970418076
-0.01562943547163327118187937,0.03329404240632209688310894,0.2453782435410986895174545
-0.01655943997820915475349679,0.03329607674220393803699025,0.2450624616549605394588696
-0.01489607484933869532839346,0.03206637207750097362524144,0.2456260351643977934976704
-0.01683963038241129139827024,0.03000956515999980353526233,0.2465628952964856179796982
-0.01581312364573991130489716,0.03069067877170487609883587,0.2454841075822118134919236
-0.01711716260115677193387462,0.03053212943822498220969308,0.2447346118032240613882067
-0.02061358594043167027920482,0.02922333008035768800447762,0.2445530799860894943797973
-0.02064449240851572858757024,0.02820650857082071874537554,0.2441790704510215515021798
-0.01963156634641489289849758,0.02795107045077204616090327,0.2458124310953534175094859
-0.01964976079013074777845915,0.0250263014844815355475216,0.2436046103218180713945173
-0.02193283442954397158275448,0.02426679680817799347747332,0.2425556565028607891587598
-0.02186720011199929508682871,0.02432148491642162693726625,0.2424197744610443183699289
-0.02203512078497192952508676,0.02134592001287997919956041,0.2361729667592176729051801
-0.02215755280273573255001018,0.02355671802675407891514148,0.2411989933073883651815095
-0.02299236575331417911649545,0.02350171202813723658753275,0.2408550288627006596975377
-0.01795953495810553510181329,0.01801580433528587529834475,0.2302702387934411620840081
-0.01839074356435488333261219,0.02039916069332286738258198,0.2340968159794417358110508
-0.01796710024879318023938168,0.02129634532523637380219128,0.2350089972768328039354202
-0.01693299596182379698761089,0.02019316179335530272997978,0.2319405262683692237057898
-0.01757173089807873705980867,0.02195140927603684080637869,0.2351991232176222079708339
-0.02032547054049612528237034,0.02702224148072400466968901,0.2425628049990161683169276
-0.0141332966631403256912991,0.02439601915500335532760445,0.2403566338477794994687997
-0.01361294042297032588773043,0.02937581208417678127475803,0.2481473348048708060797907
-0.01599145335297743469871179,0.0313505310446674234636788,0.2457170085951340121610542
-0.01621653935581661432063783,0.03418085866765664670996472,0.2431080576490861622218631
-0.01542859027633151393354982,0.03585738857755550734740524,0.2443637986737651757174206
-0.01408355618474258635908214,0.03708279910282866881354735,0.245391627702478964945243
-0.01370288731407111326721093,0.03747018027054367650396927,0.2452818533790604715871808
-0.01546867910290058295563753,0.03840773901244611682193053,0.2429327942715231725134828
-0.01138098071405983964521358,0.03805815567561622592140935,0.2472399632966060523120433
-0.009128698435088910406731699,0.03816995474262133147824727,0.2466641755559899895633436
-0.008148813759825346281218117,0.03849734228775569810920842,0.2469862695375430461375288
-0.00754950311044155514955678,0.03719023858064583742955023,0.2473197314739120633575453
-0.005608594040220118634443303,0.03667106337367363744217386,0.240845438628192520802429
-0.005888253565916822494796801,0.03985682124332751846695899,0.245943621380266930209757
-0.009872146742603961008799551,0.0388456973986451292724098,0.2465200085472170066225317
-0.008873955965476068227792972,0.03727769429320647309733516,0.2442995716102923930979074
-0.01070706900630484514902463,0.03993036125744797021352994,0.2469323152934562171090249
-0.01272095856820033323020258,0.03853460248029701856742335,0.2477128737209037256938871
-0.01347563799451863969514065,0.03674644245823347615820254,0.2424176064766986604670507
-0.01371768622941657578273578,0.03731081269340502659659364,0.2468898270144207207632547
-0.01486834409478469433418812,0.03650730183634089132116429,0.2464208640497199676033802
-0.01448013188381198218523949,0.03247187697632367836542144,0.2437632388058826315990757
-0.01797984862423623875216094,0.03513278291733370334304354,0.2471267069868766930174075
-0.02433425177075025647166484,0.03269077418616923164096377,0.2416525203259016485457522
-0.01946440508599077412466016,0.02770742555486502972650342,0.233499448883046800684582
-0.02138824606987649312728195,0.02672397820971277385138087,0.2365802604303719747225188
-0.02363678161934589308512678,0.03112760638230244528146251,0.2460193459451404385252005
-0.01989699666446400824759699,0.03046875654891193982432007,0.2478303947535864526496852
-0.0231731934215373656937853,0.03154588714255962544896761,0.2494436346387924607892472
-0.02067900534411229104825303,0.02829934332656277445883219,0.2451110483828809194495335
-0.02321642989588652145060976,0.02934518171749832954331438,0.2451690769166465777573194
-0.02280507138123180274624779,0.02647075208058153120149747,0.242288489431784159755523
-0.02114223373705023667490366,0.02633579813504111077904213,0.2403365697898219022210498
-0.02579973208903090647892142,0.02740600554056191878737891,0.2426564817841874721615625
-0.03229554212420531617011576,0.02499184110620361262689038,0.2403597118867200621572522
-0.03001105677720223088855711,0.02340242887907256069679462,0.2340476270631106359143558
-0.03064245650622565014797871,0.02459491679754062520846247,0.2390917075773056621468271
-0.03248395982037807078190994,0.03040592290380664947102574,0.2458869793985433704897048
-0.02671479509961999926348497,0.03131171570244129648274978,0.2466134354238497250477735
-0.02509781644982457884940352,0.02820363138062689442597808,0.2460874755711375816424891
-0.02340561096198777793486734,0.02750840528946366797535816,0.2461037662899310529684982
-0.02289033483192998152944142,0.02857035857082340993273739,0.2462639055019182066086358
-0.02008182021724164156850634,0.02595379983632684420258308,0.2470050137562999070794945
-0.02297819621010023516394227,0.02320675596577344637627682,0.2396673509074556951414792
-0.01847316487521597980214771,0.01870005019597494391736525,0.2333428059315501290615913
-0.01668050329185454677682898,0.01910386749776457615546121,0.2332505153116562202075812
-0.01340445806866702276038961,0.01740071609607509589556784,0.2346734332447156234913166
-0.01170311059489136280842292,0.01823135201497917690094397,0.2342359482161276706957409
-0.01088482723315776536099353,0.02097559649144464452574788,0.2379200335680909383917481
-0.008946198902079018078215,0.02172537875298289483660952,0.2377614658410450165781924
-0.008106901241499275129198665,0.02405679959524179706287228,0.238693696949527162098903
-0.006689137962085487179586529,0.02408694130911340214318273,0.2386586090820049244065615
-0.004109683898680491394295178,0.02076318918992678050350342,0.234285484989684461565318
-0.008694706916345119537825603,0.02762070017352088319162462,0.2399712997661920532710411
-0.001862597917128027292382741,0.02815267302056964973666631,0.2469752283141604387584067
-0.002422122604166339430303845,0.03391077220070985026589838,0.2483772193222858748473669
-0.005040290848764782637159154,0.03314367487139046469790671,0.242936284257223106264334
-0.004476008237150132067216912,0.03122121435167883943262446,0.2356325099455553739868918
-0.003888270795324614854254763,0.03158907627055670269689003,0.2365459672915962707762105
-0.004845195655561600721339399,0.03406185175090960248756033,0.2360723523037940307922611
-0.005386966727349362139831701,0.03660701712232754950759883,0.236667585635191718429482
-0.00680784879332451894895506,0.03767290046578471163218893,0.2399263876670352790831942
-0.006253062322140848922069623,0.03810870234390779931477056,0.2412101385845791534645599
-0.006803846805323001539766992,0.03852512286212225744996829,0.2404041215713572376966312
-0.006490560888206139966705166,0.03795564189374067698423687,0.2410922579694304568320717
-0.00710039886630483250973267,0.0429992435193937358461902,0.2517829523855778517393844
-0.006482292431795736928346052,0.04334690674296021867251127,0.2519485528248008310292505
-0.007603364510940426729268538,0.04285745474403465649082534,0.2491238863145113224817351
-0.006989579967050565598163381,0.0412639897557904936076234,0.2511652952493035884096173
-0.007097933628730514546423258,0.04098671199843854223709982,0.2512095730805887772163487
-0.007021252098547738941525242,0.04064514201121502412483721,0.2507073708276905121827838
-0.007351589963305258865200464,0.03926842636714328316216438,0.2501295982453384247889971
-0.007170135360760002823932169,0.037787352106505349425003,0.2525017219934187484575716
-0.007351513657398930923214664,0.0338950103341487257724296,0.2442397480126927700183614
-0.007711951336745150736851073,0.02746619790828407417504486,0.2367726698204747626252953
-0.0100557922541049081510689,0.0289141930998307872258124,0.2407804916709311016109751
-0.009072264541959204967036534,0.02895803901551161768646026,0.23599644723539156543346
-0.00867844113996906786623331,0.02715655390359823784240945,0.2364168504797731495958857
-0.009019450712715133475216867,0.02642318068016369023154333,0.2363788598054973044693128
-0.009493144978798270100517342,0.02798118880500781793796428,0.2381695455051258403234016
-0.009678592545763373480860459,0.02504802999764938267746039,0.2373675229699403477212627
-0.00909674345733732167551544,0.02467019803634761324073743,0.2375675515868855558476724
-0.00905322980486604651784166,0.02562569398937798725857107,0.2381469231119413831887499
-0.01050288323679187015013969,0.02451054425539454795224259,0.2361643334208370081928052
-0.01126290995922939186524303,0.02462065596062215297457065,0.234962914734098721192268
-0.01131936744851173674841771,0.02472997042668171122081766,0.2353158012073072458125722
-0.01113773447302432786920612,0.02615435685242897129176853,0.2361745903997084228276293
-0.01173492122632581804997365,0.02706932235345504630941171,0.2363890186397002990403848
-0.01261023001857682068749256,0.02789986373076813394589202,0.2366095796569991360769336
-0.01269737604965153962566227,0.0298111443724399516330692,0.2381409882245313636150996
-0.01448124595671093813031849,0.03105196253471285625091802,0.2378243707166611542458412
-0.01393500290077365720564639,0.02938780108805167518015722,0.2387874155644271745302376
-0.01542712705957848332016802,0.02959241497607510706924216,0.2378770423444108161881161
-0.01711545849403306104874467,0.02958341749026887138040998,0.2375589859797014036235652
-0.0175399436090640445384814,0.028052238490018376743107,0.2387364074838420613389189
-0.01912290668967744911022066,0.02862554386978604856195396,0.2386019532497775930135475
-0.02068018903832779392670815,0.02840077492843088094454096,0.2391131444357623980767613
-0.02211922686154019213056188,0.02904846055481237129813898,0.2393520071667067927734251
-0.02242232955377100600546925,0.02627522431649529852104585,0.237769237843683922672966
-0.02290173680729854638338239,0.0257199957535069953507012,0.2379485743021829413645918
-0.02267805016829875508488357,0.02652820924318275916387044,0.2396075040525900423649119
-0.02280332763268503107334517,0.02241195998375695302984312,0.2396142530645984369819246
-0.02349956201251906032223538,0.02165958576501138266312552,0.2397912561539164433277449
-0.02322799753364021904666892,0.02145004066317077531800273,0.239255751460340865266474
-0.02289150471682612278390145,0.01971279061212820316040251,0.2399574930547024309568371
-0.0228906167080698413895945,0.01817382834724134629822423,0.2395905637504283369754177
-0.02151862797685379427581331,0.01717929433063251215552114,0.2400402726867464919813244
-0.0216064726032482098960763,0.01705147704074775824589771,0.2393236258409667804869514
-0.02076926860296345392353778,0.01865983406109697831376515,0.2400925171213063313846447
-0.02004586235331038898688227,0.01673926553589438759317432,0.2394038680979024003026012
-0.01844669562432994791567609,0.01599285841539606345396152,0.2403503681081542442399268
-0.01679389090266738410184288,0.01715404135830948459395806,0.2398917518253990688315014
-0.01426964298797002081431451,0.01318568952192359158837043,0.2406752934875600602460111
-0.01260190363198232521568798,0.01340820739831794124186093,0.2401216206272863140647189
-0.01129193164974795493549209,0.01545813711637041530655434,0.2404998427417096018565701
-0.009693816997755420883375876,0.01284403377404936576200445,0.2411344967208961798110778
-0.008388837933157819795604304,0.01331380630571715045773473,0.2416047900942541182267576
-0.007205534012050942259397512,0.01520206906319627321311216,0.24264632783916548208758
-0.00570441061765073007677751,0.01337969830498570225629784,0.2419403271443067438006835
-0.004831600619311179727055627,0.01428343318742577965074769,0.24145318728397746621539
-0.004402512160905544882916196,0.01587736286656217521429113,0.2414521556663344892257328
-0.004035069566837776004752936,0.01449483701339573243904724,0.2410947730910937281123552
-0.006475425508229725596320847,0.01671004210591376520911311,0.2420276968534602335392236
-0.007595079725547218031656005,0.01741853171343395526027287,0.2418512624919520459521038
-0.00829251682710956117272616,0.01956033834881926170012889,0.2436021667591872774671913
-0.01007896927054918387312021,0.02156090464250109625665708,0.243883842223117847103353
-0.008783582233518749324274744,0.0220504547668566447393701,0.2447652779134174005903901
-0.008900875671286919213476274,0.02219699615963744918079037,0.2448454266535944334748365
-0.009598123820094834127147898,0.023529984038182620575963,0.2448738721297651910191462
-0.009487576705627533135700702,0.02460581723734654030488755,0.2448658751321321491722927
-0.01008006993222423409994892,0.02466658058115182156067036,0.2444079502166254802553169
-0.009810295061790612683449986,0.02591750029628050663865757,0.244484918871432421738632
-0.009377981422889938856179981,0.02628490883325258764546817,0.2445557362370330278800168
-0.008632850934913784482493959,0.0268906832051750768752818,0.24515232399752837078033
-0.009061182716094084294011779,0.02996587386641586317481689,0.249289343096666754506785
-0.007491729273272316157183948,0.02831012009403336554536068,0.24417496373325811576116
-0.005853029915241073077858402,0.02835629848402160604892153,0.244358276112440181426777
-0.0046954080664351645346688,0.02955179639398822916129816,0.2443302099347457456701704
-0.003724724215265953503745111,0.0299404003447164696050109,0.2443552971304933096874379
-0.002462747422469097405284266,0.02943355041675214597840515,0.2445529982653543710213739
-0.001945212184635643996172272,0.02956877227134981078737752,0.2450427385991792716968263
-0.001739699947811351038451377,0.02998013261659402545200592,0.2453579630432030644904273
-0.00101751229176570896252374,0.02989597761762428224097121,0.245821858347868654748325
-0.0007805625871918785065733948,0.02990793614474874032027607,0.2453915373205192707040112
2.963014278211874199652626e-05,0.02963385544957049949621464,0.2459816354303717977902721
0.0001789330907382067324413316,0.02748920303016518310035288,0.2474010201347652260217558
-0.0005666221559072752867597389,0.02644165213916423173845516,0.2464279309760767366910272
-0.0009304578099533784407010328,0.02846074299729414378012926,0.2492258622171726611949083
-0.001845111549344085818957772,0.0246075496589354819620965,0.2482188714188895417578351
-0.002156331645643040379606292,0.024232447895903161394493,0.248326336600957237044085
-0.003169642921317944537357159,0.02436958052558926834940678,0.2486600535000779710337326
-0.004560794002412343721430954,0.02266460234517252841923707,0.2484304927515167404905583
-0.005210285508159665651684023,0.02312045703142106417571355,0.2492882920463060925087007
-0.006588735037200917771249564,0.02160994873361359036589846,0.2492834948890151891554012
-0.007625715013988535947997427,0.02112500978059681303045103,0.2497093503020087479349343
-0.009428177080232179665952863,0.0217199760290023233255674,0.2493126299106255272519661
-0.01000704797920170911751381,0.02021003166249422250411172,0.2495384206407885441247885
-0.01011722214549474335720802,0.01979369786086095442390054,0.2497360938365704996488859
-0.0111425339186719731671138,0.01681700114933238482395339,0.2493025809007406723427636
-0.0118977590147168969109126,0.01813046544587899877587489,0.2498341194798759656858778
-0.0118493703014503140580338,0.01530586641492102592532198,0.2492514093278262732322759
-0.01306667067858442027317167,0.01564404593078537464290179,0.2488953378231323898539529
-0.01313982299024874129955709,0.01819879958081627863153429,0.2501558627053777628113096
-0.01289536396913678120701441,0.01553031006031576483072953,0.249893955667510325735492
-0.013226723464408531721892,0.01573129030291072968927857,0.249514143702896706855654
-0.01306344797690366967002351,0.01825043772481483791980672,0.2497301174993514782940451
-0.01257443954508979944151292,0.01654524178975324416596138,0.2494702259906493579943998
-0.0134285597247118231728491,0.01937627791425881179643298,0.2491710743380543546798833
-0.01309329850323980200255125,0.02325361756060290163716786,0.2496556231981224560634303
-0.0135726168849584927916796,0.02251552160631423507575199,0.2494987391919999686340503
-0.01357524112672526053757771,0.02442473415585560275742338,0.2504469640750848213883728
-0.01302939728131724018977966,0.02745670763934183328247585,0.2508557309646133881564367
-0.01137334630513974279009126,0.0267669483508189386122833,0.2507955798792222967819043
-0.01252483720092218040520482,0.02901037041183458786708371,0.2496212754588094939744991
-0.0112811053745760659500208,0.03168410477943241210230241,0.2487437625720131662010459
-0.01086483757327760639455061,0.03146390615788447614464829,0.2493681009484284560873135
-0.01064533937323353454673658,0.03296803990964052022416553,0.2497639198514195468803223
-0.009826580764301059631171675,0.03419366307856753356420043,0.2497874054226660311961439
-0.009267554821808300993812857,0.03379022795363728626227839,0.250532271933299133248596
-0.01021903433110955480844773,0.03425272922343938070133262,0.2502539802884803377125422
-0.01044841885500705225275908,0.03596328206656726478307462,0.2539615347471678163948638
-0.009410607265127523754499883,0.03255546020998340006613603,0.2551815389556694180228646
-0.008724381616025515123746814,0.03242444258400659085062046,0.2517323917565978952382011
-0.007757232844657793550957603,0.03062757080772713497163195,0.2522617173572823667804244
-0.006661055872357590605659095,0.02750216951632325490528785,0.253997667821303452218018
-0.006839333030000345481358437,0.02712880981388260392961342,0.2525895317125754213627431
-0.00618809561088591933430969,0.02591635696033081637246198,0.2551368290493342128044674
-0.005987645709137361452190085,0.0242289791832183375175358,0.2540918774173715477537883
-0.006683857095573671018573503,0.02191481310994352824095266,0.2549792399686505173228568
-0.00753123688331243119203906,0.02258327987481428822391649,0.2557072454638207315014142
-0.00775497975958020988040964,0.01923407952580884205939782,0.2554486851051870899276253
-0.008549337183589853991771967,0.01824707705829606632641493,0.2554231230261435614536936
-0.008903296770165070386782169,0.01908413930342224909542104,0.2557887270160199566504389
-0.008333175565134314302651042,0.01574146678085577150119079,0.2546605753382396586381731
-0.008569484649534601927722832,0.01473470041667709028165856,0.2547879418634356185613399
-0.009169938440718018377029175,0.01558134345170737733443644,0.2554155396353651186203138
-0.01096478031959265304895457,0.01189235144649920285220279,0.2546955094321826651437846
-0.01098769167037584593149546,0.01286280799675361408151986,0.2547164988333496804528977
-0.01295248998920619717956093,0.01398497642383777009311707,0.2546777843789050366218873
-0.01266345049287749546795823,0.01232470564777340092665892,0.2555366136937146648300256
-0.01222747236246116663005434,0.01196695679677069190649519,0.2559062004553775970805418
-0.01242028451963002322333551,0.01382240259092155226783305,0.2566797729452852672160645
-0.01292780663690383698150033,0.01033140693729126674549335,0.2557832853856122912183935
-0.01243628178361215128044925,0.01044473820445396099187985,0.2563245438088464500658858
-0.01331063806733588997244233,0.0127326408226678660512432,0.2566464279555680794153716
-0.01258802203809701591996628,0.01035560768601096436059006,0.2565490132478229212686927
-0.01346736060065856221967806,0.01153734700633689963522599,0.2559942294378390603704077
-0.01362784114277470343123966,0.01365846037797710174621635,0.2573964940947227053591462
-0.01291050718587805935799739,0.01061324810249174820098172,0.2574737235274194291356764
-0.01272721742004337755482801,0.01094082179724100052642388,0.2568782902386830269136908
-0.01323879579622443992958924,0.01461875678412596912814081,0.2560190763105561484458406
-0.01234596594166626447319768,0.0135812827522861206269722,0.2551811562027234137062237
-0.01236074342816641247200238,0.01507722882048556298228981,0.255284063248714221394664
-0.01207522887325063881691634,0.01803854380599089271552948,0.2559628404640728049912468
-0.01188256549301849179789414,0.01679960438936397432163616,0.2568759128551237336246515
-0.01151152840373844896126876,0.01823186684875553395523973,0.2569693690110544936899828
-0.01095219653717436833484378,0.02123069812646011592094375,0.2576743925164763360236009
-0.01038722237623958613572661,0.02096598999574792593358907,0.2581339336469810064045305
-0.008988247595202801532021653,0.02125239815069942736491804,0.2580267334988278205010204
-0.006511501174578491688005322,0.02239675815149443430240872,0.2592194299172183025170568
-0.006124847624376248723943039,0.02382006646315405415381683,0.2586592148518933598211333
-0.005009627134227288142165335,0.02807700081664676883264065,0.2596016672197500874119669
-0.004710323661614258805574451,0.02465912017189859570254207,0.2584725661203197133453102
-0.004410123377446836974435929,0.02775898192467707997765913,0.2593604852943681149390898
-0.003190755838363436378696258,0.02942794302012941357049591,0.260768050762557379584905
-0.002745135178951643110251135,0.02776147771547541817649396,0.259253858287576799401819
-0.002993169759974272266245254,0.02851962420875206113968225,0.2597588097205889567931081
-0.001622986706709683268207156,0.02741363137666402022274426,0.260540647126276059264427
-0.001736870799025058090953033,0.02668694824440496007889045,0.2596741666829741612687599
-0.001834370710759286810312418,0.02730493793161156354520891,0.2599346048509474926824225
-0.002644786919360462423833624,0.02760656437107896626903525,0.259949743064558980165657
-0.002846356963611973607541916,0.02769286382721968670095336,0.2599947594734449696218803
-0.003595486210055485326586577,0.027291442389409604346584,0.2604348661158816247152004
-0.00503276833033799823879928,0.02763217415321112327419861,0.2611677470892286301307195
-0.005557291257731766277727647,0.02735941240527407086746692,0.2611365618217638129294755
-0.006010555533074134204607475,0.02636050879531576934811099,0.2612736243954428827507286
-0.006626805388469599739087457,0.0259084165875797071965092,0.2613688321711655770940297
-0.007460843688105364343576831,0.0262699256417504682648012,0.2609672609193596226617728
-0.00845259679169097985496073,0.02452925626455454075069973,0.2615699309194172150760949
-0.01064448296710769278905495,0.02391963249117861137205132,0.261581476307579607887277
-0.01026957616442133666700975,0.02429641888076502012627778,0.2619287877928805907679077
-0.01200460080807232675359497,0.02156023459342310683028998,0.2625739633525493443855225
-0.01279222307499791079499207,0.02115572704227245554031711,0.2623943096340279335088042
-0.01367147941218289398934704,0.0219227957949740502596736,0.26202202880677138985277
-0.01475574561839960475995159,0.01921382491208420764672304,0.2627078559097481558204379
-0.01559500924249035587465517,0.0183336021367404254645006,0.2624897104484450460759604
-0.01499019723149407068429895,0.01816302997151604536885117,0.2627924770877184679207517
-0.0173994578265040805709063,0.01851313474390496247035109,0.2626682925859171735538666
-0.01648597138238936180010263,0.01750537286485197643881584,0.2634685456853579355041006
-0.01883600636279957746266334,0.01935251594392834242897017,0.2621412119424009756762928
-0.01843228473453647348057061,0.01764367720363819655449156,0.2637972160231070173352919
-0.02107917831870191605059262,0.01963826982413194657817179,0.2628178501930972243982865
-0.02225042316895584765257254,0.02015261954886577583367924,0.2631775533974158864936044
-0.02319878262742109883975949,0.02039431178785038392686779,0.2628404953053189996303729
-0.02376010318464279180705745,0.0222070445851594959474351,0.2631589348085376922625755
-0.02474953211924234980356729,0.02039647827746859237718624,0.2627151605147599044975948
-0.02483595552707350620491589,0.0206482321837432765410103,0.2633236858615337072642149
-0.02415557294811866359540709,0.02225373610070698060514616,0.2641414175081134296796392
-0.02388866430263310303150348,0.02070879950791058507486575,0.2641447500517523083729543
-0.02457370589229307747403119,0.02238220984140745078994073,0.2626595609919932794440456
-0.02334580092398417378030118,0.02301221842948928883454407,0.2641487086222408797731021
-0.02218149041640232049799053,0.02311157664848432352622254,0.2646311384129274024701317
-0.02156614202760230927791163,0.02512484103880466279612449,0.265251068116303445609816
-0.01908742504006387397108568,0.02510797875223247030418428,0.2651159506125552733912798
-0.01677407241306811541692312,0.02575747938693133398668778,0.2651844596769555306714494
-0.01449889091767086503337314,0.02743648083922381464283546,0.2652978724877994576303308
-0.0135626335778767266593281,0.02613705360850433756514377,0.2638238015555569027092986
-0.0115458786477079383692157,0.0271371792885053975119547,0.2641136243300056252181207
-0.009638913414575334820399988,0.02982658828426663216726311,0.2655081691922470121802746
-0.008029516635144465230844446,0.02842070637029990576305494,0.2651967023390288669126846
-0.005428588890868172450732132,0.02854657332447753728676965,0.2647854199650874207350171
-0.003393449364448314613945668,0.02973113276664686444039631,0.2647663497337290894328987
-0.001665146401493578127983586,0.02970591619427585122759083,0.2642113569951716756101234
0.0007544015015666333083543815,0.02965469976793673814730035,0.2639293518163089991013237
0.003077524870067675343693336,0.0294960683570087874028065,0.2642286634715242388260492
0.004454721881686965652413779,0.0299970722473469827984438,0.2646132656483636269584281
0.005634336499328452055324057,0.02967704926613937491119977,0.2650611642916269050651579
0.005924312945697684379409154,0.02974230346216601150732828,0.2650840135964511734556481
0.006046279242187350792814282,0.03226202128159039866917013,0.2657985468424576835921869
0.004777937064923807111704868,0.02992471620606931143049323,0.2645683223935643701985043
0.004056703380132728291307398,0.02900543583480309425826071,0.264618143614953837960968
0.002986433918185856049160032,0.02895164152776052990390099,0.265679970108867735678615
0.003349256990199156285015203,0.02766559156804644301064222,0.2663434575060875109109304
0.002255468159983274514107654,0.02657821490809813419486929,0.2664752076902383026713039
0.001168882402390677846884537,0.02603697449684048287332772,0.2663158716710733453503224
-0.0005554245990859696347971552,0.02567935449145210616284096,0.2663423815869742083961569
-0.001906481148715673690913208,0.02429859743786775064244843,0.2666764823645697002341137
-0.003259151679271286416311737,0.02345161558460709741447126,0.2665994087656521904783347
-0.003779323067897828649502889,0.02390798078274544713472949,0.2669915073610825140271174
-0.005037037471236295929633009,0.02242676366978003238417116,0.2669028338046982029574394
-0.005809150127925662154826369,0.02215166526002891600466427,0.2671222367827579269317084
-0.006154313336311873980366549,0.02290777941937351125378797,0.2671911042282774095824038
-0.007271149487854181719947988,0.02137774093046430207154529,0.2677916307143998198014856
-0.008549543175930507735160724,0.02016031231655054239970681,0.2676294824623250412365394
-0.009105307681811294906459864,0.02160978814538378270371233,0.267584841601758216533824
-0.009961833930191291847089374,0.02027763929336458270658028,0.2681551235661876475546705
-0.008894646844582573125270741,0.02029914657922552920221726,0.2696511290616152578536457
-0.01012197371555653875596636,0.02071163792654096696965738,0.2699883611107241065951712
-0.01044529375363340353843888,0.01958176118833842432875869,0.2708575422870780902151466
-0.01100515705882901609791169,0.01948830112650779683436397,0.2710759999596824010303919
-0.01143991684415910682626194,0.01964628198472152809106461,0.2709767044409711056474066
-0.01166804556686242867746817,0.01844829786884075520370097,0.2712818456187824356362626
-0.01250538624997919907866351,0.01819959286626810640585816,0.2711074640077623665312956
-0.01404229235216916497897,0.01939069129374709071766958,0.2719275105630082345342657
-0.01483331228337502957770333,0.0202210738531885952928846,0.2726536585839900994621132
-0.01519178881460586834351023,0.02139630565507092199717398,0.2723231413981850868033519
-0.01600468171366947051081908,0.02098964398826152349952778,0.2726262384775923752755489
-0.01623985345104508523639275,0.02197197704119045746917749,0.2733230122423725427793784
-0.01519107359098660799123781,0.0207498479317059399129608,0.272484217495296332511856
-0.01479242395784038412165362,0.02151799993200706820339896,0.2719951902270169030728653
-0.0150410902374915368684416,0.023844598211238951512847,0.2724887604296861720598599
-0.01476079351035776421330326,0.02147169868470763520740263,0.272653488621247941381398
-0.01557432362929474060908586,0.02197224658936240346274182,0.273375792266043027289868
-0.01681863840439527801873254,0.02510990928209636333101606,0.2741758986764847305650505
-0.01706920955667035055824954,0.02182509280233809953464252,0.2733593050909948751758805
-0.01820956870257848733696271,0.02243721811137038349426298,0.2730594302059772271462634
-0.01868950219243185884021585,0.02276530031348548283043343,0.2729116493634213824748258
-0.01773757520239402363237957,0.02110334435666706698331296,0.2739908110855427403329543
-0.01875536578032720863573601,0.02248188754667706026890706,0.2732473389908168237560915
-0.01763495969502478638579746,0.02082068564816549546825364,0.2739634875612814157719299
-0.01838222351824169570333467,0.02360944622951259216914188,0.2725450568574709353519836
-0.01704285627518791271239884,0.02344630082135656240494015,0.2737420741549687064342322
-0.01691083915986209967874387,0.02047801130317477430464734,0.2727609797488020348943394
-0.01534988387679666298202275,0.02104687359179703565192909,0.275207966517860447286381
-0.01431691554676754220276624,0.02190429914160411939416662,0.275681818257535016236659
-0.0132612668792330620770592,0.01918956069986052156983725,0.2754646502017413234320031
-0.01246205918063753546876082,0.01925636492624149126440258,0.2751594346752228026353748
-0.01198213579951069862605806,0.02086710020870213150301353,0.2756522010656063392808335
-0.01108064832150690466605614,0.01745265131972474625943192,0.2750143374708316490462323
-0.01059310907833389651944156,0.01703087142383260393918576,0.2750271596846809440961579
-0.01014059872349348453979268,0.01833079500911073342339641,0.2753466741321054511715261
-0.01117333314855937197174196,0.01857176955429369266670214,0.2785496578918265631052975
-0.0102263356070843719480834,0.01716300428960051624449612,0.2793489322640699823452337
-0.007708708351519098431192667,0.01502932994537375596677542,0.2751848684209149409340966
-0.009115607876207573040394649,0.01590991050753367760939305,0.2788746150348931363005534
-0.008690238560913748910863319,0.01662093350330716770568706,0.2782892585868145807204144
-0.008332455011256409763142905,0.01672936749161010525077664,0.2783512922549931656313049
-0.008216068413220574059852019,0.01716797956611533504389655,0.2779573064389679326602334
-0.006994033404227337560876698,0.01808077857339465688291114,0.2789025063786664260234716
-0.005625400946395115071851922,0.01599043249061955426770787,0.2737968848735566340657499
-0.005242328010087685119522405,0.01691289807893052443699133,0.2732154900874233516283596
-0.004836961675813496175369011,0.01737727084478666098044108,0.2734528079403971134730966
-0.00434866727201945867803401,0.01884405750510475055503612,0.2737544155134259415973474
-0.004105852511865972463700469,0.02257565956859758013464123,0.2744743058734404050902356
-0.004530048742877215532665058,0.0244926064710955099235079,0.2766986735169308375681396
-0.002945039256936230528255427,0.02280086533750699112621518,0.2724604514223593065835871
-0.003492753814420212175873015,0.02610274330288066962912907,0.2733691710957211751242824
-0.004138575501292047174872746,0.02876573123910831225602536,0.2745251977705299717413823
-0.00499322762717928098769038,0.0302847010143022475625596,0.2747876546905445027668691
-0.005783947694045317097777392,0.03082192273146311042864021,0.2749123321414542187035579
-0.005508168947597144766981092,0.03051579389811837766943725,0.2752159176666993944948558
-0.005967443951205240668111962,0.03108721681520254520592061,0.2748692414228889324689931
-0.006496349615884003739219033,0.03123288357368450909867796,0.2742650673851518283719031
-0.006430774947245487122016172,0.03173272408925679327618141,0.2737296385944227861131139
-0.007119148309999595927721749,0.03061683401075911831190624,0.2746317951875504870251632
-0.009443742449838447503007721,0.03004368890457884133660116,0.2743801495393317635418384
-0.01127326259842823148737967,0.03117070464624484976701169,0.2757936530061103064248584
-0.01170807736263346394978146,0.02841518829810105173372392,0.2753802231844722503417699
-0.01335925784282841408123765,0.02867142283785012804586678,0.2748034644689202332656919
-0.01426568293814180210521414,0.02998135542658597260667896,0.2750173500950549021482061
-0.01472345592982223297373601,0.02660060411626241974603069,0.2755308916898226989644627
-0.01582075210437063408908109,0.02592228481957972383020739,0.2749288335202803579271347
-0.01603628079447783072453149,0.02454205705483094093755092,0.2740925425163044382159683
-0.01576712228608322802214659,0.02048000246858020303997172,0.2744455234092848527893693
-0.01588468326213194475871049,0.01986642062685303397606695,0.2736104260835249268879465
-0.01545501679872899637724348,0.02024185752604931026743529,0.274113144007536779778178
-0.0160016358214159805373189,0.01676948566956565356278475,0.2743231473172920709124867
-0.01682155374019885310521438,0.01728557592071378740117282,0.2740493874793004658307893
-0.0167500660622344650640958,0.01751858779854333081349438,0.2740118103230207990961276
-0.01705429437329644345999746,0.01421513756331994199344493,0.2733810124216456416412768
-0.01841599069931212917516916,0.01710370836506718006386762,0.2763381988615550843846336
-0.01645130882361548960157727,0.01543274516569418351730203,0.2731237988061465116196302
-0.01582883256084102394090074,0.0135637716568493237045967,0.2740030801375341606984648
-0.01580967086284027975362498,0.01240001076036104446509434,0.2736593789176659519135626
-0.0154598673329643544055445,0.01426321199023174168818429,0.2740524155282388907295399
-0.01446307760095401698241524,0.01270182837322225352649774,0.2732657837526298316710438
-0.01344331557579596381213349,0.01342477856800644402113232,0.2737431140875126733824629
-0.01385930771956485514639912,0.01549659028598153812095184,0.2733595183619692003951229
-0.01309849723439106099209805,0.0136207057820303175516008,0.2731104571043369566574199
-0.01114403019828463792251227,0.01289977553052792935694981,0.2745742722073167274565719
-0.01155436455985773581967013,0.01569939846413318657036839,0.2732348800260041565834968
-0.009695764335379473269904693,0.0156815304506040670284861,0.2744920149213858073800054
-0.01043388127733676368213978,0.01691789691536158338203144,0.2729446807388368756441821
-0.01085933657155470355437643,0.01705690943736600309610374,0.272988607328039978305867
-0.01103820637885350938733886,0.01803345386249839352177382,0.2741486612321920035562073
-0.01236026600303659524204836,0.0201292476648845843067992,0.2738689393423082152345671
-0.01308147684931768549299047,0.02199712751236207811111889,0.2735085664088814927374926
-0.01341114161694920321743485,0.02423928659411592190231488,0.2745309500421730941610576
-0.01529178830961341363503525,0.02698183147002564119532053,0.2772314419034098142979872
-0.01575550695782900606500831,0.02520516648964354206041705,0.2743696682745099257871857
-0.01875736934261550831193333,0.03476723276639083481942549,0.2880158700720411024676082
-0.01920730440419149073760785,0.03633848564582028983771522,0.28904967947295245878081
-0.01859410962731305322348518,0.03257008312153749501893785,0.2761346129962257145429305
-0.01921110774876559623702832,0.03377033767462321589558627,0.2761806999174630794513519
-0.01987592346743817170451329,0.03403294444850926692147652,0.276564033952284904493979
-0.02024908174609933372845028,0.03465262201314143336583484,0.2774009731251385613148841
-0.02006275952212137336783115,0.03366343590907695110248099,0.2773310000117641394012935
-0.02201929818631042160004263,0.0349813949576388075191069,0.2762470281223800561143378
-0.02241800731596070919704466,0.03765769558094399921399642,0.2761438850528806221440448
-0.02149180994995076796061362,0.03486599929305448514194055,0.2773620306927170320321352
-0.02196502923813030763722232,0.03507421685855395543374158,0.2774670352673453410652371
-0.02218572261875902812411354,0.0352575224519566798875303,0.2780444581827410943652978
-0.02179036260827480614432616,0.0334068262408406466135169,0.2781131306283028403747437
-0.02211824228770031472435242,0.03305975092547568106038369,0.2780844643548309180758338
-0.02156069978810315132533582,0.03247098904311051387194809,0.2776766263185541649960442
-0.02044064636454210465155157,0.03196657982905482670021868,0.2778553214293223994069137
-0.01944175001258149904082018,0.02902638089800488666036848,0.2774094211763139528059696
-0.01773129809767026027200743,0.02604042259942581857834476,0.2776802952146497638352685
-0.01713599329601345200302376,0.02681009412759938204118271,0.2816205539417298009396973
-0.01626997906563886278630271,0.02753909905567321694808136,0.2815452557460726978888488
-0.01256791099804737896206142,0.02132749805766459560985027,0.2777792394382414542519655
-0.01069703457422003026189294,0.02038635234436787790901491,0.2776264605605330282322996
-0.009731525099653665078491827,0.01989532298965294640491486,0.2778839359539086451000856
-0.009100279440842866732208627,0.0188823153205596762360674,0.2764724514711016656320908
-0.005657150736919588397688674,0.01710880770357468480535879,0.278413603797641961978826
-0.004411314492995605657243985,0.01625224587600237677320614,0.2780065898452801498308418
-0.003204527129434605811630909,0.01627060232080611290594874,0.2780572108899522221214795
-0.003159398099810396386838418,0.0164733431435855580404759,0.2774653108697002767968343
-0.002192917767193719100204952,0.01654901995268621625601035,0.2776216967852178085784942
-0.00158229727600182282915009,0.01859776212160148614604971,0.2780658933171886726398725
0.0003475306611839808039465805,0.01590638963491086341206504,0.2790065889681455635340512
-0.00076787614794519517581739,0.01568585497404191217429847,0.2781015562125998541453953
-7.317430625806268010800915e-05,0.01622971125464030967000539,0.2782958907447884433494778
-0.0002417572222295416226045539,0.01709516873973705025635539,0.2779852429406017844115695
0.001225574874584140459832238,0.02490467146539409107330876,0.2930446851252503370766078
0.0009061796699018947109580124,0.0203227960662958027915348,0.2854681580101032789542614
-1.985993468565433521478766e-05,0.0192342857060160896121026,0.2805701870816700305155678
-0.0006389447860544091853038373,0.01800026155458379906182387,0.2802477768098997623624768
-0.001261117483446561179580292,0.01923780193593614337710385,0.280571902793404992504378
-0.002380570752627487931402106,0.02075980493675408725118281,0.2806551480419854360803811
-0.00404826183949357539665348,0.02251235440735747245222242,0.280160721109830423980469
-0.004612296597252821088452901,0.02279441568472758208874218,0.2806338283813840650537941
-0.00654031141450010962412609,0.02355556707832162297022727,0.2807118846399572209548978
-0.007824737829725987581230839,0.02565106931078435167914442,0.2812273479969929490529523
-0.009489953529391711647966723,0.02670290653978380640554136,0.2823753684696774790552354
-0.0115436122171786292173179,0.02785667835363194247411123,0.2833118526327877417791967
-0.01279208219284370083579372,0.02979251592343968094156459,0.2826888062617452512803595
-0.0138041785192384355157591,0.02750229394275353206333889,0.2830309343149300937980684
-0.01636039994901258495807461,0.02703847231741486265010899,0.2845350831699411942032896
-0.01753800652774505433595387,0.02816764126515083552226848,0.2844220553780346105732235
-0.01878080459424768047793641,0.02439244673351034439767737,0.2852078200254171691518934
-0.01995675696209261995583972,0.02380143761945590144546436,0.2849589892920033062928553
-0.02054486420730411086466027,0.02395949715263143500743048,0.2849052092771656163883165
-0.02099632412983468143785615,0.02204424975160312188959821,0.2856249408607841600016286
-0.02142487676396779769372181,0.01756005974304204395042284,0.2853587931120381004923559
-0.02097583703991443351832835,0.01756198068508608295390516,0.2859067693633476348047395
-0.02022800533386432883520278,0.01674842419940789778332046,0.2849543892669262334926827
-0.01908673502465649610138065,0.01546008220616510060729798,0.2850984687895621316755523
-0.01847318510668137861441274,0.01514323662704948093848945,0.2847247736982135291050611
-0.01779784465754836661477434,0.01544062719462158637939719,0.285164053866737432496592
-0.01612455996818963968597593,0.01295152583187038006218295,0.2842830153242032475979784
-0.01444013057150791458360661,0.01308852413806059315770636,0.2846362295057054958569154
-0.01501495909769308759185158,0.0141389455500749300354002,0.2840845341407686186485648
-0.01419352364210928023335878,0.01280238324984126797867479,0.2838667966365107653281541
-0.01407974327564429084524988,0.01236435579312598204149154,0.2841119646540778420629181
-0.01342193196637087720946013,0.01219411871223111815121243,0.2849229611762125746743379
-0.01313817140926786496135659,0.01254419370490621708780221,0.2850768957392060820588142
-0.01296740480653246242737087,0.01271772926460024329131659,0.285149619644228080606041
-0.01285871298976911346334528,0.01273922653867233870106368,0.285502694666916190247008
-0.01261239581732846726236374,0.01279413290368104812178007,0.2856976900053797563394653
-0.01264227818290206833973244,0.01301992647410740548685748,0.2855662555861757101460796
-0.01292675863981572470517989,0.0137524195871441060057272,0.2858814006722952272276927
-0.01301861907553027511430521,0.0147397219508184993547184,0.2857086376458267684697034
-0.01267856694455711356883665,0.01508362552136103575117776,0.2864365345135665985587536
-0.01327267374177366725251925,0.01575497629889678272152587,0.2869901114998174018744237
-0.01440111394549292017641662,0.01663870994339854830768033,0.2872246008782752824117779
-0.01449377396405049714389612,0.01765848229390368923086285,0.287618804207426692620686
-0.01484665024794617343983916,0.01892747355578061965730718,0.2876760406743164022458359
-0.01418935099633178431588476,0.02015705142740185917826778,0.2880716982691836069996327
-0.01434549506886994771348576,0.02054391353200070782780706,0.2879602013062536602916452
-0.01637192001672181304594567,0.0255140021125557087122715,0.2882394871202537123267007
-0.0163661461450715466081629,0.02667972553661714790740334,0.2881139765247336947950885
-0.0175146667662350111194236,0.02856893284715098305093228,0.2885200366983462494374635
-0.01820631155272640563924647,0.03009382043706142553785021,0.2891730027906976863150135
-0.01830947105652517420404379,0.0310979679146068319073315,0.2899717784769187400861767
-0.01850462039087084203936584,0.03066490094317077946817207,0.2898073242242133473745014
-0.01821677627449760222821951,0.0308203755187480277211165,0.2900303552032538201288503
-0.01899675257954874449395355,0.03386743992354270677003214,0.2932640439240867258341439
-0.0180547285963728113000748,0.03401794874781950001052522,0.2929688787079317013883895
-0.01543624529072034831655991,0.03054195620016313811317943,0.2896621515206918573426265
-0.0143507443072451446042237,0.03020185193054357453146253,0.2893389497670362797698829
-0.01314769589536285768205381,0.02971815858028697618364866,0.289837903401945484738178
-0.0138038558395511407050904,0.02875296841225985847168012,0.2895681374278123998422529
-0.01259367107539303975993761,0.02818318098960464340718701,0.290000043814377606032906
-0.01190883989386916884389844,0.02428408126167271377515711,0.2887479221128414486052804
-0.01163068964826211720842153,0.02210193569168809879510462,0.2890648881560883287633601
-0.01170149064708422836922352,0.02465618595202857810111396,0.2931980361866821649385884
-0.009722035301164071510737763,0.01818389914238605770124835,0.2882613594437780646373426
-0.009622664436439231500086677,0.01647556727447417601606361,0.2882980010973457685174992
-0.009425397826273005166819452,0.01733779381893891385901796,0.2892869726677324004882053
-0.009246746182145378772920807,0.01153251092021085298655603,0.2905869105453272038808166
-0.01103599488488854127310468,0.01088725851689991037940519,0.2905624565330992004064115
-0.01339351234734055713648804,0.01230350350612751525458677,0.2899676532313463783729901
-0.01349313746577531468451294,0.009304712334157496517184072,0.2902347536830542917840603
-0.01392840640826440573585288,0.004738404037479335487170751,0.2887386694493048744369901
-0.01477253138471113988461347,0.005361380263129693173052015,0.2906429699512174114062191
-0.01429261808378960718624029,0.0012644841554329995514383,0.2901684297111883359399087
-0.01449979385168394599436859,0.0009353993660012389259675314,0.2899339299410522707844962
-0.01523492083039208570827139,0.002178962641244046576777249,0.2882737761912276264197885
-0.01605531611420391718825229,0.0009402829067444911986459188,0.288840911768232733169981
-0.01713727083132792275432799,0.001027012727823214781330829,0.2881430186167034390720687
-0.01771783049005707863510217,0.0009130559903928579671208987,0.2894439249583689033329392
-0.01695853147581349168460108,0.001058498247524734380692335,0.2909100687010385266617618
-0.01689624804484526204850781,0.002776150132240209466444325,0.2919426440668395628108556
-0.01647198641654125383926299,0.004345145965975131391312303,0.292411106610759030655089
-0.01657438360536144308921003,0.005577474704450064921235075,0.2932490527597561569272955
-0.01840713838971201263272626,0.008123555047661181610640924,0.2938248252182588671210794
-0.02098504782461653103697863,0.01039871257376457844290307,0.2924096734507974360006699
-0.02161950097389668881686653,0.01291902489786474206301392,0.2929385140087972239086866
-0.02271147636961347304751513,0.01547967209517469612534146,0.2933044944752973837154286
-0.02270769799244364006707286,0.01831893104517642520412402,0.2947647084896798941322515
-0.02359196529723745286433179,0.02014653501373209892877369,0.2944261559895510194095891
-0.02410460324647907548456516,0.02356715539914111187669299,0.2949700634681747257737072
-0.0232017132335957838862317,0.02899808339072539736802625,0.295777398903553367937036
-0.02162624348500150409102538,0.03057825740607397063675066,0.2964811071761620508979718
-0.02110742482295024577410025,0.03416360991561184085041347,0.2951868010499925643053132
-0.02007627861041681033293926,0.03716270365514840606779856,0.2933816062571281135795687
-0.01777489093886524054721754,0.03645874987505386133346263,0.2935805349445633205540673
-0.01685601581824817604693401,0.03777092112800842227393616,0.2940309661808698238338877
-0.01581633924562738172103771,0.03851096256746695811745695,0.2937095636366357509494662
-0.01354843643976596720412964,0.03688969914721179632621784,0.2948517781340369570131088
-0.01292789251456528953898584,0.03687348425508843452469421,0.2935913730046486036506792
-0.01064864794737217963682685,0.03763044033402259541665202,0.2955045516332115429491978
-0.007624052926785765404993356,0.03169146432153396863995454,0.2965354252100318444007598
-0.006672819348898117834678612,0.03076085088541636800019141,0.2960664259540042864138343
-0.006475302618364380154158955,0.03058849135589201614915389,0.2959995059995740862568425
-0.0062310211767145516278954,0.0290538293638823684472694,0.2956438350190185859744929
-0.004054527844846441547721483,0.02393898218076378342500377,0.2956441943730470089946039
-0.003388360855784376072380448,0.02208798424486780459519153,0.2961868587211944348069892
-0.004819067378481216648578034,0.01976984574296982571928183,0.29638540181357553304764
-0.004086165390435569401417215,0.01839305228566215366647896,0.2972165364829574274452284
-0.003290860326771155759673082,0.01661917680329097479763334,0.2985237330165451674623966
-0.003321857984810809832215694,0.01765431949960305502145275,0.2981731080601956462849955
-0.002844756777881000866375905,0.01495766220558930256756547,0.2991527315480568827155139
-0.00500508329931221174896594,0.01466288990609103393136792,0.2977781909111393843225812
-0.003806487153477295434095273,0.01329233192473908142794414,0.2982392552544887998067225
-0.003341949852458539829691553,0.01050060422594247325212002,0.2984176348454919414088238
-0.005734711904658490455588549,0.01109805188586221978697122,0.2963383059722118906265109
-0.006377837771754413763447555,0.01165287515569208599830464,0.2969504700659112983451848
-0.007953452006849657737741488,0.01034989188195276944848278,0.2974406496520220488655184
-0.009634519703259691175700752,0.01069040545474961821648119,0.2961556912444427980268813
-0.009972320148947043730314199,0.01040415277700217945577865,0.2964374790489215927280497
-0.009897700722586172047967601,0.01038114369117649517237911,0.298813345537154051445583
-0.010812610877049898261415,0.0109455794622493711443223,0.2989386217459848449351512
-0.01103773260965750825646214,0.01164307615461803585565903,0.2992957142223853783669085
-0.01302417609672303425161211,0.01381271882521468985505209,0.2981947487283372333344289
-0.01407108981247922468993394,0.0153431940139846303972071,0.2977295833270470759579496
-0.01368618501575222419497369,0.01582658395497715808630801,0.299817423507163671736464
-0.01483577257184890731134264,0.01738630185580863907190974,0.3012506276121657555755462
-0.01706910132348973818672278,0.01973366752246557068173338,0.2998716899299059268635403
-0.01778703696567021305674494,0.02118711305441271786076385,0.3014312969807708131320112
-0.01790942756554455422834948,0.02247539270516783413422779,0.3013975344562870861686577
-0.01802116613172070544446335,0.02470701319656314065564828,0.3006351431896701620338774
-0.01717374479068868239894918,0.02616011351200379572712329,0.300921079770942401232503
-0.01696652003955062895657058,0.02685284947207262906676561,0.3006018916004711827305584
-0.01663734617247522237781787,0.02829212769412489669740296,0.3008898299546516330593704
-0.01633251914371858237728929,0.03072504819797650804646949,0.3019402771624321579757577
-0.01594099835815267901528713,0.03029200890518612618307337,0.301575908789546043298202
-0.01542403274572053985258524,0.03531679932263390858659946,0.3027444950173366344792214
-0.0150146912046779639621219,0.03427247414677874609578723,0.3020169941024107296279055
-0.01444401996589941145066049,0.03427082947075821284244057,0.3000470640137571365357871
-0.01370048785227286243515454,0.03448357033386091619053815,0.3006116313894518499161279
-0.0138532020287604994146502,0.0351189108839038352516404,0.2998321465068687907695733
-0.01265686906431146702134427,0.03461679421474334050756738,0.3001655953212669092344811
-0.0104548141837134695580902,0.03306274133986654428785101,0.3010043631600882729770774
-0.01056275404574020908288201,0.03281367511278879961489352,0.300362922326825487751023
-0.009746549748640701699153865,0.03152042123266519946245268,0.3005756040686267116512909
-0.008704229685369099106528878,0.03005951099801247583531705,0.3006416764795657448061661
-0.008495173546698228314588697,0.02942058628363871872202218,0.3009740772364290495310968
-0.008207045309738508764851872,0.02996835961769418396616338,0.3011333231162472978681421
-0.007620571091236347065211998,0.02527089831381900200679702,0.300512527258971429144907
-0.007523550029513667927738574,0.02333122928535590404064415,0.3002380352025406651250705
-0.007762426716496430116609684,0.02314119942704954621670588,0.2996628465745643232764905
-0.008242850397905345308235958,0.02171712572710033165024335,0.299946494777913630347399
-0.009101263344236344352000678,0.02191665439498277634378098,0.2999018039964723159052085
-0.009520241009073655488736954,0.02127815546473009120087561,0.3005079425651600022462162
-0.01029680205070126162991695,0.02110140328280632471269485,0.3009152662715274262339449
-0.011448324183855806621124,0.0208930943759823573024903,0.3008204420881625540395987
-0.01211907273749449585886762,0.0208410536507966717700846,0.30073852969411829505475
-0.01231328712886407654447662,0.02186160325428552694826401,0.3005428976565220344774332
-0.01301193595205673084191922,0.02109967338335015998862509,0.3005760658276802610444634
-0.01388849399077678528624524,0.02133841753399234875132606,0.3002365312082440063079503
-0.01435635977605853944027992,0.02262659523494773422536142,0.3005524073982053789855229
-0.01509186509911400290995243,0.02102727697940426007661152,0.300393022714806279260813
-0.01676896723521225512909538,0.02380699477203451416840174,0.3007245249092772021448638
-0.01658994778832321992378951,0.02658254922199847214425716,0.3009359248587061830271239
-0.01736952812330115961114707,0.02522159084935393993931463,0.3025951020623214304805515
-0.01889696665220938140428153,0.02655662131862671082593863,0.3029655017879783751588718
-0.01933285109346456406842485,0.02972641497754865622105136,0.3035283959173731282987774
-0.01919024627386895290315216,0.02921849451910007999799745,0.3068639253455928139757702
-0.01917128949005310681319436,0.03062769572961055938864483,0.3028237225679495936425667
-0.01908138372772115107234292,0.03116667280233540934797354,0.3023082856557497422045344
-0.01785475766046509468742975,0.03047322900698739081559729,0.3033595177944738430220184
-0.01752622954694557644295116,0.03033487437725522484210927,0.3037072108105287604473688
-0.0174729307784201454145645,0.03033204370057644011504649,0.3040141753781262501377114
-0.01806397215191640412412788,0.03153601139991205754009584,0.3037968576233863182700645
-0.01579414548526656900118148,0.0302595216250343135300227,0.3037354534743481604408544
-0.01463800459778547176370456,0.02864278278683363501699866,0.3032087963102030325757141
-0.01457587948921739741392489,0.02690477244041310223021668,0.3030195197848551957875429
-0.01323951782325094930770071,0.02491114537939253734122325,0.3027390101014452161720669
-0.01239325004761034770828232,0.02342791601090419076336424,0.3025680678105349685758085
-0.01203913996090116497739153,0.02174283162180605175062276,0.3026754441005632956240845
-0.01102390799457696017593644,0.0290767598654407301295155,0.2988501833974661070492118
-0.01209434820845318829529713,0.02430000853158325799241446,0.3028815620601346125795317
-0.01076373783783522372625718,0.02662949732550632872540852,0.2993219861608522602836047
-0.01127029539467301090527318,0.02333450828975053986669153,0.3008753563194279112558149
-0.01110325763916044337908939,0.01804555669394468722654956,0.3025506760157951613443572
-0.01245664705564436536278095,0.01589577963762320994556276,0.3025540343494175221650266
-0.01283910894315430824275115,0.0125310852108413244010432,0.3009906289743023988236814
-0.01142607400850751027399088,0.01399214474875810562681799,0.3029502417774695977037425
-0.01133285162969008448563546,0.01115475694721137708831371,0.3032347573232025972345127
-0.01287928400024787416178196,0.01073101081115298421897464,0.3028644433373738342751835
-0.01330946627371074574008869,0.01198657148131807535784699,0.303470716637028514739427
-0.01235004851821788762755716,0.008148385436378533311363448,0.3031813507636917925935904
-0.01295603859593256849958021,0.007980667182262545650273111,0.3032649609602687812426325
-0.0139421232177259664386515,0.009565881686530129657253241,0.3034657666907016881907566
-0.01385140222798928247294192,0.007763539992884331032707568,0.3028158265764838708022921
-0.01419158747800830511209824,0.007904283872490557028012148,0.3032288281813470542935818
-0.01448133888624517605359099,0.009179859060284584898470328,0.3043190787513208039882784
-0.01577044496764466036120567,0.01039830191491458374897228,0.3070505669181203267648073
-0.01420712001247994085706416,0.007877987605010646973702215,0.3026698618866957568585008
-0.01444265720045173964636298,0.009596413371588414370494391,0.3031209775178588250454936
-0.01412021285435067705082979,0.008943191445598214217582722,0.30278513282071983780952
-0.01404496833964503921254874,0.0102280558518823942726339,0.3033537580768930763674973
-0.01417510738331744825357905,0.01290771799346134528219121,0.3030831091059492665706898
-0.01422511633520827725729596,0.01393341925050816353104377,0.3033994604816541151848241
-0.01196510659870864828890902,0.01498113960002917313674153,0.304323445418815063945317
-0.01056894686613958633802923,0.01707429536976052056318487,0.3042180494374159271941949
-0.01027625374687755194225147,0.01881168136344402164183975,0.3039472396509008689235998
-0.01028560047259925551432769,0.02113232487564624742515385,0.3043220798149428030221486
-0.009377174273889362851597262,0.02486352223234896546832928,0.3045984527136119113244206
-0.009261232442680320670058691,0.02873699001165946204094936,0.3053601202498185118727747
-0.008294966437259848959784314,0.0338448010588331266168538,0.3074365257745468316130655
-0.00715406997930404572189067,0.03537249394900388033136096,0.3066746283623703606124877
-0.008876273875195402757176666,0.03597138193153328472595476,0.3044546742795877225518097
-0.008760682991336258412795601,0.03558548961304110885839336,0.3050898558310780050994993
-0.01003006062878996317022651,0.03749117718874062782363765,0.3046537526012914054440728
-0.01017296081577904673376445,0.0413184120444565483598609,0.3053774794984271401254716
-0.008931351157236869925393208,0.03962873514970068761220645,0.3064366296106437737023498
-0.009942836555348671598308918,0.04040258945880871588318684,0.3058676177507168580937957
-0.01008259078310327384875311,0.04255942081254902170650567,0.3062925126297513234163716
-0.008867760560415324094796219,0.03927034644811024099997354,0.305921550777783712860014
-0.008825121055151985416387106,0.03977769841442123366359596,0.3054694558363712508786136
-0.008806469711766242228212498,0.04100819952536850776514399,0.3060308021046150850352774
-0.009494101458055046599548987,0.0396419827809842834076548,0.305567381717099628701817
-0.009771018985705273718345154,0.03950400530773866270006778,0.3067102125608585083682556
-0.01043961265141438339576485,0.03936506309335146419625673,0.3070170385776671562183537
-0.01178369253492537668814855,0.03827088633149106078334967,0.3062903677576698791007459
-0.01104813482207327168804767,0.03729201083592904170105342,0.306482157972430002690345
-0.0102703509537811280005748,0.03640825796088988097753969,0.3098537002557192887586268
-0.01188286848138375186023641,0.03574613550955255819596701,0.3064034586233925772091879
-0.01121759604340033349145767,0.03665697485413159373290881,0.3087952513173958801750985
-0.01291211818131162043787885,0.0324401216083461674255517,0.3076477792266973931845087
-0.0129683662206522953147525,0.03352499716380288180550551,0.3106336750634773324897253
-0.01473007469692173658504242,0.02766804737861130666920495,0.307852170694252191829321
-0.01506706108104653024648556,0.02712189753486096699397478,0.3081885204844871384288751
-0.01542890469088102275985186,0.02445488949620906737880688,0.3082652626481152124959806
-0.01632868139466815693428003,0.02695706768347816764674896,0.3129993428149440148899885
-0.01613630441637829704415452,0.02372704755052067182585773,0.3084275111111659528617679
-0.01574266966869209555257569,0.02135781658006628488943868,0.3084764033656854920195656
-0.01540302021424050545050921,0.02055035854807209932948453,0.309164315447472026754383
-0.01465435138181708958626803,0.02079600203457639129300816,0.3094465997627677267267643
-0.0144656730377954734212409,0.01723063097772166082921608,0.3083908930910804757630217
-0.01352770908661176003928706,0.01711337844026253676710247,0.3093147665619006003723257
-0.01329205423193904889167527,0.01720115808392473286114743,0.3091905320475089036236227
-0.01420410787060479365639942,0.01463468856261536735208217,0.3087391321542741762229412
-0.01349576192624162528088672,0.01448701624041424766697883,0.3094110567435979231021292
-0.01347673987073182144680317,0.01801508236797253609262626,0.3101121634450905162339041
-0.01436997163306248485870054,0.01512440236664461951088256,0.3086472235124366747527347
-0.01355185818531330806113733,0.01595430938068551421360475,0.3095155318656192533488536
-0.01468945340437247809584065,0.01915188023837156514050939,0.3096477009347944342465553
-0.01516504631098073395401027,0.01670529473734110384453011,0.3085969593428978252624972
-0.01526492270149044060134624,0.02034060978733411712005008,0.3095673874891877730419765
-0.01626180676088970211701223,0.02165129989372259478042082,0.3099082048385843890514479
-0.01522038795950881283347567,0.02004060526183818261025671,0.3112906503575743055733938
-0.01850380532975108571758227,0.02489275973101475955551187,0.3158057336798623104812123
-0.0180507888778839026278078,0.02597060172388391402487073,0.3155574856333246969164463
-0.01925964085094140562648413,0.0281241503800052743133886,0.3143525333435966961914687
-0.01852515506741659462308647,0.02953938724271864060821891,0.3146685711370011961918181
-0.01744985397702901105954076,0.02950262797252983099083323,0.3111048795475024331125269
-0.01719464640587446344066613,0.02992407967036650115466578,0.3110747750807645872761498
-0.01665836167369286885397983,0.03167884668095685002375816,0.3119524915588432478763536
-0.01616781479984866209953509,0.03381315080369781678193419,0.3128904272559885346716158
-0.01595818495226783428897477,0.03470857380511231660147331,0.312259761724711426555956
-0.01252646982474932280116064,0.03662494671025354198157231,0.3128492555591099177902947
-0.005251352303120889429555174,0.04376498976898352682995963,0.326338391007391204201582
-0.01135841422661152365358728,0.04501912357719636825770237,0.3231305061863785077491684
-0.01024486737615361471587239,0.04502433319100692526992802,0.3239668292243028102639357
-0.007583411601634229386170727,0.04132241694556879757493917,0.3177799663716673883584463
-0.007515810490339852427410516,0.0409059764819020288406648,0.3172154900772959917887306
-0.00611942795939667428389841,0.04127973327719786783562839,0.3175356454366609071371386
-0.007181738456596991129754493,0.03946734988465202403906673,0.3180932127797105879452033
-0.006692494650193028978002463,0.03360237504626251148209803,0.3147154633742783036431945
-0.006669931699979185328597264,0.0322429800985447115313498,0.3148332087724088346192275
-0.006275539420026073934855138,0.03092226861955475400445259,0.3156719905921753777100491
-0.00576027708588311340015542,0.02969547773162244455602554,0.3161975173749880796414402
-0.005436946761642141509596193,0.02730649855496078415306727,0.316266517898868004809998
-0.005797748412376671142687279,0.02656427717684028272371322, 0.3159332687889102042611
-0.006045066773902304201049329,0.02659693364616722704996121,0.3160364235550658373874455
-0.006122793651063898612285641,0.0220455830485714078526005,0.3169600009915581884101243
-0.006066355622320047762119355,0.01900509457469385168892906,0.3168724004439409380751158
-0.00654141608707344956313845,0.01926209337400801649420323,0.3174587514953637334969017
-0.007208792223210731472948787,0.01372097586041078932928006,0.3163617577980976092177912
-0.00783515692795495530265093,0.01350019870831343539452352,0.3176517790874933688805015
-0.008431669702756770454210589,0.01064771065109277117799458,0.3165174699849375716809163
-0.009123338603678289582266103,0.01116554460505467596953544,0.3159451436279779312776839
-0.00878411767716181027254585,0.01182028208001946294192219,0.3166746648941329289606017
-0.00855560603357456879447529,0.01096155623881010614251164,0.3163013550064259216121343
-0.008588322216829320787656599,0.01026487134822503567710417,0.3173240436929141150557143
-0.008772831642222015183230077,0.01064220299516000119155468,0.3179742177476047038098272
-0.008854382604145503640746817,0.01054852252151077841857418,0.3188000297337111321738234
-0.008661344955085867672317512,0.01195809703087800414389452,0.3188144528918067099887423
-0.007881539872589032186267488,0.01363846992986282938287168,0.3193830004569219171983718
-0.007286672736306201887679368,0.01457647420977476772352421,0.3192561247678666891403054
-0.006159250452726136755565722,0.01537609562707061179598345,0.319997744392961525061736
-0.006284043812970359875469395,0.01605038377008862968131631,0.3202998410551146646341181
-0.005657992526058381460574154,0.01680666865730238643261707,0.3201007857294873581999184
-0.004650089045640396455405519,0.01781195049110425449034878,0.3202955369719278633233728
-0.003636982837283580551057671,0.02018691572119291760545323,0.3210556472026459551294408
-0.00421583643489861249753492,0.02069185545853154811757335,0.3207310958318981830572625
-0.003403875518887342598028933,0.02069710918574798469427023,0.3216374802411623434750254
-0.002503355660660466948386205,0.02390937110349070776615932,0.3232922361380842768419086
-0.002922813623952289375368396,0.02302035332460942995691511,0.3223866529668896752092166
-0.003022315717382669138235674,0.0242828066477298529224349,0.3224018850827465865194199
-0.004016255688373551561987096,0.02773439354176601701063021,0.3229747765929729674816429
-0.003870392122496709667173187,0.02856803418681138836965339,0.3243454406362548669839896
-0.004679206720766949587075878,0.02650591120178267742768519,0.3239489127201652385323882
-0.005544923998007088641881701,0.02964121801985110035704274,0.3252892345852569366826401
-0.00603211987832033905143625,0.03158596240921127812351088,0.3265320380513678788503285
-0.008087110436907195970546169,0.03138266448281110121421023,0.3267792419014252658371333
-0.009214273857954837637640466,0.0348710238768425787037053,0.3281201916254289918661868
-0.01079126576173053235485622,0.03400496486057787842716138,0.3285525585667387060695432
-0.01281592771271812536415524,0.03449898386362735408505742,0.3289853565900835441482286
-0.01337858510904563549837043,0.03680374680369078582709008,0.329260362811220341772156
-0.01398778681302976188705056,0.03723292029240415218493965,0.3302464994469031522861258
-0.01551113372620088054487653,0.03766897999961184295703021,0.329350357166949270215639
-0.01627815990466966594718556,0.03847496905644203629703881,0.3290557412184415553291217
-0.01542593625218346281569026,0.0389715048869220606619912,0.3298719961126853617017218
-0.01538444930217141085049271,0.04091286188554075359258277,0.3303278440116572678419971
-0.01452885163587537900586888,0.03968085540751255246849638,0.3310538342582903803545946
-0.01456981656127186164351173,0.04117157353174445699739437,0.33109930448338148467613
-0.01322317759123079090877173,0.04123539423443096235688543,0.3313385469377009284741575
-0.01401844449852006693757467,0.04019565517759150774512733,0.3300253535563902329563746
-0.01176226667888940514983265,0.04059489150303260962537877,0.3302294090218467759179077
-0.01025080476021888314930308,0.03975124667800449679289088,0.3292345757338568934535772
-0.008324716076535242786915703,0.03893829884742308622413987,0.3290627277290374408380558
-0.007292530555425616282938517,0.03824770749961693000473772,0.3290289021248022360843777
-0.005695479026029853439339057,0.03721792083802397121949923,0.3293757329727978189204407
-0.004329300794878035256452176,0.03741652450047670136479283,0.3306772090053934909370525
-0.003188759119723501723325798,0.03715512350114339584772338,0.3313038602839248336628941
-0.002342967537277889766150762,0.03383432802578727194298125,0.3303762499114767936525539
-0.0010885807510049704677213,0.03328316001830317755194599,0.3313942079667711593238266
3.594748828398014342620087e-05,0.03116831805540400818221869,0.3307548266724408270178515
0.0001055924128000481059669324,0.02920969650106243487019952,0.3304941030669925061680203
0.0003857470313527938199707479,0.02791890802521225858900955,0.3295696586374812775410703
0.0001072300387158224061921394,0.02716085675851494934951447,0.3290104055770553537207945
0.0009717398960822536471693134,0.02541084296545324805460808,0.3300786829019831669640439
0.0003145951843222717257339549,0.02334088689805042388103473,0.3299697506537454527730802
0.0005079058787273519606428329,0.02037664287948690033935861,0.3313431434021509858212085
-2.721078708515077700623441e-05,0.02091273948566969853590791,0.3310300615053606287929711
-0.0002648175732075403344262243,0.01915969578795334929410821,0.3315458084319796161487659
-0.0009418022168594592565676882,0.01761418273997534048036506,0.330972709893444239082072
-0.001137694121098708393072241,0.01852006581977328272814454,0.3317753528646093519327565
-0.001376847874493370782814083,0.01435966218464488318440342,0.3323874962494864915285575
-0.00196153159946437730815072,0.01096147225849035226896699,0.3323936744297851797469434
-0.003662220869164825066965907,0.01319127286664472167854179,0.3320838813122160004809302
-0.004124689413906519261376893,0.01160200669191840949778793,0.3319345756974529382254957
-0.005866766243125324381546548,0.01282095504412173077313231,0.3313805567672909457854757
-0.007532197744493056637549167,0.01831268317816435453604385,0.3350281962117794276601046
-0.007501237123299507765505911,0.01471905220760491746212484,0.3315979761527232949624988
-0.007687722035189381054876012,0.01575119754586790793426943,0.3324859480714771331477664
-0.009761813613618523441384234,0.01788290195044217600894854,0.3311574682543192427175427
-0.01066345649385929718333532,0.01613864430333615540558156,0.3311753606182988307615744
-0.01165635162323697994468663,0.01582206897628782304998651,0.3298846579533531997441287
-0.01156420895118874525575592,0.01906858251501974271802098,0.3315650676970626764550332
-0.01127379223792419546401611,0.020181746642658166673856,0.3322912558274498939780983
-0.01239636968767414762493395,0.02105968395577037521881891,0.3313173080848295648515034
-0.01440217848155008091570739,0.02048888867066677235695416,0.3293569199424269955400746
-0.01165385801120959012588951,0.01961203923171443014306092,0.3307782200554132412406716
-0.00994748787215495033908752,0.01859422013912290227999335,0.3309879162123608997703172
-0.009170454603880421121098188,0.01868266324730239597018411,0.3313893294471909056753134
-0.01232476833184360277828606,0.02275629089843922078784111,0.3309383609224733624465387
-0.01244443964627017958080035,0.02171662573542475563326271,0.3298244947570233009948026
-0.008881797394401116235718163,0.02265473417160522584534732,0.3324941478979000497595564
-0.01111005700752320558832853,0.02204208915964869439085838,0.3310240374613369618295167
-0.007688083165031080884466164,0.02035742876100428769281514,0.3334908945229942411891955
-0.00711855655189950510541852,0.02031378301846911357819714,0.3332813317756329607455257
-0.01109890100676811514057718,0.02262751937609427249631366,0.3296818702385480026606501
-0.01089163304387536293504901,0.0239223600686919064817193,0.3300077847812661890891661
-0.008693780315019637022766474,0.02239261218372117639985319,0.3324466115497229923292366
-0.007288565408209850791931839,0.02260605944978414522106291,0.3337003958630330169299327
-0.006584624804170131386060749,0.02169803201981523876895608,0.3341969003742733534956244
-0.007398714275157903218216315,0.02300079825053540083512615,0.3343109723768461494231019
-0.01058744659118695218003037,0.02116282045347822604597354,0.3314807227382611798383039
-0.007488952180926441472286204,0.02033241978021857812586326,0.3323883226430175974464021
-0.005167067928117921940533996,0.01873925330635543146096111,0.3345863168863016934295729
-0.007220250921966195334356087,0.01865397718609163035807796,0.3338430623838619104581937
-0.009259649397383658969706843,0.01845877921384799641435492,0.3330867121462871005554973
-0.009413048496023536729215841,0.01888384909006773221262776,0.3324859248244269038785603
-0.0101109795766894019347637,0.01841279420461493579463941,0.3360526743420005346685286
-0.0115229078390037802809287,0.02038727442326537797612218,0.3345634561141971885511737
-0.01359407474963403653078764,0.02224464499706636441689334,0.3332969933146812113733404
-0.0135435624069214968073771,0.01930890898190896695640895,0.333301729379883171500154
-0.0131906875470035583192141,0.01873849407137218731067563,0.3338547540914162392589049
-0.01684007004986976668847731,0.01712708758937179012726837,0.3317393871094689861145355
-0.01446470311250358867227739,0.01510192284155568998027519,0.3342321896293482530460039
-0.01488419269725785483438063,0.01915599648753974273973633,0.3367895435641610757393494
-0.01509583475989944092998662,0.0183750803016031298564581,0.3346078596377281555440675
-0.01809365546701828184050775,0.0188250184505203733975609,0.3350241295408260544519408
-0.02123605392890406604045062,0.01955091400892174438586046,0.3339204192602536758194276
-0.02253603779749611957239352,0.02157823104933343991151951,0.3330412048796337898259878
-0.01985125168309282567280505,0.02417661959583820852071057,0.3359825416142505627448145
-0.02092439867179178569767117,0.02692552621170703208708375,0.3351926968022447272943509
-0.0212399871314576695058296,0.02593875256783534366533672,0.335453262077019420672741
-0.02181528850963003821061825,0.0283543152845168490439054,0.3345299659126035329848037
-0.02322242622497448089058381,0.02803145868748325997277249,0.3351619804150445247614698
-0.02255165036194074767994522,0.03120687538831082297186015,0.3359230570954182537590782
-0.02641185426861953483568257,0.03226769411920368119117697,0.3412178621124994926105956
-0.02703731370113087242867955,0.03374645887452541043183274,0.3431085644733970485553698
-0.02368748053710758791345903,0.03446691325859337073911348,0.3411851533159262483962948
-0.02616662576536845849495272,0.0354593577895303199709609,0.3361570789855456986572335
-0.02530197550582168400379324,0.03773891137687591934568587,0.3358490269993728571940039
-0.02451295243766580395083921,0.03869285364287090162038751,0.3351688735198865565223514
-0.02435661586642601933450081,0.03751250090883408161435142,0.3357900316369624715839848
-0.02571252901418256270327234,0.03623767249458242911686057,0.3443002141591178233426263
-0.02408477710897793597211169,0.03776397159420495641679594,0.3370707748024338590298044
-0.02293638372909848413550016,0.03790342483223507058509583,0.3393807239764333738563096
-0.02664135496556375992671661,0.03678290761727230628874707,0.3419469620749009952653807
-0.02559516354662741063896725,0.0342292477453859309011186,0.3454136407977990153028713
-0.01997090765183050578568391,0.03104840071645542307066101,0.3380247908164026315880335
-0.01972180019980047591121597,0.03205608097580345261512491,0.3358888184995491021922476
-0.01812638061896840874220871,0.02953842462518235095769725,0.3382801965710622860150636
-0.01548243215556730986715017,0.02766924004647439150339494,0.3378380408981078164565304
-0.01601967973610048806554218,0.02623645411550164577296762,0.33585799560521328865903
-0.01322732683239606632508156,0.02371670182578796554073719,0.3377172113270937581219755
-0.01528645293705798921535255,0.0210043380826362112434591,0.3366111809130296061987053
-0.01311336401412797544874245,0.02025079988642885728267196,0.3364682974538128479302657
-0.01211338237514637296288189,0.01901962520387515467867878,0.336422449079453067533052
-0.009246147900921975609778158,0.01725751349321216765453357,0.3370551815436363951583587
-0.009020246206318048576289215,0.01595969415592872822640125,0.336876500711315807201629
-0.007453523240225979826223401,0.01308049794792662777476178,0.3368435423758684432726795
-0.008712748441678597535742234,0.01289715513788806250383701,0.3352698595552112137418987
-0.007341176007837855836679619,0.01345903372107201331764337,0.3379749090028514868500054
-0.006791663504996298984794922,0.01304529691287505295538285,0.3372452931256732511222651
-0.007268719974130895614128356,0.01087771247323062080714084,0.3346184668279917340250051
-0.00720146693005534275361379,0.01273930374414923398507238,0.3356228552040961266023089
-0.007297869422201636729896634,0.01490392025128381946197376,0.3357064479706181048257463
-0.00774950128763604410842003,0.01357340517152253074606438,0.3388179769989588807632686
-0.005074912591344977325080734,0.01470864184080308140201154,0.3389174616483073831929573
-0.005787557281488180452311276,0.01417200125805317088845126,0.3362738633970964174935148
-0.007494355613872919798235106,0.01724487181712011305001475,0.3356224944558471867672722
-0.006889533218688796006867747,0.01756426112959057206364122,0.3365072752380982024078548
-0.005770983165194388045393659,0.01817145881046704908312606,0.3372385416801402246989028
-0.005185807811029530603463833,0.0201226162700854499520986,0.3390351154124401356071417
-0.006958580912349450128817629,0.02143071195250029897794164,0.3367086704556190857040576
-0.007314039429687199493634875,0.02425326229235924557769977,0.337299126784719849325711
-0.007553156616119854893653951,0.02612519318888741753914573,0.3399368332449772545089672
-0.007873782566704625243692028,0.02612116680155385922690314,0.3410306764760931419466772
-0.007649491372655530148361169,0.02661124226288157784692245,0.3416486245639702712395547
-0.01054335090141301015109754,0.02737757280374659984989449,0.3382681148483631661250115
-0.007740047856078843130367417,0.02917429178443609744109111,0.341536988372983463246868
-0.008021603926846865295630096,0.0271306022924161296949741,0.3399523820591028866466843
-0.006073881413253180532041409,0.02933510289787015501428158,0.3460159016417301836021636
-0.007893481169179476786279537,0.02724159263122676727375548,0.3406916397451961175946167
-0.00824432272058060917896416,0.02730875585788132900444403,0.3407094009082167751500947
-0.01018219348203828339416432,0.02847442859919312174721284,0.3405799855728342540039932
-0.01293801831906908096636588,0.02702336480291977691137184,0.3385870456196453104347199
-0.01140553094523945841520796,0.02590171364389286939866608,0.3402167853060015789701254
-0.01359060166476210376740319,0.02636623210347242840523307,0.3398832773923741168431434
-0.01369510740526993369803321,0.02701606857707250161637624,0.3417246877092836587763713
-0.01627957769489116537919848,0.02759382652847324271516705,0.3459684761045073164709152
-0.01557316557450737909418237,0.02845857254725130125461163,0.3502500756672471404762348
-0.01250017505705491339951241,0.02935681162668053734154938,0.3523307371789410891160799
-0.01449128547424343403660085,0.02945260177514945690302461,0.3468856217375199113561735
-0.01235066954928393419266275,0.0327683515514763587517244,0.3516772907542655701718104
-0.01138885164455697221463915,0.03370657326337039849661892,0.3572491067843386880475975
-0.009520101488155855579131881,0.03516695287899864602598754,0.3598480244329794186519678
-0.01103859420023932391696775,0.03182187233410535553979059,0.3555360621810215171478831
-0.01844054035093071683415467,0.0309716622955542135453566,0.3482410431079187573821798
-0.01706510205625057924327947,0.02994161592537029556448935,0.346388645051569299404548
-0.01644851612629356224504207,0.03105756760916772094005545,0.3471728289658499444492179
-0.01772926535485108701095669,0.03039406965859801912355209,0.3452327388865751855995256
-0.01688388887869842966416023,0.02772859831658072010673877,0.3463713839191717713816843
-0.01581710963651504139870774,0.02704963089577407109320717,0.3464651096609739910903158
-0.01785484826434429253549929,0.02782907618654578349448592,0.3447259143900865963061619
-0.01703727443204271219112655,0.02734543722157154951868385,0.3454876197776775570424945
-0.01689501226239360082148622,0.02708565921630656445073804,0.345860073539477341775239
-0.01729592693065553146714031,0.02743231509068891696423442,0.3466923624077171695034849
-0.01837589361597776957402139,0.02709544739752385925091183,0.3482836458137943402846304
-0.01719503885166247941773676,0.02864012427937819363354954,0.3508627548836620313466028
-0.0205093470403265101809076,0.03085486980419896094196552,0.3473651151916142820752498
-0.02109993662294934804735114,0.03110866711153069050221909,0.3469545876391453287368449
-0.02106734000149140112467805,0.03166890703561780345820509,0.3464071963649639207538655
-0.02019321706738767818745117,0.03108915644511511464087583,0.3477158517162606266026614
-0.01959610147540917848840714,0.03180998330709434995799967,0.3489715071025625836576012
-0.0203006049687593954911069,0.03109859632267788012716103,0.3480587296750331516292931
-0.02191958223613577061428259,0.03065972066443421392700763,0.3472082160127661354387385
-0.02145078438241372620343128,0.03270929489592751954196714,0.348425507401954104302888
-0.02241353626886844613297356,0.03411365764346654255723124,0.3489487553792122720430768
-0.02275763209769362735435116,0.03359464307676091748833258,0.351408462411288036175705
-0.02336101014068393821876413,0.0345231315735774271780123,0.3504446903172021010597348
-0.02274411829842105936538843,0.0335708530653808720489728,0.3503420320949950927946759
-0.02185615215212333498073782,0.03165563167387638876526523,0.350212462594691908979172
-0.02244807963465656266977,0.03229633388726090015286019,0.3485899300317586435582484
-0.02325277579541445982513892,0.03355901693166948862590004,0.3488888640847718214388351
-0.02266882532341397624153778,0.03276786996225539844163066,0.3498414468407067823285672
-0.02251648861762082370896465,0.03354701220428332741896327,0.3493699980243341052243977
-0.02191568205566685884067013,0.03397532805543546086113338,0.349151593860837050620205
-0.02051120045632397193013929,0.03214014296474283077786893,0.3502497026960697534825329
-0.02186732221876581602759693,0.03269882620696037967000791,0.3482393679530685348666452
-0.02055886743693736626314994,0.03171352729767477202083015,0.3485595112718294918963124
-0.02076785870623171909032934,0.03271547099787669443671234,0.3488979027811883182330632
-0.01891937540562312058955996,0.03283198666654623537608515,0.3490597019123668487416978
-0.01680578643106021147213269,0.03029057679441282333043794,0.3482825436459322521187687
-0.01621985347115544734419856,0.03112684344635628999609089,0.3492255728762583832924804
-0.01361303844130930945643954,0.02894226196703914011365555,0.3504857200181578091857659
-0.004817504986928682238211952,0.03600745375845011003734797,0.3628803086006325284706975
-0.003128373425727658252437635,0.03245170879715692652256465,0.3621812038627217344988196
-0.005517408413635848350720092,0.03194349365622283637433654,0.3605708162694500895639749
-0.006343977022172977639491442,0.03308900842933830410697027,0.3609416835294209646711749
-0.008050465912632795428827137,0.02758201937853363774899584,0.355443101286953444528649
-0.009174180152421669565132589,0.02251962963771344042318567,0.3493335628369650391888968
-0.00863127967723174155389998,0.02190835180418295238813364,0.3499380418586085506049699
-0.009197496741055431745959226,0.02137231874465510619853781,0.3496287353458273350348406
-0.00969125326220410948652173,0.02019338522624121792792273,0.3498503688570026581849959
-0.009673092435334325334128636,0.02048586533513617469193235,0.3506967648251492208899549
-0.007769927474197373465369942,0.01795636570234795253986348,0.3518162913600675900660519
-0.003065515376718833638614026,0.02563314805995500073043658,0.3601435493358962069976315
-0.0005940598387438367255011795,0.02685301984483904821909839,0.365980349198598675641847
0.001213143332393508194363974,0.03065182959365739603918577,0.3676957493387106312709989
-0.0007702613599108946561971889,0.02971043170752154724545413,0.3660998785281267542401906
-0.001264967610326661910311041,0.02831751332521188768698295,0.3644627615284450894428403
-0.003386605074365436115341188,0.03004267027206173473752315,0.3633794498660933292022435
-0.006373501631945860390615621,0.0329639032909804507998075,0.3639177874200850704156096
-0.007267388842756842236292325,0.03063087202392311345078291,0.358407148436047928719006
-0.004025569308779905833284296,0.0334837967069139888498519,0.3612991994007510587749721
-0.003138539067048564269041266,0.0352704748797616762789886,0.3642133369922940233642805
-0.006838494977966303074723431,0.03508291312173868192747506,0.359121384118057329626339
-0.009004926193403468490106256,0.03043171473199845697421573,0.3519089145138213359231827
-0.01118056160250657619925629,0.03254950417728063455369281,0.3503392936182231354180772
-0.009917451105412601261579475,0.03478263645179429514042724,0.3525428108394152437732316
-0.01043115804630342056957826,0.03511736034202792705594121,0.3529296841095798664689198
-0.01145433281824641616464255,0.03642271159773310257312673,0.3532378822941368845533816
-0.01100626770581425439843315,0.04193576572615311665037652,0.3589648429324321932121222
-0.007747722924170610120375713,0.04402779832020348865784243,0.3628553306351572915744441
-0.01225275632416154662773788,0.04175757072187175067412568,0.3562547310855553872599444
-0.009909157752784404291079845,0.03884419721943418307708029,0.354660174167131803102393
-0.01035076585160168982646667,0.03807499854281108653264454,0.3543801177283428249786823
-0.01108608709995406206572088,0.03623844032539641490942017,0.3536054253101107991419383
-0.01064080652941356425200681,0.03562234367809180568542615,0.3544579510134042710234326
-0.01315216044328175806765735,0.03521870941702396479167092,0.3527477477147274442792479
-0.01455400221126569755558666,0.03343100153867983870270564,0.3515660618850797169976374
-0.01365462193425138852365119,0.0336343566896956172596056,0.3539239661040312623363491
-0.012160655018096993770782,0.03264758561594078428713672,0.3547300343956525381372558
-0.01192752566762344916539984,0.03004047658835615197681079,0.3545075737671807281081726
-0.01275242718279690282145999,0.02731176989892918766100749,0.3532450119698886115138237
-0.01173881452865551192066285,0.02698159269038576807409058,0.3537842608238131458797682
-0.009081089506656736184964096,0.03156608124667714676547803,0.3606383294043988274601986
-0.005555233576859584104790102,0.03367370453359151000194416,0.3676327100584989016063275
-0.005064297253948369000042806,0.03383570577720305949664947,0.3683484040917183177654692
-0.01082320001883462987080087,0.02913087062049207753844371,0.360110700215909240728962
-0.01180126423595196684390718,0.02276691544552819287949852,0.3555670695374783529807416
-0.01266467610744957845991809,0.02220866369530130612908181,0.3541035091097927134384804
-0.01087678733364692840179799,0.01972717282850004055783089,0.3551993427369277145366766
-0.005696757822970929460715261,0.02546167039156429709456653,0.3640251188400810411494035
-0.007192703905388888804828262,0.02466640341799613764250942,0.3619807817662543114600737
-0.004871480100655112797924939,0.02452422499244275369556512,0.3626613546255924580563601
-0.00534453316053881688496574,0.02356620309279579619787803,0.3629909742560421537227455
-0.006391718407774815875754815,0.02441266159597007753823128,0.3621020404556958838249159
-0.008480240016386433876682815,0.0238433761251692112603795,0.3630665664857605778870209
-0.008365579180240955564640259,0.02488742946502157590837889,0.3618979007010161841328966
-0.005224419772645371405628278,0.02600828619890392656710532,0.3629153905783684130881284
-0.001395681452438225951528938,0.02887757717522680331323492,0.369239679557866240511288
-0.0007848268660884430121885136,0.02855040358457401616920635,0.3696354269898833866392351
-0.0007938382870197067736270369,0.02914357475140563757953771,0.3694545938604605894717281
-0.00248960092323755434809418,0.02811366234533265590078699,0.3642440059163410959186535
-0.004393389096213262332013549,0.02309536572259508410698281,0.3558041250928900556260714
-0.006044535298605032379304358,0.02341708405261869185842727,0.3541955014646722688098635
-0.006569572161781394789570321,0.02458371559498887665151656,0.3543773775445654417026731
-0.005743989724382854607231952,0.02558037522503996130662784,0.3550417420842384985668616
-0.00705611975610832484195889,0.02679762135042752790869969,0.355109420164775591022277
-0.006192413722641067555518823,0.02777994619515004523502277,0.3562948583493109055986281
-0.00591762577998740640222719,0.02876112140903841138395158,0.3558516498997072452503687
-0.005278700219241503309441921,0.03113521181042347082956745,0.355277257334076834727199
-0.005185091803017133002540184,0.03235148407056940428327962,0.3550040970945370077949121
-0.005912695605321310367286092,0.03288592283141807820490143,0.3552478148510041511265456
-0.005677245333470970489742058,0.0329489583833916591104618,0.3554790326387848309330764
-0.005739715314027391164508618,0.03458455708418473745213717,0.3563436907046017010358696
-0.006942643474997625512024069,0.03546667555211961697647638,0.3562046731150765310758288
-0.007055746170140664470793457,0.03671984401685056409458952,0.3560850712900027748020193
-0.007165304520077149692813823,0.03759948389229171572534227,0.3562513686614806607266814
-0.006598882579101682764599612,0.03559026016765515915141194,0.3562386921622470725701248
-0.006187356223586320223828405,0.03566014802207982670179121,0.356556353995395758360587
-0.00620424931768091911937768,0.0348330712746027088000389,0.3558404923762057969760519
-0.006659394519221027188005113,0.03445334508141403156988858,0.3559696670792735773147797
-0.007059268463365058615677228,0.03461458710254790988036788,0.3556349705163631691462456
-0.006814483834504935291787042,0.03288387141767742244402584,0.3562356243901058650003222
-0.006957188329266721094068515,0.0311948869198286418691346,0.3571224693810757244705201
-0.007578512336650693355377673,0.03081687315790777176305326,0.3567202076263724652704923
-0.007816100330372843102422209,0.02933730295124279893737018,0.3560549683069348381181385
-0.007525044596509477927426257,0.02853386103263256395878855,0.3568742355086564344013311
-0.006759923683525807282246323,0.02764755098548846157235914,0.3571003969023785473702048
-0.007111051362486304171228735,0.02721396991166163265019051,0.3573283221723227431887437
-0.008478928818609008863371734,0.02510685513017861178464152,0.3569091129032740394855239
-0.008705956983638990509533073,0.02553733986537629757629375,0.3569989028853728929568945
-0.007989638095226941211235427,0.02447464537755544844443989,0.3575513304453050156261895
-0.008657462520760631982663647,0.02718442811416117016465321,0.3622679251181772364098777
-0.006045796590252735559778419,0.02783589335333060132970928,0.3640524902835236553677589
-0.007982012965000799889492278,0.02772854416205991143207221,0.3641096760694827461080081
-0.01108553893247717254955109,0.0262656419799607715459544,0.3610404950173768390264684
-0.01023739014269881356100633,0.02676428817167910562124788,0.3620300428270500359140271
-0.01258626404341170457179544,0.02185527749807455316632954,0.3549437264190328233937066
-0.008570838903001164188477645,0.02656108152255520077344997,0.3623299318718029016217486
-0.01109970308192121009327469,0.02684523288864009912813025,0.3612730360452108269164739
-0.008179859289589398729791725,0.02905155608966138863769046,0.3676284644396456413595331
-0.01603234650923204135386513,0.03018807537362109064127402,0.3568254072137855281710017
-0.01217367953931871617234695,0.02595961287434166153698101,0.3571775819736759949307725
-0.01206929668150909414070515,0.02668222177231089828342014,0.3576334631296858024285257
-0.0130137392195980600845262,0.02687793308714208836973647,0.3568278586163954324561587
-0.01151849055627400877921396,0.02832936308846620981904962,0.3588292893379264603126444
-0.01208128336893255806716585,0.0292856609531103838361954,0.3589138657067616478002492
-0.01479048270298422528001847,0.02841771251808061435339958,0.3553537669111100916197188
-0.01437085144384606799627946,0.02961881685169392985912395,0.3569425397486274964542474
-0.01442467069147932746953078,0.03070074365448693248792367,0.3583758810212031575836988
-0.0166282336459235395575984,0.03179031183375952834824218,0.357721820575401583397479
-0.01572605804952954128284048,0.03359240005678911650255358,0.3594903511182009903102141
-0.01140110467809972959185583,0.03912144734739123747013778,0.3666504219711781975554743
-0.01274582913173511085347389,0.03945494935757401511189357,0.366826739584909466973528
-0.01054614150577218127657897,0.03950461102079197428516011,0.3673531570154022207752575
-0.009248586307090158470378682,0.03792459856990602201642915,0.3648317070017093599609836
-0.009217080797965279681527306,0.03988000041156532227137888,0.3671520495435429132236038
-0.004672828043903278112669586,0.03902790927864063785790449,0.3691873029192646038509906
-0.005147036856961426966317052,0.03936140940170346214088681,0.3690940445759099408640225
-0.005350350012599490272247049,0.03870394860176465390289025,0.3690741449832927179031117
-0.005075491016271358075961917,0.03950254656315637519226058,0.3718308370488462299974231
-0.002581435760969229015887594,0.04134718013661171226447166,0.3733134627466290211827982
-0.004696784008722558988180307,0.03872450180272389574920311,0.3666948209064647135058124
-0.01228380638101388665217595,0.03479816847636318238867759,0.3572906232123853609294883
-0.008540691808158284645258185,0.03462546086135470657652036,0.3609336249321500877940139
-0.009012851626176647534816055,0.03474997676166444171563796,0.3595962136298567757286548
-0.009529903622454245423756269,0.03326529014955875718229095,0.3589013288580385485637692
-0.009613899561725754855379122,0.03349740123172931238748617,0.3597027747256561491795424
-0.009186767231999173541345804,0.03412503805472057172298861,0.3608911471570772633299384
-0.01120676760434037057267975,0.02928563580762648735356102,0.3573473459016939246524203
-0.008616530777633812226978804,0.02753167673908246335101602,0.3606244710876129744292484
-0.006169628789499474394442124,0.03240075841341775314541351,0.3646140254731163876655842
-0.002526711703150553902513797,0.03261889520087192517738828,0.3700260579140658978580802
-0.003452268523985158304306919,0.03155511295582968250839073,0.3691547724142021924542689
-0.004764207814579446767511151,0.03076981834583465344468145,0.3692112827544347664066038
-0.003811536230910260447668492,0.0289907244421760482144812,0.3694469262180922197735811
-0.001299633529573665209969069,0.0310171469933528294593561,0.3748019668053715336419884
-0.006781318587032436270845004,0.03428504553801853260708299,0.3734087883685240361053559
-0.005559895293784833728012451,0.02777831106012316336739687,0.3696935277677874664981061
-0.01111421396248775395054764,0.02668059969541530448977618,0.3644917948576769650692597
-0.01120155796721018955086624,0.02836692648910234954007237,0.3666988655633995897176192
-0.008073116618219655996058215,0.03012727277702696715433461,0.3690099618966145023080117
-0.008496275780847977604492982,0.02964597641720314799562708,0.3682564657506091077010524
-0.0033521904153071594399671,0.03359072628457332454487982,0.3760452696849839737680554
-0.003636596703329407487270686,0.03405323985937772773846532,0.3760378205598905454465353
-0.005034157710757288135827725,0.03624572939321367426313003,0.3776302354707062325367417
-0.01507290229535906966873426,0.03487461643853969478490384,0.3715545108103793237042112
-0.009753058419043713136997731,0.03159245048745497330688892,0.3731992906005456300810863
-0.009391153360551750955975692,0.03518616008558136942774297,0.3740867011866139124620645
-0.008505566666440379439140251,0.03594106729675065892148922,0.377012166173799068147332
-0.01140378454814117668847384,0.03659934527415210220313568,0.3760212498196764396851677
-0.00727282582635243105007028,0.03812996681553854766422162,0.3796738146255934642780971
-0.01120238638524216623348906,0.03923789504722069443332089,0.3772846885415532258711835
-0.01941727214396997067136219,0.03152483899375069231751922,0.3642469295538189877348145
-0.0203834270853031594705751,0.02807592770880340884986914,0.3600008097361384606927004
-0.02049622012284263092296577,0.02955233511811521454615281,0.3610094491784950343493676
-0.01975755106887689890871052,0.02855926846441298252998742,0.3598354316804441843657969
-0.01883428200241922187418986,0.02954625341925833786893563,0.3606553316615069282313755
-0.01795604161910005144853208,0.02988374307503891685877662,0.3625123411258346362018301
-0.01941541020454980170928394,0.03172447794522983977039132,0.3606802695780151890581067
-0.01879557474721218687796487,0.03210705463013106136793695,0.3609952849877383074250758
-0.01544752129639941941319226,0.03124754695078417812692528,0.362858133574526675602101
-0.01376351000033980941095191,0.02915901159480342383356621,0.3631559153572929687925352
-0.0130984698070528374908017,0.02861706825756276176275783,0.3620055665969260094705362
-0.0108621682805449502884354,0.02820253019903660313127958,0.3624880124958752558583797
-0.01174740778681601649502397,0.02909825738372460654512786,0.3610526674493107490704347
-0.01057235702033128277310681,0.0284846289190120796619432,0.3608477124949751035920542
-0.009042074072506185722364336,0.0282942803101442173774327,0.3614320490036250776988425
-0.008124948703691214565991707,0.02756189192129268952791143,0.3611345337526822851792474
-0.006735615331474283269674874,0.02638618891202424571185148,0.3604519597008302711493855
-0.004277750188641289523505673,0.02612026295955655399994022,0.361717616609477043976284
-0.001934219304123852446047893,0.02426714049672557688142049,0.3610721491490531120938101
-0.002885291604286172647414466,0.0240317247844784726007461,0.3593213739500670800275373
-0.001142913663766153328088526,0.02350897359953586784886426,0.360208397064879726201525
-0.0001047254499676390337558479,0.02265112391566145855215098,0.3608805870462977183343867
0.002179801480048833457747737,0.02794250112097912408515299,0.3680682015174425725234642
0.008498532611368569966714404,0.03412038702162903391901239,0.376408872700901286911801
0.0067150920772327121754941,0.03341279872133690737046052,0.3762127910229307037326407
0.00784833480694344803874074,0.035436569815163958263593,0.3767024958882220775358007
0.006875703292268659297392652,0.0358742061884077395594872,0.376868558039935797054909
-0.001221029572407286278162841,0.02713731882798553485258708,0.3651504565623457931877738
-0.001649689510604710395921813,0.0286102423977806670507551,0.3660765657611226298051577
-0.001663984289832209527079665,0.02949734199245785185028446,0.3668648630635295004864815
-0.00298795265239052559858024,0.02876985767288545853270776,0.3662242867014515734780389
-0.005192754095754014906360929,0.02988759287707402553802005,0.3682309441004798511443141
-0.005691280754505342702465054,0.02743086265812087753968029,0.3692507092328081719223576
-0.008099493907784588095366551,0.02863012547767703960821528,0.3667183574553570246656875
-0.01012878825863552240127419,0.02817997967747560075779667,0.3663861775789056807184352
-0.01434448989227711003524579,0.02603772198285542183171515,0.3609550724577664793102372
-0.01649946340098387004280411,0.02717341618868253025342874,0.3615712657318733147526757
-0.0162304960471384776554693,0.02688544182598058204791691,0.3675024714546550330673824
-0.01726519584058102893542319,0.0261746629086202567404662,0.3644555274815948764377538
-0.02007256571896496796791887,0.02796434115993602989580502,0.3676159603065507486263641
-0.01903833647200738748983539,0.02895279962701131568070245,0.3673823659595983337489145
-0.01803605332030477903515475,0.03210231502784223478474956,0.3672568390754728517855199
-0.02427165663334763384684223,0.02855609388497057365974285,0.3688274520375995901844135
-0.02129970806200723321133239,0.02917259192465708125818757,0.3691088151172595699378576
-0.02177557065357587501308601,0.03187646368173006200530395,0.3696093794975583435302724
-0.02041653196201597547654316,0.03057993289926550645185799,0.367173400936440352815282
-0.02262527633995868592275968,0.02962385914895328611895486,0.3635732120337581418922923
-0.02353157366818159346166794,0.03163202131742570699657335,0.3642802094332639462059831
-0.02439726517304181829803866,0.03118614984081265542603667,0.3675403657530986190060673
-0.02030805486111592755849031,0.03027193748390564348449416,0.366178825068877888959662
-0.01914914245042584686751219,0.03046695297213082923026839,0.3667591178097797111057332
-0.01953227851155958649798094,0.03103141703475601267947503,0.3711902017703013201277429
-0.01980420461970694087638911,0.03116464669504795739762848,0.365568648299249565614133
-0.02102997062312913709170026,0.0337785781354518477304083,0.3712442560151527071177213
-0.01660739549900571571106056,0.03362962232831138986721697,0.3688129929324944766833028
-0.01658410499677692717668265,0.03417943378778668522821604,0.370060420922443233937571
-0.01976403278747469391407598,0.03358365281896254217475217,0.3706168719050136339809853
-0.01771441730411436529801783,0.03291980091249636919403798,0.3711664569817927361583543
-0.01352525092482532304005716,0.03285023565675975615318904,0.3736625597262130948905678
-0.01343973882535806282922941,0.03375249870779992167335593,0.3725306942945738608585771
-0.0111257170035352574016807,0.03437990325355310544663823,0.3724582836278515496353236
-0.01004609351228594356364443,0.03252132934368402727987046,0.3720115571266623399893092
-0.007336381996907998317980493,0.03135864881924277369762422,0.367938566099504815731791
-0.008265888164947979635521769,0.03036522754591770498211467,0.3656738857807658171772403
-0.008570516833325556374512111,0.03061646799694427503735206,0.3670380132277566431753257
-0.01103360738472480145899723,0.02902037399307973164486185,0.372485792339336208023326
-0.008719775679323363976047645,0.02945592123369783835173941,0.3744530903585439607361707
-0.007761445488585604762787895,0.02893576709625834617045648,0.3759647240431596704191008
-0.003743397438746052380276197,0.0269507228912910477836018,0.3704852191948404538379691
-0.002299588959451390711430374,0.02520345177630666302914797,0.3696031147563385577115014
-0.001934913518204779128359383,0.02671114924724297956526442,0.3761494088674363078794727
-0.001948496565474864281389267,0.02577130597592496713543753,0.3743067742675831865994951
-0.004878496204541725098091653,0.02405629860918332557639943,0.3755273269462298668663891
-0.004480193737859804875567349,0.02160530773351726496755987,0.3769835451842424856039315
-0.003282664420707827757778263,0.02126767457618958592768799,0.3772766922011111523360682
-7.450420362597640847740488e-05,0.01922915660235819182433126,0.3741810429210194466342898
0.0010283987232293291015639,0.02295336073894103934289745,0.3805619079838776785962295
-0.0004948332913429450731490622,0.01797091896808903146998126,0.3722117487249816392136381
-0.0002828628614311532330632959,0.01719232051044680686935351,0.3745908839130956957674812
0.0006344209723216295837566747,0.01513896833702088086381909,0.3709545676196185359785318
-2.827548395657648001920263e-05,0.01325054795955043704380749,0.3703848531745184691210682
-0.004475782189807648095425385,0.01400147914649478401993843,0.3805632270563507613125864
-0.0006489099091101266196524033,0.01538313539214610642380521,0.3820092595824840508988984
-0.002390315108715164536118403,0.01357706665860139959300934,0.3735411770213359350378823
-0.005187542611638116737959869,0.01195750520703566834035403,0.3796759668593855940876836
-0.005519756528259768188493517,0.01656475448844284964478035,0.3850266680425038501311974
-0.0083703808821927652011885,0.01369314664001947644267343,0.3799529052383703309203611
-0.01090013310693046209853829,0.0114124689835962290357374,0.3809638831383140855635361
-0.01312780785307831286912172,0.01142597936831339817953523,0.3815538559936556550766795
-0.01320288877892550685744233,0.01118952254124112692668103,0.3810363729935249965663502
-0.01544454631061213147058542,0.01037989180925333841665203,0.3827395509956089680869695
-0.01423041753506337249446378,0.01131392327551826448850392,0.3767807654130255756719237
-0.01740180618327463735184324,0.01221334063832644686864448,0.383692768764778979750929
-0.02040081358612827119869415,0.01278312866843130980731846,0.3841483876446569190044045
-0.02213692605399125365450708,0.01687862027991911609281495,0.3874610275732744413268449
-0.0237789171575836892624789,0.01683178363904000787720783,0.3844866998913858413544631
-0.02407935459646812909051405,0.01706808458331185440748357,0.3855182689437758880579565
-0.02051165931517461016309056,0.01726225083862446829652271,0.3851167751158292018587304
-0.02413984782196689632405295,0.01787564820924520542222425,0.3843408907874864555154204
-0.02591690063166023766383361,0.02213352154759020209984222,0.3815844586977418795292749
-0.02493341934259492645442613,0.0219845556670381428454597,0.3837189704103360354814356
-0.02579090187929478084072343,0.0234984617035919260419341,0.3837723594810757421491587
-0.026000853000421191713043,0.02674168427224555069643408,0.3848478772799696634443478
-0.02685101916371011518402945,0.02845369962796491167256185,0.3844699778647563404021525
-0.0231936660949779820117822,0.03010144276411469421717015,0.3806562370524594896004089
-0.02231142102658135312198695,0.03038743333212682792843218,0.3841137536386348694250614
-0.02219845633317000729856083,0.03134918115963220008879375,0.3860106009524138515054403
-0.01901189562044173358978938,0.03567820895378222972871285,0.3865987366635909028289575
-0.0162908868315964315554023,0.03403357238943954810039827,0.3846105257725516146649625
-0.01483475680427755530321754,0.03496861752990383653827422,0.3869755342778350426513612
-0.01292574745901762557631631,0.03694640386839403295438089,0.3803947704364289417178213
-0.01152008090698001217810909,0.03781509863867758142186304,0.3808408663189736809151498
-0.007915762359835310651989815,0.03561675467119224114398435,0.3863716127400454447560207
-0.005689502421291925751689611,0.03675435902149640915448359,0.3828334403340509783930656
-0.005696389051058659523663064,0.03511583873567112462632522,0.3836761017946108132115057
-0.003868962851153612530347159,0.0323985336166671550328644,0.3875972202228072926999403
-0.003259043456432629201624529,0.02949251345254258471761943,0.383222042173602561732082
-0.002369639646283648332786287,0.02995371166032322410299749,0.3839722650161068728813518
-0.003677234486704547902768958,0.02823632594159176945058931,0.3826157111695589474464896
-0.003142667087101837491286416,0.02544847386448167991801483,0.3817804255307784555562023
-0.003002168122083177272119148,0.02448758691518257771257971,0.3829985230968645515403637
0.0001948701948531668685839907,0.02025046595077421157649056,0.3865752821512210002374843
-0.001855846570000606581690716,0.01987675904246824845622577,0.3840014724739266860353837
-0.002655469820796126957651584,0.02003764857202911670031042,0.384104227170127821011647
-0.003519411291511399721837483,0.01612919202664438514394085,0.3844391331785194099168734
-0.005913686845162295646627371,0.0133985809365723129715775,0.3809195585700845265719749
-0.003399387140112105319678104,0.01425184830708120173325959,0.3829235305956446011599326
-0.003611693932003106656536406,0.01664175521793534451298058,0.3834484046102166199254668
-0.006507565944482159893402784,0.01616515256525048391256227,0.3816616640748033417729346
-0.00487712526468754049846499,0.02009585612212771640883169,0.3828140277804178426279691
-0.006464969636421975113238503,0.01983336627523460751754136,0.3843625627712101144872747
-0.01195558646212155004540101,0.0136983038728579389203821,0.3842940839348220616322749
-0.01062037587422527858127541,0.01652690822394322495147989,0.3870752936069849492461969
-0.01199876169817251300719896,0.01683285579822552113782308,0.3872938490776554054662029
-0.01124648522121614487023766,0.01507909884325245135350269,0.3860303964962232825541832
-0.01221876409179076077016202,0.01677179907175354103832099,0.3856055935923060062897605
-0.01354693612636109073532609,0.01888391053714902692584054,0.3864672138839862491899169
-0.01307280696880549694660623,0.02102099894024539450398947,0.3887011508578447904760367
-0.01294048738914209233097363,0.0216686276714127962206291,0.3893910306090362372088975
-0.01196257882072662356853776,0.02114925883174908344264153,0.3933706439971548229905807
-0.01221613478181041156922504,0.02278470034576014421889845,0.3890900821396037212451802
-0.01158468503221536140268544,0.02206203815059569472989409,0.3873704631133936815423624
-0.009710134930952426732253535,0.02639581391560209128188674,0.3893337966919876991234162
-0.007899747432836175253800803,0.03264930236152930459470056,0.3850991919029475574198784
-0.01261353842547457276834777,0.02464083598802996322163494,0.379251922786013329069732
-0.0121463276395434322668665,0.02395685191283224504954497,0.3793638274729285164710291
-0.008743373781453695620102806,0.02473956373240162806559361,0.3819126765917995047772138
-0.006916885865566812889582149,0.02397774228532443749339897,0.3821072093799069979702665
0.0003717321451567175355848449,0.02744319919840149113454686,0.3841436754874874570653276
-0.0006155593130841479146408979,0.0235933718751947067715502,0.3882520146075145173192311
0.0002818220724353937152971417,0.02277826116948131543460399,0.3891028008837440488321135
-0.0002338049045917825019373637,0.02243762562057723813913057,0.3889358698442305084519433
-0.002632680216523599920491749,0.02089344164136791234809287,0.3882444497113076709027268
-0.003532500288615324831459352,0.02121680571054192568358765,0.3890002264445781565704863
-0.004974893696748534932527974,0.01976355710632091838840907,0.3892931239351825056793643
-0.006369984665645787164089953,0.02488939266656875828886974,0.3848260698407335311799216
-0.01450154656763997379487208,0.019019253327399419928323,0.3841535050903095438457058
-0.01639651181827540132873722,0.01829148054840015052979751,0.3843034221001550010399228
-0.01408098364681720573998724,0.01867749004870230405961351,0.3898127173820402635584514
-0.01502652595971776076921866,0.0168799080898972067577013,0.3897345028481534745523618
-0.01577902080701899800718735,0.01773927913040503068220488,0.3896384889922265282180547
-0.01695803946920471441672795,0.01768846000641544069509337,0.3890611641324441816180979
-0.01910964360670684702991906,0.01790206620138490647975438,0.3882448689688094978222921
-0.01932262401320032976781427,0.02385676075984647856453869,0.3864387229729667194710885
-0.02001383212064379579775419,0.0190349811093767952441258,0.3911251239517778421905803
-0.02221335202552444584855884,0.01752604354474896278248686,0.3963624975581195308826921
-0.02320870910069603235137414,0.0174707971539165562990803,0.3966972826715185473922531
-0.02482173201848668353530769,0.02271490875193558564570928,0.3920298112791958944356452
-0.02777418417834068634086897,0.01616419356465084028462442,0.3868146078318059899459058
-0.02625517237668066952704926,0.01799896894345025602501842,0.3910848877987039839965178
-0.03272242423431748203910274,0.01865153520258847757995468,0.3830206718039749214099743
-0.02279740356585763239039011,0.02332511095982945856230906,0.3882795048129372150746974
-0.03019767671152328442074619,0.01831714962096525275980774,0.381835155552330107742165
-0.02219347460255562468067758,0.02811163038472501082831734,0.3840360721938114174633938
-0.0200278786961759387719173,0.03081474234342478774051344,0.3901942022796385245442252
-0.0182204459636001771249969,0.02489471334769373031536865,0.3936558758009239822328595
-0.01538647308124893239855702,0.0231106657470373823282106,0.3944257783561246344383733
-0.01556182122982875497274602,0.02415742456161350248944331,0.3934044461843247963983572
-0.02207298537627781082059997,0.02570017906517937933408291,0.3841314066907562385644326
-0.02017111832506751287197311,0.02523234593299672479105311,0.3845322941874538269502182
-0.01845714833341843830183393,0.02424960473305172101166072,0.3825396806710438801779617
-0.01659374870405977767107153,0.03917889498059704683763371,0.3835514295325843092676621
-0.01546225791356429547784845,0.04122223383621209658045359,0.3861978043113331038327374
-0.01593590731812971617031849,0.02645900852561531776951931,0.3821564801513434583846163
-0.005161581172236055434221491,0.02647235491359587952753252,0.393670078447838467372577
-0.00666795691134584433273913,0.02735604247239072084330047,0.3907610077465791253992222
-0.006903779761782838711448029,0.02809150286370784566081227,0.3910248724947950060837343
-0.01326260724832026283159792,0.02575333879948796603209793,0.3840843497895560787469549
-0.01303650163939748009289676,0.02326628615487814563667079,0.3825552921896912539345692
-0.01280141414148292314245658,0.02128393462282974352151044,0.3828712421231719731373744
-0.00726355756284284385937422,0.0218097402097165334045048,0.3879644496577721035635022
-0.006138920689027285715333448,0.02213857770602175797924893,0.3902166796396550618730714
-0.007352830919598415948534864,0.02006099029706585878951586,0.3898176354061138049189594
-0.007269034275154929829187989,0.02663438600783593276921657,0.3874059164733884563780464
-0.01627981949926719795751495,0.01764261488940455091523063,0.3871506942077158064385856
-0.006658194729059489086475665,0.02134129473429155141039892,0.3905945380204099981469312
-0.008119172742690358018924357,0.02121393326953548152946638,0.3895815734668675589524867
-0.007352809878789818773259235,0.02382731871241907176117714,0.3858425593725036684134011
-0.00916291967100742697771576,0.01774079202873183463973206,0.3887717464609773965200645
-0.01051450976095305057944618,0.02052722786054271206235278,0.3834582930782385878920593
-0.009085298563207182612200263,0.01766572429232620561334599,0.384623797435580061510052
-0.00974634020183834902384401,0.01583491865659462580206984,0.3886687484498988487402471
-0.01025636695116566472762987,0.0146826027895414368967808,0.386560393145972291950585
-0.01273757067185911535933673,0.009940494976863454082427474,0.3891588918998105106616947
-0.01337319571651144484158991,0.00935153377834231983034563,0.3897441663171842818336188
-0.01308006483439019818071358,0.007756816447463982244769909,0.3888255727672242922920987
-0.01305222125158482515683289,0.009226196093557455929490274,0.3888432056478600684634728
-0.012664675090547042324296,0.007196670455849801112391262,0.3878935209091587954510771
-0.009962821856356496308393389,0.007114738324414707562604043,0.3890932615037577257943724
-0.009461650533588536471363284,0.007168788786025216859532083,0.3905720135276880555785795
-0.008605347371583372748093943,0.01102742177397791553672413,0.3870381174898478993107176
-0.007183801394170958101725866,0.00877740047752348026555147,0.3888840526968168620491895
-0.005972795111598376734118876,0.005045518624696277917851539,0.3950748533830634179331298
-0.006621656569614215240293653,0.0188650734300030153978156,0.383933671056071623706174
-0.006024951277587709506933233,0.01110481429668557992740396,0.3899777167206199823823454
-0.005211785770712398443982316,0.01229398695364455895706612,0.390410823298952824877972
-0.003731188590692529477577111,0.01421326184024086260182518,0.3894545818979593398978523
-0.002160925084422703375264252,0.01302364052208354952555602,0.3893903405487565971831998
-0.001383401267958453634623894,0.02035698654030251852908862,0.3893005979454821630092454
0.0002697867522771808649652281,0.0199095577163719630875427,0.388139978934739782179264
-0.001321974866660680569471764,0.01467515710374426088358213,0.39059105635409774315292
-0.001346836051175844938682102,0.0157708958532568471744284,0.3904564919093636010671844
-0.00188477701157156664509007,0.02194263361998615574632865,0.3890522705308005479984956
-0.006248621148392897138579283,0.01820587466364477144398215,0.3866151720188506502040582
-0.005376450049729655789043647,0.01890985525233498942832,0.3876141583778494603684805
-0.005506034813946071929113835,0.02123049085741447392083892,0.389057913663560628325655
-0.007970920946287818331654762,0.02032865234503971121893251,0.3866644442988325103272018
-0.007605961643517367490319181,0.0257234525557010380858447,0.383714016107262911869924
-0.01447300227757240993764487,0.01841623649194573664189534,0.382975979104546560005673
-0.00954680054964760112234945,0.01775796083445644810150377,0.3894555590822985635668374
-0.01321420544432200944173772,0.01860003971329052957495165,0.3871983875567315824817172
-0.01209969260964951012771174,0.02428334542853124305983314,0.3876161738588819738460245
-0.01297923226107246252869487,0.02564082577982469343669258,0.3902922720425265334931453
-0.01319979943136497142763819,0.02436270070559181169511653,0.3899875799719734192905207
-0.01222306715291491402419766,0.01361778743535937627462395,0.394437159075886722980897
-0.01196806357664689443587314,0.0159075043429538903749787,0.3955237011229161270264854
-0.01225887160191039410017666,0.01505890931069449149848349,0.3920785388796582671133706
-0.01444667702019830808624068,0.01572703993946766853895269,0.3881025232447428696680447
-0.01187014424702030786218376,0.02273834897275540598005072,0.3859808249353222087130177
-0.0120218450680366212290906,0.02217769986511215069002745,0.3889744044234154096706391
-0.01273174760542282631103905,0.01934926515717292141993688,0.3859960337363153026757345
-0.01141467522941487164334085,0.0280635211266002625174476,0.3826440844836856980393236
-0.01129424391669179607300411,0.02896835308462174934929223,0.3888237955859499828115133
-0.01055046019288850660255985,0.01765463706236871863075599,0.3885159602078250284939998
-0.009988215057347897204986786,0.02009104927408932733667868,0.3873081404525591242560267
-0.008928061625647161839158805,0.0156646050969899940097374,0.3891957911290526705982984
-0.009108830930092725111646423,0.01404848432915117156793983,0.3878049936913844364383408
-0.008266348888074717682350467,0.02008268520517316954587805,0.3851681299737426122931083
-0.009299222054000530826578519,0.01846394905056936847076443,0.3878762900654316170268032
-0.006369234740922416829200792,0.01929234025633774773922369,0.3920189574549737265840577
-0.006033713029406821172495601,0.02527056234840682064080042,0.384593299040106972874753
-0.007104175385613015376862212,0.01768951571315095783187843,0.3906595943680067906100817
-0.009966368758523058354881208,0.01626854265399832119576295,0.3922618766224443276335876
-0.01008535567297636631467483,0.01704328863401171831326586,0.3934555757815560994572479
-0.01089640622199514186085878,0.01783172535700074459730224,0.3928308017217307934743076
-0.0117255932639677862977523,0.01721422970719166736786043,0.3936764182685359436675299
-0.01293296374415244150146709,0.01645799294557596589849702,0.3915881820538656965524638
-0.01472381812560932638767053,0.01755343135596909923124009,0.3905099871796040011950879
-0.01549680088739369999972784,0.01796035667027121376926324,0.3890108797046925581675225
-0.01477497958391124112387249,0.018158472588328707086891,0.3889892787200393553526112
-0.01612524961274328788585208,0.02072007435333924826870167,0.3973911504642340108972576
-0.01563075336339640394878181,0.01830647027036245641506973,0.3975107397233421657745112
-0.01687922754036097483520962,0.02016725981166361467145087,0.3977225919834346257175639
-0.01454969813318629165421747,0.02385626462509735784545128,0.40130902016493097406169
-0.01533918123781202215438757,0.0220056098115100316758852,0.3974443082201096766326032
-0.01350165579132960383401674,0.02056050116495100957281217,0.3978120772758539924751631
-0.01212277463889914128070124,0.01976414830005729719730745,  0.396763561591981284149
-0.01629975149118410848725347,0.02094155328290355291831482,0.3932683840274130426806209
-0.0151887573643028107872599,0.02231936230275828603186739,0.39327229623336001917977
-0.01471288163257889261559264,0.0229198539953863224261088,0.3929862082136730827564008
-0.01651175042349968882793299,0.02410189282214211109467428,0.3982410493196752443445519
-0.01506205342813757459830004,0.02432832728212538583867364,0.3989648444056290155224076
-0.01324225375820113972946679,0.02320058300169331247375659,0.3978000926284879223970847
-0.0111525186487707993893137,0.02182098253518680378015837,0.3942430008638321270453275
-0.0113753882293583883505983,0.02124102867602658054058118,0.3934522442765169270018077
-0.01311843967325466292495051,0.02161469048025380784716631,0.3928378672695456708119366
-0.01219278117568615982246882,0.02247699134354104108513006,0.3924386320409026795985596
-0.01204733166763525750719843,0.02259678627450943666499228,0.3929108137030526970434607
-0.01469842065024788528571076,0.02341634311928677408820576,0.392635142179340035362145
-0.01403624397418776550972019,0.02313514585560427772037428,0.3938106958126116885487988
-0.01803349293241435571943931,0.02512853136902079911885188,0.3917172447655660194598681
-0.01620812513841210153464623,0.02556172629059116213623426,0.3933457161192862039378326
-0.01723270710358843285647801,0.02368008036369885840888294,0.3935553427724532427056658
-0.01648050217016769347644356,0.0264145002560562253135501,0.3948387638044769665235378
-0.01584784920104995858958219,0.02697582937876206662930478,0.3940998170148750090469036
-0.01595789322439065266445724,0.02551024920266516810007928,0.3934442034595380666139874
-0.01351098383388232848645316,0.02593134867066003088065251,0.3948034058137663837584341
-0.0142094180239520067460246,0.02610073038483376461904584,0.394479010671203389470918
-0.01439482234287784573334434,0.02395124214493222700173014,0.3929766575734873756964305
-0.01050646319280838097975916,0.02426056544460404237883999,0.3938153306328207592379442
-0.009774443765916471585364356,0.02555336633278445720995897,0.3942875532478288258531052
-0.009298196262386794475052199,0.02626523171203770656845222,0.3926929160744955793482802
-0.004968280406988339129026322,0.02495619235631657203966505,0.395580853451806491172249
-0.002394366747589277578250888,0.02519564211027513003782197,0.3957136784149667407817219
-0.004396566271381116552952051,0.02451982675737240588431654,0.3931636488698596054724987
-0.00111054651885257897256376,0.02759815566377854176294271,0.3928836322758625931861332
0.0006619726553474462697745917,0.02599168342484764124278307,0.394216587353902470081124
0.001975285196590998923471538,0.02714845460607453325740934,0.3940020006352804582405724
0.002984863215256352165366538,0.02814474651994948797839591,0.3954468072706258108262034
0.002652891999930421986636508,0.02739882200894712752092808,0.3958707171362099153100189
0.002566713367403858619270052,0.02786356868930604108181015,0.3962556098385162095532053
0.004183217955942980514905116,0.02684205361666178527024762,0.3952610284716265298676774
0.007709979116033396917551102,0.02595615374192330668257078,0.4005919047038753455503013
0.006880627256742964832636478,0.02343712169552264121263896,0.3974654600019070782579433
0.003731382046761913887089612,0.0271250414553550825424999,0.3933293378924024308318508
0.00591251904065294691531518,0.02641603773098078963843527,0.394891639515732084664279
0.00583017247596428079409181,0.02621221745270883515810389,0.3958049777629011334312281
0.006019247667187482483952543,0.02538335179500664576246471,0.3948444239375092368327103
0.005115435929540588372299581,0.02362200256636589473790977,0.3960111473172030494005469
0.003859603210339602151479621,0.02245465882837273038918902,0.3965555373624291002343512
0.001445615433062715600096015,0.02150378544816052353572111,0.3971883486451347478052298
0.0004589323516932618100307162,0.02074558567504871872677619,0.3980571283056079101569935
-0.00460758293393539498927769,0.01942780095866183595609833,0.3967114992612349455569642
-0.004066199984457965176110061,0.01717541368782101937617846,0.3990230525046528642363342
-0.006778621518411402646631103,0.01774402957799849425701844,0.3982730373394299805411833
-0.009097417427298869901930445,0.01735468353964397456024038,0.4109455056446259524349784
-0.004523455313959228417386438,0.01523615349334412477633194,0.4020040006382040731480743
-0.008192366641987039455052866,0.01462832502899783122807253,0.4016325972827438639534137
-0.0149906953540379604683519,0.01424435871123337464527747,0.3959724067810506675790805
-0.01405463613562734151440914,0.01443901977461355123910636,0.3981196089913603963772459
-0.01463442018888795777276091,0.01468904044428245327102989,0.3986448770343970493534869
-0.01629813635492725551467963,0.01722095743405527984437597,0.3986418864837493747366182
-0.01505872819742666221531913,0.01788530953758219604887714,0.3992741815933700255669692
-0.01265000216828102846955417,0.01811384101734316715015538,0.4001541915636542268153164
-0.009799366430090607552050308,0.01772309522919538263274752,0.4002276971128084781526013
-0.009924090823439467648481305,0.01873957822224440322722572,0.3993830950976521854123291
-0.01023067595235876113546336,0.01991865871521935477117538,0.3993343333531343963826998
-0.008456808665018390736012321,0.02062793059454341368375019,0.4005662938652339022382876
-0.008934417903675048039380258,0.02251704235397423287112773,0.4011499254043269235836533
-0.01030880405582582613754905,0.02458600625438954120904889,0.3996179299158422182358663
-0.00927865312183584999006225,0.02471178662526797922827093,0.399476763315225691375332
-0.01002274785805776398384115,0.02467854531634056450273285,0.3987621803182097024453867
-0.01337309851720282910525484,0.03078787907960843853172328,0.4039800336862129359616347
-0.01032076830277770321253605,0.0278348633133714967735628,0.4117391378339532725938454
-0.007795938138387550203622922,0.02452520632677705411661684,0.4114919368878104943831886
-0.01300980009247743388045571,0.02944774164605257205096223,0.4064097184106471583042719
-0.008600922976635897582164958,0.0255388481512658603589383,0.4127333471192438096863953
-0.009741790518240079493894612,0.0249679823372569130446319,0.4147677607373050356898148
-0.01300362013074380512778205,0.03433822441447780676737622,0.4001004350372582285544354
-0.01290343904267380291395195,0.02608794048441342647293162,0.4022853297643339542943863
-0.015234400486578475800159,0.03053279111936995846021681,0.3978231503517277167780719
-0.01400201942275229594070396,0.02478969627192585678532311,0.4006554226644816196767351
-0.01372960823108454984919913,0.02525256270388572671370397,0.4119093961342626952770729
-0.01408817268180072648786627,0.02136565944861387386644047,0.4029785059619821474541368
-0.0127133575981550825395594,0.01966708258908199738468348,0.4022708046804378545502345
-0.01309241281958576329225163,0.01916118844174879640163134,0.4012460524818740048580423
-0.01042212453734397276106094,0.01806943859248709774445452,0.4037483487574781149120895
-0.009834513479042052142009567,0.01534127488222313331900359,0.4061990655047335030403133
-0.01005574000065496444167312,0.01372136363336240796884091,0.405860174537303053377002
-0.01007363334997562163974916,0.01295827233897243850602177,0.4041792717664092760010419
-0.006402325044046332062908089,0.008262970509464791224463198,0.4030821818243871534903633
-0.006453579357343843837802044,0.004669873407919662190723731,0.4019005862499859249581391
-0.004809158433614758691720947,0.003550454735286644267905354,0.4017179207320564215955017
-0.002660721133166683849413658,0.002130428484350208127168225,0.4042992251727623997936689
-0.005412388317687090791285875,0.003375295597779406214788978,0.4093958552794970673360808
-0.001633895190180261738563394,0.001913673801286999709425629,0.4039711708307280324525834
-0.001154385801375847802122121,0.001379976732451914213720134,0.4059373875477269022482574
-0.00378748775853794900428384,0.006394729421867298077564179,0.417239967539230149906615
-0.001362568511994846891938193,0.005002727078817292317991505,0.4170192302401214412554964
0.004566929836087897653928991,0.009213314964136680440542904,0.4078626391645718274325816
0.004762594667457166128232693,0.01376313148521438912974535,0.4127136759090536677341277
0.00519925986114886176658878,0.01223478005001755498926119,0.4061793980571096196463543
0.006164941169780745189310522,0.01341081473585833440387294,0.4076032882265404055921465
0.006698390595504052566488973,0.01391945416527012521767936,0.4072524772289767280852857
0.006980965552675274903016156,0.01699278175029554638353346,0.4084812606690468861359022
0.006189941938748215466414848,0.02060953123115427665368316,0.4076215583237327577670328
0.00460528510502483494348791,0.02571719916957823648395731,0.4145939666116672528417553
0.004610316418821705335140404,0.02463254355414681504021779,0.4183899315736446800073622
0.004623004489429472646522257,0.02889790867191280310244395,0.4181810968132110284400937
0.005440624767716813539597531,0.02679531669814048597255685,0.4101019376086578738238586
0.001830586154229307859278575,0.02945628817420149411776542,0.4197420716654203243223265
0.001655602933453024236745699,0.03109124786704936527215182,0.4220389347915331490490587
-0.0002773632786303109154339708,0.03108267630897217775887142,0.4210344238962283047733592
-0.002316156019023389838612514,0.03137973629306559097962293,0.4216115767806590253208299
-0.001637065036858903997740722,0.0299035423144385810456658,0.4112734138601442657190432
-0.007720216935369040266168295,0.03247872250839712454650865,0.416272389327633496325376
-0.006686030198792596891677054,0.02802766866137095316813266,0.4086128633730055081940691
-0.004759810868544773164445782,0.02838750703104684150468451,0.4196642900378082519097234
-0.0126682899383783516972235,0.03492565935265529858400058,0.412951636240031560998176
-0.01168864723831501521711385,0.02951936029474847705822427,0.4187918316851098055053626
-0.01330625287021324279490564,0.02563865442530401800302897,0.4132909136296103458363405
-0.01601433205245515745129836,0.0242949258439795097441749,0.4136487811376136636276613
-0.01294088721837188295238352,0.02184437905462691467683989,0.4187369822297254406961997
-0.01719784664723244746453723,0.02090539061835625794794069,0.4142934421531195288146421
-0.01884785336081422693621512,0.0201142826588411004207213,0.4128834252192497555888906
-0.01941626943934563614968525,0.01858717966823665926345832,0.4111763888815190837178193
-0.02041809475927280903562178,0.01360841240443670836779422,0.4101275220502121343635338
-0.01714830092991817891978634,0.01259829121022019819686744,0.4132522462122351636359951
-0.01914315605990115840007171,0.01177194206339153385865171,0.4129233828211032464317043
-0.02422952048412312792136092,0.01302296626401122474347982,0.4100503250015434808517512
-0.02193585976594569428299586,0.01904988556491248041790953,0.4095703611798209298200391
-0.02310961232253505581724085,0.0152455069958408045982523,0.4139197813354553723286244
-0.02083519569386610773009672,0.0167899150174751383979288,0.4144053734291939239398062
-0.0196154731337028105653264,0.01882304948244050563088692,0.4142833791280053357120039
-0.01738200767566983398482172,0.0120867690487336375965155,0.4155033165126231775587939
-0.01508613726021063028426283,0.01177227445941815553442922,0.4158420414552418953313406
-0.01376847468507033482587598,0.01304232478464470781909235,0.4162889459401352687528686
-0.01354295276201076050903715,0.01352846603554374790845394,0.4132644497127497262844997
-0.01263904187476187247762827,0.0147591545966862525141039,0.4148076212583368116426641
-0.01179743640014755193257123,0.01691549268593533009163998,0.4144543716362559249155595
-0.01180471960995295270524519,0.01985055211158121349357408,0.413691900413680146986195
-0.01196880937177448658848,0.02276909832826783455783648,0.4140110289819481925732703
-0.01070566902103658318834434,0.02466955426641984777669236,0.4129256910110630229837625
-0.00759354333217518179949268,0.02420450120634038207456662,0.4132714231362369372568821
-0.006592643154451990721021115,0.02644492918292529887169806,0.4138142896714148699643943
-0.006077795127839144204151545,0.02926808921683489092546715,0.412611551140520393943234
-0.005471758127021536695366866,0.03035750038864296757035177,0.4141653952562399654269143
-0.005825322771830641899182268,0.0311037364243903352578613,0.415183237227820800541167
-0.007916921654036804256726612,0.03366859984223884855181197,0.4126020227254773575786828
-0.007226828981268785222213946,0.03539910508057928645309076,0.4142680900317382008957168
-0.008010633451411518918261478,0.03573566389709785517947438,0.4147918141997450902636047
-0.008259769490154073717791405,0.03611758205919261832672618,0.4132396972266088042147203
-0.00808343373527609619644263,0.03715166958932438617813077,0.4140967204216973729380413
-0.008760998078052365661827494,0.03667567251083912044373747,0.4136795201081810979815145
-0.01196609589983650343003596,0.03606175110047553367120798,0.4146454072216470554401724
-0.01397078887748524900214164,0.03964691217848410192958752,0.4176582762658848646530885
-0.01598167321311197430766526,0.03848258107040675862764445,0.4123500178345074762553679
-0.01471387141960580485777754,0.0408942121900241553622557,0.4198309230284674176125748
-0.01484029189438069822049027,0.03452523175793131837707506,0.4181273453193424805007794
-0.01581327016416546674126842,0.03330401458255011215570107,0.4145918387763497525710932
-0.01552301175197385446624665,0.03125756460304151412854523,0.4198054177184054602811614
-0.01547377517773685859370225,0.03115416938308160701986971,0.4176387221517718351115889
-0.01635548420411696984855254,0.02896330029479616749443771,0.4107091101547598599452726
-0.01731422012148384551033509,0.0287120666957307452138437,0.4116472620540188587234809
-0.01852197636869834865280815,0.02674343932119515460099635,0.4107711450481697501579958
-0.01628219685531663227240351,0.02394564353042600082788205,0.414602988129730287703012
-0.01556211812586746554010197,0.02232191511626226143594209,0.4146053236270693109766228
-0.0154486557969181759197852,0.02150968778659555213916832,0.4142448219806236786588727
-0.01397669977443717452547656,0.02140388370908295062600146,0.4157836349125819119798564
-0.01812073993834287244375503,0.01950596519709115947427414,0.4112191836667482558453912
-0.01653822030739976814417425,0.019632801795619641421764,0.4113239417634394490264071
-0.01498463777444314359854616,0.01610000320374314550231354,0.4133149758155479358556761
-0.01448114522591693181796657,0.01749277243600322329086794,0.4169776889385653495523343
-0.01554341263286293864376297,0.01831105162772832251061317,0.4144478291447710183170727
-0.01300383057281412346739558,0.01755349020270965607060099,0.4180430959504584653707582
-0.01244118248657493687459041,0.01872754468190093377066852,0.4167539779500056829064647
-0.01151782551491789541309174,0.01734182475824364022543023,0.4175987528526952652363491
-0.01290623102463318502830525,0.01880711385941324226278581,0.4185428112976122272392843
-0.01617219982226023727855946,0.01818044970388071890354809,0.4123381364740391075152104
-0.01498592696244078169287572,0.0196857616588421782677365,0.4141609578912038291953479
-0.01509765286837000397568431,0.02043046438632661193635087,0.4130490357191253791846464
-0.0112425018783020771312442,0.02057441692490745432930765,0.4172405070224280976276532
-0.01562409670603184634607441,0.02123897761453607743731276,0.4139081234341575044055617
-0.01574885974736756413805416,0.02307119585948625220539476,0.4147496521636503397090223
-0.01421645150663014729730538,0.03439812198216675442896673,0.4159345565142841816275165
-0.01613905157561890471584753,0.02702623654905032118955788,0.4172880204250353775030646
-0.01206185530125480909191538,0.02703303068431559680329102,0.4225862488948837203395215
-0.01067354657825969610485117,0.02673178093834179674948004,0.4240748937102269966459289
-0.01453876601334623194783369,0.02956247407307538085929899,0.4160060348007589836605291
-0.01376042479500766239908227,0.03295229281816829114415413,0.4152408488518773421738217
-0.01190937800823261075167103,0.03402490875864318253807284,0.4152648252897361835778156
-0.01281167239602189374114705,0.03166449442106383099782008,0.4178956866097965905382239
-0.01345062923578621040532344,0.03820801305657276630833863,0.4158607690914412624572094
-0.0141799504333292095137331,0.04523576737782081247374322,0.4158506745189304854015688
-0.01490571031672153351488319,0.04293616774430610016910492,0.417667422760483020294231
-0.0124544302435817613727842,0.038490912970626470213098,0.4221079908073082087582861
-0.01213004914632067297863838,0.03306652202532209955387899,0.4252949096190916100646007
-0.01202655418471962160686939,0.03007709931650591472784839,0.4229742805472787581244631
-0.009572111642392017519243019,0.0277719877885544072504409,0.426954735519906591889594
-0.007269569052741602782630181,0.03064549126781632853999682,0.4239031125773642383336437
-0.00927968490183744658394982,0.02393401237771868375614481,0.4258718615833938514469992
-0.006527985198138725950189887,0.01850765765323051162405399,0.4241711297443542250107384
-0.006466464169209422407913479,0.01806180305258342846941311,0.4234268647249376238406171
-0.005858655451841826046488482,0.01473389715292467566642998,0.4249157640398601443187943
-0.009070707538395341232306812,0.01471924927059058835210337,0.4230766437250313427576032
-0.009571517145108027896371894,0.0139255496680267404352449,0.4222266796023165236206864
-0.01449756287601014319299519,0.009912068512346666401824358,0.4187200094621769674851919
-0.01266591716574396592198681,0.00612324821691664911149644,0.4178601907575090756985503
-0.009161401175723261902650307,0.006530364851195747874501585,0.4237300466189610204104099
-0.009922980996523082450333497,0.01284019613290161843099924,0.4220419320116102768203348
-0.01096381592213058892015809,0.0123328734296644822177047,0.4195875147198477872478861
-0.01317517214453136492613439,0.01648096626178570389686939,0.4180163632235610049470154
-0.01199684456857865941237229,0.01422612986792240810651755,0.4197353241132326107099004
-0.01169763967658225128909422,0.01877632897172931344953462,0.4220777418579289008704336
-0.01357145110392952817857104,0.01301385021801829827703401,0.423840859810339809499169
-0.01423124765434649607875883,0.01332422077012817250574184,0.4243252719025585317780269
-0.01677264174779066752130063,0.01631333896812000791576303,0.4220218451015425586980712
-0.01675997891211743195949424,0.02015198678272535348643402,0.4244011759223645929850477
-0.0166874070700751969686948,0.02563371229541832468923346,0.4286740682649710088014672
-0.02319397790288104527212099,0.02421229102393094786971339,0.4230385120892785066892827
-0.01471809460568441856043176,0.02767696255152490153461642,0.4312777143553293002220528
-0.0153824413713611867632336,0.03326149433808696376235758,0.4317094036345182073155513
-0.01566575547937228141126553,0.04065366273641228544999393,0.4249819640676448795346687
-0.01450380543005424724412045,0.04372740951659727370870456,0.4257335576985208369649172
-0.01382385596906697718122548,0.043654282105967875948771,0.4258166446183546671733211
-0.01388817972331451815193315,0.04534373905107040580997335,0.4256749096699222745243674
-0.02186078052420112327602908,0.0441923473668681537906977,0.4253598158796516592872194
-0.01449705709986322949012205,0.04775665875833382673087968,0.4239396397517207204508338
-0.02181805302114975600447089,0.04342248750189411921063254,0.4217816187276470230038683
-0.01468152931428299591554154,0.05113032150110979195956062,0.4254710179161312888496127
-0.01328863998057825020204792,0.04974028583280650644971033,0.4289145923966924400794198
-0.01290189226196492358611501,0.04907069143580183173680709,0.4287256112282320508199973
-0.01257775045336459972256105,0.0475765070367712636367763,0.4304313528977561364996518
-0.01977769473104694711307339,0.05575570467349945380508558,0.4313648426300148441825399
-0.01273650506824298457575484,0.04859221832838829524536806,0.4300007120358655399172676
-0.01341240839151450030264368,0.04656642410706882118098804,0.4298274602738834659909628
-0.0142051340497285349950829,0.04185893632078116488592912,0.4290208193280179438389155
-0.01594325171821271355798721,0.04198617514431889768955486,0.4274362764671104097935483
-0.01889419204866461116099075,0.04551998124388485778002433,0.4270140065774626347838705
-0.0147063033758700629355376,0.03970853589922207493856376,0.4287983735868822754433438
-0.01428317780176992755902798,0.03850983159721738796621437,0.428574760727779502378354
-0.01744101922286535669148755,0.03175945282438821792858619,0.4264162391860476519767076
-0.02371582035061800888819938,0.04500576897988886604373704,0.4329743213553395864146012
-0.0169322792307515859744349,0.03459236636927708052891006,0.427223948130762476438349
-0.02137977693675754964353075,0.04116554038381615293618054,0.4294685537955313936464563
-0.02157346963795184202616895,0.03592485870182203500089457,0.4289882687570178987357394
-0.0181251933051761252024825,0.03380776047400495948336285,0.4299736029966967909565767
-0.01576265001156421791117523,0.02728474672872551604063673,0.4285868702372817029555563
-0.01547314785438405268513939,0.02424189705181151177626475,0.4294076482889059853675917
-0.01458016567964046800165434,0.02272479916349268158626273,0.4300415272106064557000593
-0.01475899463396533606296401,0.02626465536333584191441837,0.4315647283005232259789352
-0.01580117012261598660738393,0.02701931657529307168053023,0.4331682797348098135081784
-0.01534559663053128124310387,0.02712342516203907621941127,0.4320310468003752957244501
-0.01488060664584204759175456,0.02732455444203635633315663,0.4319549715906437215018343
-0.0147515219403944203985235,0.02706822424346847985598963,0.4333155506164718118178314
-0.01399403451974481210617895,0.02591683396339625189419564,0.4333946726583455810732914
-0.01533292214167578798589275,0.02528495605057671374860107,0.4326663428799533694935064
-0.0125305428188187996385583,0.02818367738788879472977555,0.4341847089892810762634667
-0.01838595753468235532990249,0.0359120037493767182978921,0.4336975455076717556046617
-0.01891261506908690354089586,0.03683603295911209996038593,0.4344469681621968004670009
-0.01837803559220051521916339,0.03955663458430009465915944,0.4335099464499560517616317
-0.01168440490322070202111604,0.03427540634303240935087942,0.4345204554870070734473586
-0.01180545928939320809991642,0.03486317956055442340845829,0.4351456249310653445760977
-0.01197631527558177741421552,0.03577822204772857644927697,0.4357389233234782999204526
-0.01089045508354171028220225,0.0350469588977317600408945,0.4347964835755899204450259
-0.01535662820135791882536491,0.03926181251496255186772544,0.4348105689716290078727923
-0.01797509941988495799081171,0.04358393954275251169772076,0.4340741741091770911076253
-0.01275911446351763942064217,0.04096399329189893967484437,0.4331593196886481256235868
-0.01471452388052580002864023,0.03987423802945823381183033,0.4340569463216491508106287
-0.01420171910849211960314875,0.03775071262758002144099834,0.434958705199267214869252
-0.01351745417347821089093518,0.03360262411110482433374003,0.4344769513902348445633095
-0.01311546660933722747988117,0.03338935164222246038123743,0.4348736339391373606488855
-0.01457278578321314493893013,0.03249804681349401092038676,0.4341558933585836776991584
-0.01490464289137342565605415,0.03184310715532127911142624,0.4339800743592304166362794
-0.01450435273224343762921151,0.03083426944801775926308096,0.4341497779837525383683783
-0.01408977692839966967819354,0.03180102865829705083289269,0.4335413496537754984849755
-0.01369786149090949922690896,0.03050396032301623192029005,0.4342740896808016670682662
-0.01439684940210887199862899,0.02879525499189924953036268,0.4354409032643630217407349
-0.01414215259692517233369724,0.02569483255243885586049934,0.4354987899770055292947291
-0.01534034733672086023292813,0.02901949250413648345725548,0.4357359098526988883115507
-0.01473968378183639071909994,0.02940792925780821853720681,0.4345455044366677288536494
-0.01451763796158575189898521,0.02930287809696598133601952,0.4351452044026936638587699
-0.01352708673442337174164241,0.02815301997334101330450196,0.4345825095047413655358071
-0.0142964057286982908212547,0.02758949578121171544720092,0.435089400779315127465452
-0.01211825326681724955546482,0.02533975770102936050931497,0.4371652032410798804917818
-0.01168487755125124753774468,0.02688445787939366254937212,0.4359858270640836197529211
-0.01117942785742481390243164,0.02731347156486969851574287,0.4364128126266023088852819
-0.01082979878216048033601204,0.02575779864863705914679315,0.4361748213061755752306681
-0.01035111480289866228710061,0.03280064720272167499981464,0.436612992179783998558662
-0.01078022100098843284732286,0.03347164382430119905498245,0.4368907302906262501984713
-0.007888543158537781457839699,0.03085624063744488859706294,0.4365426575005783571548079
-0.007110078353973696418943717,0.03416863306012904444308731,0.436661983322009061847524
-0.006914803252575625093501177,0.03356104062076089439292659,0.4358547990126758753248737
-0.005314070055189174142384889,0.0316398009453653719647015,0.4359487820865745044685013
-0.005511261122043966884098687,0.0319952957520245120925928,0.4343943688060736274536566
-0.003492880529258162759786988,0.03206755843839854958066127,0.4364596210938023745917747
-0.003166238760150761819001097,0.03200097639457144538255307,0.436224454093150137978796
-0.002887232022717371813375076,0.03676013029317076047375323,0.4376703741554935356283806
-0.003760912228848489573251879,0.03751463256693830100596543,0.436699065021725063573399
-0.002843786963768971370186689,0.03582423731570794772638422,0.4365840662144724326765299
-0.003289267390487330636889007,0.03633142790927796489386381,0.4351286857884049674716209
-0.006131983143008334913304225,0.03869964330354945525325405,0.4364322461479637205172821
-0.006839335764800833113163936,0.03580398869286109675424967,0.4356100259509927963286202
-0.008276906237383464121082355,0.03575557290805978644110397,0.433977163958262135423638
-0.00943655349517717387253235,0.0399385497344472706338081,0.4354558564425140554376981
-0.01032517583357241489072642,0.03781095599126590989236263,0.4348262801164824997712799
-0.0122342563868176965741208,0.03912820995003014890034621,0.4347321819887310923036239
-0.01329012342181489295112051,0.03966720809121131174901365,0.4343769065138707863305001
-0.01489501520160343463194952,0.03719461821039937027277844,0.4336868807224316668680331
-0.01605670730110736466045296,0.03756163365779562057777952,0.4346235296656325020059342
-0.01851216024913501789761483,0.03955020556501048084596661,0.433307345389766895848993
-0.01842331468073798994566914,0.03637971058506455496184273,0.434036868707218415064375
-0.01995579397488237566316016,0.03734158464424479351162489,0.4368033605171715016979306
-0.021113378068230718304088,0.0367834903364612220144636,0.4333934670217055584728882
-0.02038343914810765780676327,0.03860125173354193167662984,0.433986475887098710479961
-0.02253414571644848582443466,0.0344976188362762503647474,0.4375900186333748220768314
-0.02274698034711595054369049,0.03384294956797998660258386,0.4353800478924427230786875
-0.02248255443187800045601321,0.03570874592889045073818011,0.4383550702811733756902868
-0.02429740438887569367598651,0.04121556106209045555743842,0.4335507330053512964340712
-0.0253833639448812070638084,0.04215489355060657999940688,0.4310944911781132704575725
-0.0250306728986526734470619,0.04353530123015504627037586,0.4319633805149694083524992
-0.02430572064447748814597361,0.03601635031341520604142303,0.4313201447667529553342547
-0.02497829514673382753087161,0.03608858298823587607007113,0.4310624912549699816466386
-0.02305525278933908892020632,0.03850453111125311939089144,0.4316739771725018881554092
-0.02247578853802352505386608,0.04151461387465365387994254,0.4311865625520915901169872
-0.02758022476731191233167984,0.0447861980615002763794763,0.4348666916315540031945375
-0.01972001503722572296473103,0.042194730628869747679488,0.4311829043126093052862302
-0.01912657676022269659377173,0.03956140430034983668239335,0.4324443185479281415162234
-0.01657334650027256217619254,0.0407982247436090919578966,0.4329608962385990689192283
-0.01384523549440300552171301,0.04085320691994175079653218,0.4336547142329547632755293
-0.01300899880503843079881943,0.04073134861501054304611102,0.4337317842503061182668489
-0.01171401577388328507645099,0.04013297981900773581109831,0.4338633346394773493415187
-0.00962648543979941623272012,0.03919073370764288022360944,0.4330960251064587818170537
-0.006275123655876927927788067,0.03169852679044665721974638,0.4330704690998851136285452
-0.004951372532410485381715315,0.02947744206951160086949137,0.4356412745722116897084675
-0.003866179584600322113874249,0.03146246808134973288462177,0.4336847621170366595677592
-0.002300345075620800500831864,0.02877737769926580133073024,0.4374931881896900187634003
-0.003727457485411822708798457,0.02671246945224145519226511,0.4376264756368852815171522
0.0008419210044542491762006864,0.02816212344055214755744743,0.4331277085993047171186277
0.0005970230431950032581184251,0.02747100038866364182799096,0.4328860349109933669531358
-0.0001566988650505070931970991,0.02326514345988749815630214,0.4346252909484160098507743
0.0009454789679216872751166267,0.024224606473246139415334,0.4337710500682580572195945
0.001948611559262468633652032,0.01852136635755253363244677,0.430118933760445298908337
0.003626827752344552544677692,0.02105242638621016362798777,0.431984492095192851301988
0.001087315255737456324777734,0.0233241182840788971453172,0.4300543135269752625937656
0.001021746733531824283258693,0.02123964815804354686057387,0.4300134331193803949311416
0.0009786938566188905022635858,0.02003960811957061077803743,0.4286423953156542898668135
-0.001476520882301228651187208,0.02151955672575139172364445,0.4296073061996442121746043
-0.001519767175341482862496734,0.01571905820975551260065828,0.4374442412093200727163378
-0.006462681317569566631642264,0.02146698000784078713687464,0.4317763815562528639802053
-0.00563739877277211545725244,0.01607647291624775959251181,0.4335931812191753387253357
-0.008216161359635645519694513,0.01623253322607694920653998,0.4330798749512731471433824
-0.009599501824517507955758511,0.01726570785280277450790543,0.4338139421771968207153236
-0.01266576101211024617254619,0.0206133030874250354480548,0.4332063127616807007846944
-0.01233079515894133955378198,0.01919196089363523968773784,0.433480594230831406399318
-0.01452991381642262068429883,0.02334690154922657023828236,0.4326204592707017515529344
-0.01772633882982346462120482,0.02524489786818458203487836,0.4310963883296305976244867
-0.01589565141026870465079668,0.0232431072594004375919674,0.4307427197757550674239724
-0.01539687624492758720451402,0.02381197517148023190536321,0.4300746906267649549704402
-0.01633637715753947713959171,0.02429500587466656286173006,0.4303819998975965122056664
-0.01627331633531094515210391,0.02555665078324429254075234,0.4321955383317768739637188
-0.01663704495730824670096659,0.02557672222092973596252463,0.4319472870046389134657261
-0.01746561130665571018316662,0.02710096275585892333648275,0.4311290801381328363639511
-0.01781894269519506551757715,0.024665323907119379026609,0.4310834793771692319275246
-0.01479441683064450056839245,0.02448452350039500777234558,0.4309706880797473105282336
-0.01337178055448994679066388,0.02429043592353287775442716,0.4308057040658001546340472
-0.01549472055964531275185081,0.02273102806713877058197859,0.4313926261161346586980869
-0.01112763558778007665084342,0.02432423786111733918224864,0.4308753114887388102616228
-0.009253388484101340155651982,0.0257373448125565659760916,0.4314246406886042550787863
-0.006627983129947672899517919,0.02669230814987648067737602,0.4335504478692766006098225
-0.006670383281150308978080243,0.02579642438396922976551195,0.4327671482367232980159599
-0.004439036705210639387197968,0.02568876218953733414629426,0.4331102141345565259555883
-0.003943293048757719708452552,0.02934170190228078262117961,0.4337365631613123162502177
-0.004691211453335600647940318,0.02992894097317815374492689,0.4332014674638786089211351
-0.006367532723047315997011442,0.02959907112552756514034513,0.43623940046507364565187
-0.004500727530941389317731272,0.02888198850410398851873417,0.4359199236241964037219532
0.0002473671832969304954126522,0.02833847290231271409677305,0.4400002631768442640236572
-0.004919135288275928996615249,0.02725193780162052728521793,0.4364221069977223810276712
0.0008369242973071048911914982,0.03438044839927771600951445,0.4354142359189654420958959
0.002228966350279241569881661,0.02900142190905519168353521,0.4374777954224884357614656
0.0007597980841121647213945445,0.02905958476989708647031385,0.4378143860544590482142269
2.81687257089319402193978e-06,0.02421551216959779567750033,0.4367410109907806092799376
0.001994438572479933537151542,0.02261268888368105078878756,0.4395963338141619658472337
-0.0002368907837025121913832049,0.02934482397246887183661634,0.4340021046083142319815806
0.0009648567319538063147624229,0.02820773029482087634889353,0.4355534643964805718852062
2.634006627367448425758659e-05,0.0256852687319876760163595,0.4355452610115800871071201
-0.002153599920454583611234556,0.0301942167097295280364655,0.4366290919347932120153644
-0.001293081637236055767697929,0.0254503696446302038469689,0.4345736711776970739862236
-0.00217643155539043800517085,0.0248470094180666470351504,0.4340097712417628206260645
-0.008344061656293678963525196,0.01945531904113067742101428,0.4390497262986396975747994
-0.006863164629602722978385376,0.01916419250323170286876007,0.4394083770667522870212451
-0.009272892206080664279088666,0.01839252052958503455548644,0.4395199682407527896899069
-0.00920425573817014626432087,0.01964160078167024800488427,0.4365719306999049642570299
-0.01153343741968585953183712,0.01767559046630940919331287,0.4406438768292640362211898
-0.01093217288319630990656162,0.01573697521897949799796201,0.4394924260498633827864978
-0.01166107310602483744521596,0.01737404408865749275148183,0.439771165180051382126436
-0.01310083861963461798749719,0.01805050658120724293986825,0.439493457669918041741397
-0.0164686819996016295397645,0.01719094473690758323458638,0.4363776945662445339024771
-0.01253833866261514808082556,0.02375888789845177068160709,0.4345776336976480691554059
-0.01231764943487049374093445,0.02712580164739516672134378,0.4345388130754387900900326
-0.0121785710684478420268162,0.02287406766700347121590298,0.4363681007560940017242501
-0.01493591890433653215919385,0.03159429715026677160105706,0.4360558826096707640829209
-0.01358825085338132704348979,0.02489841540222267196602601,0.4352659090744255832028387
-0.01474873509113066791242908,0.02979671423511897829228268,0.4368122754818363207007792
-0.01462119760449968018656275,0.03179208823550278006919712,0.435085457098190631075596
-0.01434726065891297683285721,0.02589346813656303800121883,0.4348767788134147993517331
-0.0104350704028262266515048,0.03361772594645156403414532,0.4342115094621692428233928
-0.009204722702367577544246835,0.03092639400813541189494416,0.4318791880525307269600432
-0.01168631724761888361630024,0.04222019358367047614510881,0.4343541809844618239999647
-0.01042633964171158292288943,0.03523768039752495084826478,0.4352025977930391031911483
-0.01011924034797928410867041,0.04177224089791847783104117,0.4348667995489274296083693
-0.009725000336861090374784844,0.04250990997267471011022977,0.4377021040443567212463449
-0.008016159826365248930457597,0.04175330249282321881665325,0.437831701855862731598279
-0.006298522035071167299302708,0.04202392876210513106283173,0.4377204056391084674437764
-0.00786577990148768987910266,0.02956378805387576899632585,0.4312977195298486887686806
-0.003398107001082182991591463,0.03885683661960241674915295,0.4327570682047851557960882
-0.002287343019292036993411754,0.03081115185759564570333602,0.4349385072785761363611812
-0.004886056610482321545252393,0.03227374845980887640983781,0.4311112754695708426666556
0.0002654079731794980892903291,0.02993582071584692527732585,0.4351567202063055250782497
0.0005096434618965495991910197,0.02849338707260951411570638,0.4367045973389784840890115
0.0003098620082100790964520221,0.03666910333092115309439052,0.434640253586895453086214
0.0004799200042723841493942649,0.03905315089883668044912213,0.4355800467535281828013183
0.001636697111146708264947658,0.03741631330702350349826091,0.4371528747721531438230613
-0.0007474694170865159954450507,0.03888606565928735825377061,0.4366426090383240254944042
-0.0004685975709085702148835872,0.03698459795503307445674324,0.435957573285071786628464
-0.001483167797967961101454626,0.03765695453364144296148908,0.4371531028379696537378152
-0.002125794581062621924072431,0.03054111285778288165104755,0.4325937285864814296765246
-0.0006499106531816231180700982,0.02777221300784959295837595,0.4358289055204141448918165
-0.002368025296595126661519659,0.0318706379291402094877661,0.4352544140106084924468632
-0.004374726239077083439488192,0.03331281435410147345743681,0.4336308225777361635699947
-0.004775396579640664787569371,0.03032691607459911051214441,0.4338843382499698031473656
-0.006577176106038419914345816,0.03172581138782960830102553,0.4345506385292944306897311
-0.006831342790687384286529849,0.0305875550194076514798347,0.436452518721140325652641
-0.007156839332399821118624317,0.02104719056686316439042095,0.4393192398590488600973458
-0.007444965999885503823985111,0.02077802559335743814994402,0.436928691912979449973875
-0.01005370876065900601070702,0.03344264875645378692903265,0.4348045228812768558945834
-0.00987510664321872635995625,0.02977022959747839189748042,0.4351168570901759458102731
-0.008971988228303062404278556,0.02775513653172427194770755,0.4353449939564398296631964
-0.009531955250756072098305971,0.0239626873521525569910029,0.4346953765631917376843774
-0.009303640764124617920649563,0.02473549589033943382765379,0.4352364206315826877791153
-0.01193915795058029562236701,0.02719465510057390497666852,0.4351924855300046690587124
-0.01274846924138299704420962,0.02853614026052829488744322,0.4343241961619875302069715
-0.009845989546467794062412082,0.02353771844743705529690025,0.4332732163443868134145021
-0.01209272331359056637523075,0.02674828622679463474565154,0.4372221054780653926030709
-0.01427709214012845562180587,0.02493053035191798716407874,0.4356161097481271449183282
-0.01239525948708423454258654,0.025530822695384029763499,0.435354045660059918443352
-0.01323764212519920081823077,0.02375180425107418710761742,0.4350454312696011571759414
-0.01135863495429657171742477,0.0195435315537511172800933,0.4336084990537079075778593
-0.01203285359000300612508649,0.02217171057432784989082997,0.4346329125640199797508956
-0.01194527544544436541140708,0.01915034934444886233206873,0.4339776835963289336461912
-0.01151488677994631261436442,0.01959054896076168825191921,0.4336103065565609648857048
-0.01021216763848478356613292,0.01915957871167144055402076,0.4347624073782533904442005
-0.00999052140624061627005581,0.02121338327598299225429379,0.4340723352411289259755733
-0.01034617824802017485574801,0.01892412111160029705714258,0.435826708620589642340093
-0.01162107075050922144754395,0.02042488394750001032273978,0.434283921014874230159819
-0.01141394582615610532594363,0.021814201881918775932645,0.435203904990872081359754
-0.01228958114469314195915661,0.02322310150032248429741166,0.4354713980824555519255625
-0.008627955011121643189020425,0.03593312182825390138640742,0.4356163379148969561072136
-0.007289311423895527761174229,0.03567660374709390180836266,0.4345665641480940255547694
-0.008753785913245014371764086,0.02804285920815442409437246,0.4331281396126585581107804
-0.004207643744476621469607913,0.03509432824061307215623984,0.4354430850751588311098317
-0.003296331622861178867189835,0.03652741235087453297580851,0.4358835057254611400345823
-0.003082412221990855905051632,0.03997115067313455200048722,0.4351712527623313730984478
-0.00328493153937236366177177,0.04270035708518326450500169,0.4349051704102486204384093
-0.002724844613976954051104418,0.04516992407140243276364444,0.4349817271593435230592206
-0.0001465629366237975199274007,0.04250367527186958704898956,0.4345594383763118906394141
0.0008143632943235607716397917,0.03933363436216648356680281,0.4369933627626296779311588
0.001607574847109024922253706,0.04275836261459812354113197,0.4366377023281585723069043
0.002800278952052363389685352,0.03832418144167815815537281,0.4366700012379807205320503
0.005373818391187153674370958,0.03050869838790108354298347,0.4363463480419473294880106
0.004684920627672595726254112,0.03044531047877646612320746,0.4359766972713219335133772
0.004136551921463654975241742,0.02773072288717376432387596,0.4359661438426665758250067
0.003340068609585574582743206,0.02575202962504329062820574,0.4347557826900863009456089
0.003699135874529470204702397,0.0221538536903483213036381,0.4349571667336644686940872
0.002282945667435230113762046,0.02825617932141708671389679,0.4344927054191222159928998
-0.0001116298537590523580996515,0.02689232106752457301945824,0.4350073363513709545635777
0.0001630516896994836087073089,0.0240350411069470866476383,0.4346343791432800696128425
-0.001701505766030592765522544,0.02395393936418558494816367,0.434740848854981098980943
-0.001939151281099085483844435,0.02003748163455053993287081,0.4353462956587200727298637
-0.002399453021327047508998165,0.01930731560550671618847751,0.4349677643157073836377435
-0.005123619817454124619748868,0.01686154223652197928218222,0.4350454708413074023098943
-0.003728301561614347746365095,0.007381268994689899748395945,0.4356408721606634393275215
-0.009268816553304378910715933,0.004479387046846248707221427,0.42951746971916582307216
-0.00175953194011032221406865,0.005773955772917173726033191,0.4341691945523242779358952
-0.003902251350120092884127265,0.008175384617421416894034181,0.432356656775381820168036
-0.003852816366040685402277743,0.003412255185957831053744638,0.4337224045963311569451548
-0.003556536888359739401882509,0.008226583024811311845025941,0.4318147188765169008917155
-0.003729310008504050765604232,0.005554321084577869098442005,0.4334205435247083793015577
-0.004186234801223591428520621,0.008233982423170945266766019,0.4290481753506009687804124
-0.003553044293379349453931848,0.009193274772123083762864759,0.429213436478693199926937
-0.004369978509510158079520714,0.01186129189860841981474238,0.4310754964438416325656078
-0.003760838497757319591474623,0.01135886957680118554414594,0.4310374223293148010505149
-0.005002338430164913508912949,0.01529616372678768536352845,0.4294900193966041390680743
-0.003686826729124575204726844,0.01912385975449502548140224,0.4324946197959149141176738
-0.004007137890115478745522992,0.02046728147594116531404751,0.4314134828740645022371325
-0.004208907075511603493311874,0.02330825458590480431242398,0.4327512763084381264278022
-0.004107037371024761275573045,0.03109214507408117333930875,0.4323993694317045388686438
-0.001926756559566241387704277,0.02838606356908377273406963,0.4331835936757240101968591
-0.00132697355403142550935025,0.02926840227361201737799057,0.4332409300825190157091527
-0.001677901665322038219502199,0.0316964279269905113700645,0.4326099674559651386829273
-0.0003210763963557684104108136,0.02838369053142620473950686,0.4342033775915333237982452
4.079511982926608432977692e-06,0.03192404865524564594458923,0.4322635744998668538841002
0.0002016568123930309478029216,0.03342861817181044109537069,0.4337064775226139867747577
3.910524535474715207561403e-06,0.03521889242590912905139788,0.4339217950911816168435564
-0.001101964651533998825957972,0.03497431545504825489700806,0.4337981346740417687435354
-0.002437231618128933661321378,0.03311924758404457408422772,0.4346925046181380203336175
-0.003188245581462663316013595,0.03677956477264021639683733,0.4335336247544121501817926
-0.0041650014251410965790412,0.03587789167806076928712855,0.433816522754977895726114
-0.004364482331656969506250565,0.03509358230164187630872874,0.4336433416160394571647885
-0.00542751205188538986962099,0.03744230685546643538907929,0.4341449655621948400252563
-0.007581421847319539698839552,0.03567126795499461072713743,0.433744698571423892285992
-0.009468478964125850994015821,0.03465598425419319505991211,0.4319096796468244736644237
-0.01230374678076091507494816,0.03499337310874296724794164,0.4319805191578776071281709
-0.01336257822912738195408888,0.0328740149338887996388614,0.4313676590368908936312664
-0.01578256356900569618018082,0.03347757353289103343652044,0.4311827417862644784563031
-0.01657676383663207395069428,0.03332882285416665507638001,0.4322543853973334071483237
-0.01810853879145481182266764,0.03219433379433475628239592,0.4327281909941150805920529
-0.02057753006681178539749588,0.03105077433611433054827522,0.4310288358022222321430661
-0.0199628096263761434236983,0.03073185451523140210294827,0.4328958026060207298080229
-0.02123600308907567374427927,0.03101577576360902907537387,0.4328334101317184434698504
-0.01989522472782253789680418,0.02732108441064672044173989, 0.4342911240036725906144
-0.02003784446159918852803372,0.0279710354944642178298686,0.4337947658184707067086094
-0.02010598715754673485034409,0.03082678566537649586520864,0.4326010768947662343819616
-0.02183831095837271765724985,0.02785243371423131927833161,0.4340851954650835620164173
-0.01750495903901557945281375,0.0286671283440766144767764,0.4322586056384822850162664
-0.01669312276035952655184325,0.02712659935537913014069744,0.4328055543213599754004406
-0.01579485218831457385424422,0.02674005798571127759388766,0.432149185053955775526191
-0.01454539825544559801528965,0.02289505763755616055132869,0.4299024379222989300508573
-0.0148040809661029171273583,0.02911404878141585217399268,0.4334312439891412904735546
-0.0123847244591665864299479,0.01797734427405668286570339,0.4369953521161827891816642
-0.01240606456622354858421176,0.02862822779323682953478425,0.4335128123499763508341687
-0.01108131930014523425231943,0.03048176722396882601384682,0.4334523355470103478381816
-0.007994422990881534102358685,0.02702233586073343740707742,0.436017165697178910033216
-0.007007437205931069980346937,0.02857029927051376802515925,0.4347081034216426775884656
-0.006720871504227542321541211,0.02947672884435808410286128,0.4347581585914474522347462
-0.00274259108300691379495051,0.01892633290005822990775819,0.4333591148509008950107102
-0.004315616340134900696945408,0.02812310110088144660123177,0.4351569236588805345000708
-0.00151983638984738104321659,0.02094054066986733922406394,0.4324407962532935134625234
-0.001332798642026173817007328,0.01829227556393599879447365,0.4347771913942033439326451
-0.0008739306794101584256392878,0.02216527183884238819122636,0.434659625251382519817156
-0.0009570347409277635318883282,0.01995845648824979765012522,0.4339344100911976531698144
-0.0008625443924590933545207272,0.02079379647452552978825757,0.4345744633516298582875947
-0.0004429939553166202764571124,0.01958502305101062629377751,0.4333612260743355260039777
-0.0009943515654386452136404007,0.02149702720229406532892469,0.4366378329319802742425338
-0.002988367039942171551891725,0.0223171804746911082995009,0.4358042645999634645548326
-0.003421712339440889389524658,0.02594364448845865034343205,0.4363917321372414725999533
-0.003407740851875928986963737,0.02234367439899473395392704,0.435961175041530923923716
-0.004355245993538632218178286,0.02329189867492580459651386,0.4372034274349202442877527
-0.005742240679893695180779911,0.0207430630130351761897245,0.4379398933147132244592115
-0.006481819537315067214500175,0.01982437003489845306347661,0.4377586895801369726299868
-0.005971075159984445997196634,0.02021202028336024913990343,0.4384452179928988724277872
-0.006736517099947318676367303,0.02194453411941277645724746,0.4377973900096794324099392
-0.01056107898747638169922869,0.02283237856415313779545606,0.4376790645313918259873276
-0.01057795035264590642609672,0.02010685262084546329197643,0.437778648806597558973408
-0.01121120214839282924756958,0.01937242740371674515342804,0.4388230296404500574425356
-0.01187203259848914650709251,0.01854165618386802161232652,0.4375130587804266224516425
-0.01443020080345914883668268,0.01939993469364940242849471,0.4394594847382547464498259
-0.01761492408529427566854508,0.02092053703037801901110093,0.4391609031088443693136014
-0.01759883483341859525261874,0.01807865328356394324371692,0.4392845267207987070001707
-0.01770347197326296861952244,0.01744495014548042011170992,0.4429243572718506993801668
-0.01664141994304098662316171,0.01619340794470092853574172,0.4447825819209418329869266
-0.01869247313055007533866281,0.02546677392552637239631075,0.4398638286454442658524044
-0.0235641221558000359126428,0.01857766775930959693430289,0.4375724001973037013968337
-0.01818607702665256051210996,0.0243321314536487538771059,0.4401093721886378262730943
-0.01801143328915701113945858,0.02563103806037280579799287,0.4400880906500638234390976
-0.01797511676896897114819041,0.02124807328980711854105046,0.4407067098555980666496623
-0.0161324252373972291951798,0.02448900176052811600291292,0.440006559527123919384195
-0.01475315529210615393684858,0.02612421562473920058633503,0.4424463899154187362938728
-0.01299321515429603494939936,0.02498809191887879990745525,0.4438221208953583296619172
-0.01107246327803669029565814,0.02793028619210541005357662,0.4430964243498491939021733
-0.01030314623217553661460588,0.02874252062089446141390781,0.4431207707522363814511834
-0.009581562700943213259363596,0.0316063401150248335369497,0.4438734114404632724593114
-0.007083722700296759579308148,0.02901465732522812493443531,0.4441886120054250874922275
-0.005837672460584458940247021,0.03106651603716362522455974,0.4438796135937363995793703
-0.004606107225143749907270152,0.03325580766036795310469643,0.4447661244950974479550609
-0.003891924503217759293699496,0.0318630606492399451323827,0.4442920413567038595559211
-0.002422642292829575716428536,0.03344638630627138481399285,0.4438172382095104118171491
-0.001350105132642401284392975,0.03340424396298747461431233,0.4457808965869756168132199
-0.002158882367482252949419941,0.03465467498305224020027637,0.4450439814956808071144678
-0.003282838043041415212325296,0.03822548864947506591649429,0.4434279595462333745103933
-0.003104226280164090572000202,0.03738308168456692254233431,0.4435272708083742854157094
0.0002697681754485272711228949,0.03326994638658296171707107,0.4456474685731073859251694
-0.002117897373449466325023849,0.03167426326805746622516935,0.444293219723293331124836
-0.002739053570398507914118724,0.03098326826970715375253462,0.4446727943235690982959341
-0.003054256554565932656880589,0.03014378301213948771475337,0.4443051865222176211034366
-0.004689525639870239202833258,0.02814582395279885407290976,0.4448923238688590187095429
-0.005797371098514979108340395,0.02629328016858378108677741,0.4433313981433069095317023
-0.005778901053255030076383214,0.027305044573376489186467,0.4445982332784196855435255
-0.009204535512676177352875406,0.02659377551651479973382486,0.4459146334290025048829875
-0.01109414798688230022194467,0.02718498433523626120478234,0.4451008189084267319124422
-0.01229105858844392953899138,0.02998792965843961877414614,0.4429652670391865942889353
-0.01128784573240297801899334,0.02496643972617169221495104,0.4450362791773627701985561
-0.0105362839151007751242739,0.02448220307113554636280206,0.4448711124897511970388564
-0.013763038363466661290202,0.02480989227692107987333081,0.4443738088503693117736759
-0.01279853158649633081134223,0.0240450881681899195085883,0.4443631493774645724315064
-0.01263370043676029577661701,0.02427128534650162608454771,0.4443073503078557862089326
-0.013177850176624031006134,0.02181671337896847959192392,0.44440031726339029871653
-0.01300352508174055891909671,0.02594545218095559852011789,0.4447722571046799355798385
-0.01350819688987696734483457,0.02339133344002660916394198,0.4441486033755450146820465
-0.01414844623462745837327859,0.02540070655928115817001611,0.4444148019513544656255988
-0.01394966083915168478246649,0.0263206478063856656735009,0.4444606789988795880752548
-0.01434010111584878635615503,0.02480536556850223769976616,0.4432954569985626536166023
-0.01390360592776815860938111,0.0259144668434311206683951,0.4444043647106362127097157
-0.01173373786713120120461795,0.02742766316240021970407348,0.4452424743285141595094956
-0.01096498628004763387089326,0.02698145138501657075424944,0.4453238399938099223440702
-0.01040005625390218700621059,0.02690564046253856103629865,0.4460496854375914921320145
-0.009656617851053804837957451,0.02724501545528791243699906,0.4456669148519928902452136
-0.009214145576750496294260451,0.02585380496059230467920109,0.4454843460581029979117318
-0.009980052737925468667179452,0.01866135239879125606865529,0.4480060818881299589122591
-0.008245049485216916079766136,0.0228071390685514706342385,0.4452814092531501288796392
-0.009557031018474453423761084,0.02332981125197364571932646,0.4455135427388809410409465
-0.009268587078431318737603561,0.01687351772756967918653892,0.4465440120676206769978478
-0.007273625606078880367899586,0.01569232330220144203125621,0.4466232515726547558365667
-0.008975078213850502459325575,0.02316695022183332119958266,0.4472792203594656013088127
-0.0079563899130817104105029,0.02230420005137444955378712,0.4476168467802018602341718
-0.007205400500531711389939904,0.02088435612250022152536211,0.4463288191426365569824952
-0.005973970669229189747739817,0.01488639852833843930934865,0.44593363700059629461947
-0.007521681815452633049212672,0.01964291950248677268153763,0.4464045288602437877578666
-0.009516796184134958258571402,0.01705590090327578980944345,0.445195017377299218086506
-0.005522980668556426615822819,0.01015507022782822718620643,0.4477062530570586895706242
-0.004969439931999999719713923,0.01779840641789685526386045,0.4449035161006753558154969
-0.00560049030137178393412567,0.01896276549308312242558827,0.4445291400180728103030958
-0.005915794395546973907795696,0.02028734065417341081438707,0.4445127199488149716266605
-0.006670611308642885456388072,0.01910868523833065407702136,0.4446875090725770363064839
-0.009446757190595761466411773,0.02909874050886454913134038,0.4469474072864690339379479
-0.008664978437685370848964084,0.02948547119375743985614235,0.4466185222657302333892915
-0.009200180547960828264519861,0.02544127473175062520427403,0.4445795715550625581968802
-0.01032355423853142939449867,0.03235206701085797248440556,0.4472115855448012822215276
-0.01153185420785677629818,0.0304418344678414366788477,0.4470475437980508948143665
-0.01378644847954753512031534,0.03536299819321994664100828,0.4465805563302213676557528
-0.01215736698837848774046311,0.0384569059154067360850604,0.4471423353053330940198862
-0.01182483130872843089809177,0.03709817520426553910661838,0.4474013046724339970339201
-0.01140940239177777766610422,0.03737362563049485830735108,0.446618491817579732483523
-0.009297401676061581993204541,0.03480147321831967427430143,0.4469553086192698532208567
-0.01123377873612696649374687,0.04065667786161594743354897,0.4467737569832335164932147
-0.01141051257079085320955691,0.04390655822534477586982504,0.4471692904258214307233743
-0.009635723375406725355052373,0.04366319112791193501887932,0.4471536315539644257377461
-0.01118701222746480358760657,0.0474823743815880119911732,0.4461775813067943574630192
-0.006821230788379504215990234,0.04025097711848318188243567,0.4477818928324665548323935
-0.008966216831603170817066584,0.04413260305853031195688629,0.447841476122697979000975
-0.008086449784643930452365801,0.04584204848587655756197989,0.4468022818269198892515703
-0.005463457015801355572126585,0.03230800467429851413614372,0.4467167240619158707914949
-0.005348551523986729873405555,0.0358949426309170052662445,0.4471129241381593399928818
-0.005022328019169025256629446,0.03571087971902459773376748,0.4467697525755212062392729
-0.004593065324072243341135824,0.03548144832926322655985985,0.4475003142647872023118794
-0.004369931135847025110985342,0.03385077456724647215757784,0.447246022531457454451953
-0.004639980104383243514343249,0.03379751459603667212983069,0.4474529863999121004347614
-0.003871953305740621215091934,0.03526750295580334537692835,0.4468494577829044689387672
-0.002443387437900800679413393,0.03093454488900295937248153,0.4471710864116887895747254
-0.003770754184004153353182431,0.0321397958224418078820861,0.4470637494546578771803524
-0.005324411018991931539290352,0.02857527926019550607028563,0.4481564915968728191053572
-0.004368507230364531042365872,0.02734335444914205368038829,0.4450842019209537703261503
-0.005451119222976316160134136,0.02710285171801941547786718,0.4481866787199083046466797
-0.006703473274857652854097356,0.02414280906874458065836109,0.4449666073492949402989893
-0.008816703233745495568718376,0.02449343915739482513416192,0.4440827059825097622436374
-0.008278366816573699826786736,0.02153735403820575614042276,0.4450539790575903653646606
-0.01010551544076229886492957,0.02748580966474516162900699,0.4470051021114291311953082
-0.009798123457922388104823774,0.01143367076775368695873425,0.4460800784892570702844239
-0.01059501490348563682020178,0.01541037610586842507287564,0.4465875064950832751264898
-0.01211192002145173619853669,0.01636044572209508288218593,0.4447225885754543250882875
-0.01080290186333433821719296,0.01244840293175328294061899,0.4459575505214739554737946
-0.01232458453580705971808218,0.01336010958450834992805589,0.4454800702546596324893358
-0.0138835005209018806648924,0.01381925966209771039494569,0.4458621310200821530322912
-0.0143427400437157650386899,0.01333649781731994880817904,0.4448283189087828826124849
-0.01326833898719888445161263,0.01108753610360282276792177,0.4457449349711170016874462
-0.01598963027325940242096003,0.02009123609369724977602445,0.4454652217452237383810143
-0.01509923232919914773408898,0.01892242304792475862673662,0.4469966237932771480068084
-0.01223977378623637354837506,0.008257536238020181038055334,0.4461984512967883675926828
-0.01350598629868379405016832,0.003794864195050009787052447,0.4445915549141318257042599
-0.01257174309772454180722523,0.007545019925664848622903769,0.4463182701764384363585236
-0.01300086710138596314545456,0.01295434737358932067441408,0.4475789126236657811119812
-0.0118090931916780828014879,0.005791741695250433169528392,0.4481749808666279366597962
-0.01143200417542571817319796,0.007399483010795878182297436,0.4479977550948175957223896
-0.01082220307964209399242961,0.01860284281237871428782427,0.4459476867486769635640087
-0.0102550386554219226387108,0.01968557052622073311187734,0.4463334033214050311499932
-0.01138380567119851548285592,0.02308951344431383820299253,0.4453098497848184678105099
-0.009982053798073689879211123,0.02522116645784488672688006,0.4467446626024745848226871
-0.01077037592929139947495187,0.0206373990241943243428846,0.4448790588429694659033942
-0.009860548932952874906510132,0.02859900608404311248000873,0.4456652348416402231734423
-0.01108395594533386104008077,0.03927761387460015213290987,0.4456375883711456986624455
-0.01058996355945466746883987,0.03261567473966985042377331,0.4501260714523383499319209
-0.01085473797786188840386323,0.03804792752391292914859733,0.4481572449063283003489744
-0.01035730869929201054813195,0.04384499910824435353617901,0.4478580765944319974636301
-0.01053733943716939416845868,0.04703113368767802837666636,0.4487514260672170740562592
-0.009325532900046382134284784,0.04968250913425555082003626,0.4481286239410940952510032
-0.01054721949001868712414431,0.04928097804260304221068978,0.4470210438170245659250668
-0.01134550311093846658438977,0.04643927956801013195997641,0.4497893930333141665478536
-0.01206335315688067399975125,0.05374877588204398509708071,0.4476546389628571209762242
-0.008880507187197191065752833,0.04634869986863787705289042,0.4489865129778252139658434
-0.01141470280671677030304156,0.04762038817470633927930734,0.4478667676951877951729841
-0.01017138526950707617946268,0.04668108170079678792552258,0.4482322237661641728401207
-0.00818054848359783988442917,0.04703119842490131180534618,0.4486237437450069642785877
-0.01595809905287408000940097,0.03819888798474743024646827,0.4486184700997492558194324
-0.01451070435039039825675378,0.0438236291473680789065881,0.445255019156232112464977
-0.008448384993568921336182242,0.04427972348814464276234304,0.4482544821183277461429384
-0.007002012468293670501007231,0.04233978485303956790231084,0.4476996422204026493396611
-0.006567531865594751841475052,0.04193088442453287573163934,0.4492416109450992345308862
-0.003788662257792936235989423,0.03737398750601823166350712,0.4495337519401796377849223
-0.004615898775246029921148772,0.03472023670854229582261041,0.4506670705625502315605502
-0.005692098446995727360764317,0.03315027193383746767496589,0.4512884515251061601226468
-0.004215165382315100468801905,0.03042367967716306728642728,0.4493211361368902312385387
-0.00312160293930730274244989,0.030363804607594486323352,0.4496622263651656181693284
-0.004299195676589203513051629,0.02663770506298113530108118,0.4504787883937713122151081
-0.005106954291931305005280972,0.02625918735774994752785183,0.4500563575952873374141916
-0.006816212945871005096654116,0.02020041389234334891500389,0.449096124211420366645342
-0.004764463352953044426862927,0.02129762892330724216582993,0.4494509583106308103772619
-0.004365282427173233260886409,0.02221256273510613041266559,0.4498584586948668473382895
-0.005403889876569234994307944,0.02173540643909157091262507,0.450141661043514551554523
-0.004587111347121558546646725,0.01943781439654629697444399,0.450456272360457654624355
-0.00697244573332038430901747,0.02046037850729667817439861,0.4491698964406826699580222
-0.007736213580078712959142706,0.01853961222311320544697821,0.4522027440350555038683922
-0.008939589326284816395151722,0.01394994245545043594358692,0.4509437828120536617682035
-0.01058058957259555739327528,0.0135529830280241726098156,0.4505243459577387143966121
-0.01080126819977271154793463,0.003877056725556439834012856,0.453719663410492968225185
-0.01515529958779087901787896,0.004775984806482166250551913,0.4499077992707343764955397
-0.01346331662038770249356645,0.005878911249852891533762556,0.45048708253024499770234
-0.01595011840451092746673289,0.003955465164748847399500686,0.4492907364575774442627676
-0.01463778144923993593251588,0.006120159812145178380993205,0.4499177068948327362640782
-0.01508311128727836576690624,0.01370673616578505643603947,0.4479072179875805970183933
-0.01465949484608564112875229,0.01191360137808515629043171,0.447660313147152155721642
-0.01185598769506265685869106,0.0115494176334611908102401,0.4508534616461497557260429
-0.01291612175973195705824814,0.01334327888184415333849842,0.4508729757299958507132942
-0.01276535096001248266450734,0.01331745693419689180458931,0.451288460054643014718323
-0.01132525421148939358262364,0.01357703382612044512578464,0.4518530885805788210873857
-0.01172864885276382260204109,0.01519808290309540045603942,0.4519806298557594304021734
-0.01020183537759826106205985,0.01758713673770596550016698,0.4516552466160659307092828
-0.01262844420193858299694689,0.01683448587550526176492838,0.4511652216154296013428393
-0.009159280266598708933334372,0.02278566672257095401810112,0.4533287814822282157933842
-0.009163928117600226436190169,0.02339450617992655870325258,0.4505306047420702952877036
-0.007831790922638002389044587,0.03104407768566607925264655,0.4518469732275202099813782
-0.004043254746215592387859061,0.02635550741724375367613931,0.448977631826131928782786
-0.009566253952438260460544583,0.02216396430811136061822531,0.4514928968111743823321547
-0.008147884381088623534372672,0.02099222553809614380537774,0.4516562079636344262389969
-0.006690492409005374847830172,0.03525743960232665535903251,0.4518010138143070397731549
-0.006163579257557663323985331,0.03645980442892669121102145,0.4534742069100325956299002
-0.004855631153594366401782256,0.03936863949333830464683004,0.4535278821807656179920798
-0.00446816667779655757319901,0.04035963790180767396531536,0.4537473870503427875178204
0.0003921130418436237041572567,0.03862811861582748917953722,0.4539907204136228724422608
-0.005804433270657345829424134,0.03005504949772296735543975,0.4519985763294717129312517
-0.005461398598431838925792992,0.03624057114188426742540372,0.4531931443503134926409359
-0.005479558076602213112504813,0.03459524082684602153126008,0.4542234764142551450838425
-0.005853174250351576325679392,0.03615896961387356917105862,0.4550335639904883877626673
-0.0004989097107445340448239612,0.03370341269286867419419096,0.4570580629127040106496338
-0.00137254338443081264423129,0.03991697635166422536423525,0.4572575474171452492022638
-0.00239833578264528422124835,0.04287451844606789824743132,0.4576142887417366522662121
-0.002789921603987293233228861,0.04493059695372359635401338,0.456713345217728106106847
-0.003150651209490964044929173,0.04400643939200617887896883,0.4565387238057716512429351
-0.008352780843091022963675663,0.03346170686060433857589302,0.4556847452786357277609852
-0.0009796585708233176547493626,0.03790412714576121833154332,0.4581394322436713739676861
-0.001512433739062171364486709,0.03977880667787673379942603,0.4578609602439516756966498
-0.0008715321520966777578756646,0.03902478440720564406563042,0.4579700134518281395834549
-0.001705464247242169731344497,0.03814137337476389277846067,0.458607455084711623793936
-0.001366995765246807516962724,0.03909190439963537710976738,0.4585537756723183644425035
-0.001062852359645078889616165,0.03761722968682205958668163,0.4589382567003711943520727
-0.002596630513736216706865978,0.03482537928840353375070649,0.4591191560876280997050003
-0.002261040441043965856793285,0.03653964640992390239260246,0.4604928265466468606526007
-0.00206870175581873880568673,0.03518410454021295846738226,0.46091599895969059819123
-0.003077952928383933216271995,0.03139076907035918267974139,0.4619244054133497812131282
-0.002752311090884479536505802,0.03468394685475113120576296,0.4592307077296367001650879
-0.005528003213758623732299036,0.03629109486421595170968502,0.460682538458988155571916
-0.01031930900398140074636366,0.02803759089517446345674045,0.4581284251203459056966949
-0.006592723266852821943639906,0.02938559900509615796515561,0.4608376523403546753954174
-0.007242837270376365627067017,0.02987419746955420618572674,0.4611845862697919185002604
-0.006444645671981549112095067,0.02974695543269821607079706,0.4612463798249893387470877
-0.007195034297746724302746735,0.03106595816724435493716427,0.4612258388007198228741856
-0.007980432377762828807798989,0.02894948937972027791509788,0.4623288631988105579218029
-0.01465100947309089240988556,0.03261048589624282456611581,0.4615832985943360000646862
-0.01096828674541649832618884,0.02819995687280891713544229,0.4632117689403077998022695
-0.01170792275642489055353934,0.02810006027675384515651658,0.464004688838683343465874
-0.011443248919837790619769,0.02818274957905123750956378,0.4642031675004383295402022
-0.01290158947718486777411773,0.02932168290519877526523196,0.4632271635029679424100379
-0.01347585369199047825028437,0.02858060080626444177109846,0.464453214031432859432158
-0.01568167543751497819415341,0.0255896564821652058863144,0.4642392100203098226351983
-0.01782473444623098798866856,0.03043496055955647108803852,0.4632009816427727355581112
-0.01951257360735698942466598,0.02981186608466244308823789,0.4627039423236271598049996
-0.01993264973605392981204076,0.03027000983141496862072195,0.463619177396164150461999
-0.02087694224854105135014137,0.03138379467736480271655708,0.4632345545246017715079745
-0.0200197676768360324772722,0.03023705729701318609126126,0.4635196817927766943512324
-0.01953201159963541266861853,0.03045186878211169137498082,0.4644771584169433698008334
-0.02596363120446797817519879,0.02528821289928005755509588,0.4621374100079877478286505
-0.02047791471919981759475249,0.03093164673727933841607118,0.4648903250369905149064209
-0.02048972868067831104577081,0.034223123580635832208241,0.4656586340063251783227827
-0.01855319047241697077987865,0.03463435695224283822346578,0.4672225114004812107637576
-0.02359314655129593832350032,0.0384174547125570448047327,0.4667789025717195006137672
-0.01800974233078017627818213,0.03847042473170479010002865,0.4680857204061689147422953
-0.0180696756060278809763453,0.03887431351630354220416663,0.4678760970812350650227529
-0.01426625330781025255411087,0.03883030637171678428609667,0.4677019519494711730089875
-0.01444169109280971433073582,0.0411865224979064206700663,0.4682094397169963007065974
-0.0166632411177639674915163,0.03544454728859585540545751,0.4644031902506744469150135
-0.01513683863205276050600823,0.0359447683975279430601546,0.4647671498218741703567503
-0.01413997259589557832504259,0.03932745071210905912773015,0.4661203921439726616249288
-0.005396355896969522343564751,0.04379043347786993473080841,0.4677700044077545138421215
-0.01070626539918790101624246,0.04100228008452596467625639,0.4670595080208591043380295
-0.009216259591414225835204199,0.03969267400319543420694757,0.4668774081944689902101686
-0.002507762896770539089164043,0.04477329177896659240243338,0.4686460492194124971554459
-0.003719338327167970650877216,0.04341471392311403720842833,0.469164881723573845562214
-0.0009272413318367976045250578,0.04529662587471187940035833,0.468954017300666547996002
-0.005443984000964632689878453,0.03467757939688181217929852,0.4670002206366888342081722
0.000740856202691285762283735,0.03957547099280052382841433,0.4700012947159743492697714
-0.005949405229378599072043166,0.03281798309051855294660172,0.4657239932177580366001735
-0.005498019609491760703590124,0.03829161465909845102340014,0.4688146066203333073296733
-0.0002191910654765655578832262,0.03778259458359944228389438,0.470294702519129081963456
-2.305319515493820735048749e-05,0.03334100888758352587704081,0.4700342036154617209042783
-0.001002403552727219480586451,0.03266148645485790480424981,0.4700485735634953310402295
-0.002830414684850789640291335,0.03138373765874824528054887,0.4707059692110328041891876
-0.001990235070642301391102835,0.02842953136479706155448355,0.470238809129315538104521
-0.003021711198425039695408811,0.02828597578021072728171603,0.4703448948658648376408564
-0.006187775695611612974955662,0.02954692058171929855414639,0.4687725414043592553348105
-0.005980981259674046819629911,0.02669572161116529063207281,0.4690648157479768154409783
-0.006574085680363889704069802,0.02657946955771582631111727,0.4691732622195217694560654
-0.007099567491956671784480992,0.02602448020621648747119359,0.4696362651324376136230399
-0.008570738063354701313789619,0.02318757186458269420326062,0.4690077608843851164621697
-0.01108073898174790315740434,0.02273164349032671602279798,0.467722925045344350980514
-0.01122838410226281204151721,0.0253018701186311714690369,0.4680889771551446920661022
-0.01239271033774084172784935,0.02176119540827008841388235,0.4688243073547712080895167
-0.0112890337680348062932012,0.02514563061161372709007011,0.4692519712679104060271129
-0.01196793745287908633523344,0.0247680686313228037853662,0.4684463570752586680789875
-0.01368077963384966427851097,0.02394112633549775812080718,0.4668780899851598387151341
-0.01176393193008019866230285,0.02598106718863669312158393,0.4696527832035529148591024
-0.01630881186338785024392273,0.0308576047976332167033231,0.4693436313255873737482204
-0.01029936253575303335694446,0.02445227290390178387369247,0.4681847682395194887305934
-0.01078310491392012182565452,0.02967253329611960199763132,0.4696068718419294518717777
-0.0110466272217586147785795,0.02777757064708446729794922,0.4698352539956783258112694
-0.009140104894052135733883979,0.02798946210881083154764504,0.4695956059935760817936057
-0.01086865004240685807224143,0.02589501658891023641584361,0.4686225203727053534308311
-0.0132672181417833618538582,0.01965170399471046630557325,0.467029409124973649003465
-0.009662640412273637222084766,0.02996391004430328311447518,0.4709913726908721565145299
-0.009073776763484980509288924,0.02957973631386348264959985,0.4697526452078309433524339
-0.006064198256841174874964828,0.02708754782172790448457889,0.4712780852805801279359343
-0.009204291613505926478167041,0.02557422140850891187358052,0.4697477825570417486744645
-0.008891696384547259635056093,0.03074732348036474799402029,0.470368035333643186302055
-0.005142591028974893840874927,0.03643009887229322479873517,0.4717103576254519370358764
-0.005063761939845354276279465,0.03558404830171504884539502,0.4718082336098251006184512
-0.003725185427769373523732011,0.03795898276118867681327984,0.4703898985346553485165089
-0.008518549364466096451842247,0.03408317998188040848228653,0.4710575983426369961470925
-0.003945812094070045086824372,0.04035256099688694364502339,0.470516968578461702854554
-0.009427020492973356077803793,0.04581199649559421910316459,0.4695744918076827922881478
-0.008121480176270319886744353,0.03820184249535495124572293,0.4694207887002754819860684
-0.006723703048275547766721161,0.03817555586316633692289813,0.4702974310323821960366786
-0.003677755693170802874653047,0.03727668682870367844461867,0.4737213881039794016736266
-0.00288877406806142605563692,0.0374086299961459214924453,0.4732951766594271636456881
-0.003392088314838127491301911,0.03874759675474521297688923,0.4720643637370189327207015
-0.0004469036620608439328884709,0.04122420654693351171893312,0.4748031314209085196331728
-0.002191999252335169717093022,0.03866096851535189699022865,0.4727963142712674482481816
0.0003341464206512330392673249,0.03991393928048828781962598,0.4746039125156057969512347
0.0006379203013000503841994915,0.03522476679772249680278051,0.4735339304002907923063503
-0.001576500298685342294630063,0.03887669973065902007114403,0.4747464475318065035835957
-0.003450765582099456912912316,0.04775993235071544079639594,0.4719613634546235281241877
0.0007464742247338904687983807,0.04156379110894244804930153,0.4727469765843546611883141
0.0002522076775525476568379224,0.03297153240254091510763601,0.4732824408019356554611079
-0.004268672651741307888517696,0.03184787573800881843588684,0.470915619188291223462528
9.277457305075541076858775e-07,0.03928466562352247309908293,0.4736393005698200653341701
-0.006574937551114988162903607,0.03989382440736683604898261,0.4734279358787898406291106
-0.001867746581339438166277644,0.03472477689710011528045897,0.4748368833824527790454795
-0.004929367180681301120748206,0.03656966975818395221287105,0.4742520510957630719417466
-0.004227798563625068117843853,0.03476754599999847678004627,0.4731668077239040148818106
-0.005736586415456146163804885,0.03319765391072984628273446,0.4724278541492030747406261
-0.005946921757814733686120512,0.0279733894795617561712664,0.472908664537777967407095
-0.008853077139252750818454452,0.02519844038826160939614773,0.4728182926910608485648879
-0.006803805222218208687001706,0.02329556078647206096565725,0.4742330769076432694930645
-0.007435236397390690248065948,0.02291588759014505372046955,0.474292730262231898574754
-0.008835504530118802254956556,0.02256560807961649484099098,0.4751613832323462460749397
-0.01421654946055428588025382,0.01902735479471316312749529,0.4749991556054677932507957
-0.01174298805799476805300507,0.03138330665246634454401686,0.4743913930771085363247153
-0.01245008624084522133590447,0.02992034894562211125301765,0.4750953529137554864902881
-0.01132268327316930840720222,0.0228118497643091944215854,0.4747463954859103552053057
-0.01610090738404735058453277,0.03545421315542181955882128,0.4738100159472455330522678
-0.01244080023880250393530922,0.0236618803374237240966238,0.4761988016123567812876161
-0.01119427790286609165903986,0.02546298991529788446896987,0.4725478146098908149852491
-0.01301704221154600417398317,0.02759060422354151637103215,0.474030720059956445222582
-0.01092950633652222877656435,0.02505230622959843042596439,0.4747362526073619082289667
-0.01280679458117523795979142,0.02284594667938780535032528,0.4752520626358067157291032
-0.01358737426084426214156764,0.02596957483261458018986012,0.4753597384230985878339482
-0.01290972608343399913310989,0.0301442586445816104734341,0.4728268973657654417053209
-0.01839910385028542885721414,0.03152190552652743560368975,0.4724389106201472010582165
-0.01536001703742119819939838,0.03537688139503644690897488,0.4730112711839833394833477
-0.02174789260000354121360466,0.03580311218831076086610565,0.4713530782516960893069324
-0.01759984312501563716302222,0.04031634756100518218735473,0.4747717142860302108609005
-0.01879585048262168156529839,0.03022824603506772678240822,0.4767041023682596079247276
-0.01747700809171711527900683,0.03453396786867862777725691,0.4763426778624006985296546
-0.01674923812647885826287997,0.03044720912290157024959747,0.4782946398010061717087638
-0.01627657378464309259613607,0.03160216618507888375333437,0.4777217523342595084656637
-0.0159298780046515618680214,0.02959215560300270872473583,0.4787657216582517638592265
-0.01585280115574363990482709,0.03090730344085010350418941,0.4775845709705045516457744
-0.01431941721424962940534265,0.03153582995024406532280636,0.4789350742190009446730414
-0.01211141390209039686576276,0.03137052794352866019744752,0.4786197334330778430100395
-0.01131413837206195552309573,0.03150378749472153294686194,0.4783360270513691836491432
-0.009110150316773287307303697,0.03196226530302993806831324,0.4783605845614229967743825
-0.005704353219394052952606611,0.04001826938411936346318143,0.4760296646393277208986206
-0.005959381667655456668586389,0.03857888006786251017254941,0.4761553584982239906153723
-0.004419808611860401650894836,0.03138025709048555128566349,0.4778430611315273024430894
-0.00285827266532682339184035,0.03402105933004968829624914,0.4769505974574597684245703
-0.002281252123563783009568828,0.02790727159327271306166196,0.4791624021673682731758959
-0.001836097544818990345838472,0.02816397283371662244033651,0.4800961809937886459742629
-0.001042656034605524270272858,0.02642773995434579900609684,0.4810566870469829559020525
-0.003102366995901546624370138,0.02733660608311078848986497,0.4785183815376677918251858
-0.002562171733485720751671844,0.03667592653425990473214924,0.4780816695770148117006215
-0.001544328366788477171697713,0.03195334887365316317575648,0.4759536092923736805282431
-0.004655465791669280602171899,0.03250057804807562900073492,0.4755424813130258443472087
-0.005776736656458113759737838,0.02944595889931964777241902,0.4771761154389643766471352
-0.007916751870322568870874669,0.0310907011916894612801876,0.4761697823348143843169566
-0.01068805776680872322847993,0.02124576935719584350192868,0.4804151783914225593008496
-0.01175792898583207825302654,0.02579037253406985322201628,0.4756045581313776970944218
-0.01281738610945824807796356,0.01203819523124448516437912,0.4816664014278436711791187
-0.01918852574382584955103859,0.02594080509898957082048909,0.4764752027153759672550848
-0.01792656326609741446187485,0.02908347446596804691809623,0.4795463153952129187196363
-0.01377509170839869012681334,-0.005339068381879570265868828,0.4784716287769932852036447
-0.02012107694388626591419644,0.01051828215005436509277281,0.4785334932971803123535892
-0.02040465760839573969298577,0.007468030127006372934084233,0.4782416247579930890232447
-0.02331344048379407202231661,0.0005818421715727141018542623,0.4797267493833974327799297
-0.02246393580666900327558189,0.005519260550128878874132088,0.4780832828039931481356462
-0.02652002960682246432422282,0.009365459434517017442423104,0.4802500838596203691643893
-0.02740325771015911238137619,0.009553879783264454528257659,0.4806607902729199688351969
-0.02733684136022544383659572,0.009388470113884089113254205,0.4806268848694689732603536
-0.02466126522968586920470102,0.005890566300573803551476892,0.4765667988339440941381042
-0.02417708128444867252127004,0.005916613439817983502444498,0.4768370358556166532792986
-0.02367343695162990591107643,0.006008756590430225190402336,0.4765797788218309460894773
-0.02549319050330859162678543,0.0115934341199366904712198,0.4807474147014899057417381
-0.02479908420311115538336999,0.01465356431944074555584479,0.4772332056964128654819035
-0.02478419058619310555435789,0.014550675101615744358452,0.4797277285253347955951142
-0.02283831299462455236004566,0.01560204586293890104131687,0.4807071018902739911737854
-0.0220701589013163404495721,0.03138210361209631954482191,0.4791767480444019677854328
-0.01921783996864714211261216,0.02350762525855188203594004,0.4811823189892647234522371
-0.017041719989343062646725,0.0263223340854665879828822,0.4802137903031185039992579
-0.01497140449188378436007341,0.02705321494718511757260337,0.4796736125293705743644068
-0.01332326111882529626195826,0.0336399090180323143139951,0.4775566341302700523741009
-0.00959768029118897303408886,0.03048888498865864535303238,0.4792183453229937883932621
-0.008243964995607911544484026,0.03008186845813715093456153,0.4806655801093220325981292
-0.00414137502801912530531192,0.03514318716775165218901833,0.479589260830340258223714
-0.002844737765450000652883711,0.0285126737710567380867932,0.4855364473859100638009068
-0.002573493850995513688301175,0.03889917577493210570915849,0.4781487962170113403814753
-0.000889967186442800731356606,0.03927062645465982659853665,0.4798329394766029376562244
0.0003184068214290632515411916,0.03293061456176191170719392,0.4856984065546526285750417
0.001775157528078230313034469,0.03693484481312939854413813,0.4829826212500908932945265
0.003562225105388669172540306,0.03407834272727065794139634,0.4847549453160298060794275
0.004025163544361665124426963,0.03173531649312514441030331,0.4852822949787639617014179
0.003174715156724129596493844,0.03202192001082778544107654,0.4844960823598744026341478
0.005234820099748863954369771,0.0282803577483071930109837,0.4869211437513411011579478
0.004119224851684275510999012,0.03084748403992467954970458,0.4832977095779839582512238
0.004110985726345700759509771,0.03082780562007687852332793,0.483077346351826086845449
0.003749763680098988551797623,0.03746202990388131093268953,0.4783631778862687533582232
0.003469406371176267638717361,0.03063298369657761754947245,0.4829347550097003449742772
0.004339783121736033415227762,0.02995038477795742420939362,0.4842341482841863165020868
0.00386310655405839361437037,0.02780476402635344637670478,0.4847176709221215351597323
0.004028998184072973658131911,0.02761626958264283213106971,0.4849388691324317268716015
0.002942721216590676522328884,0.02792006454522100514226146,0.484850604237639815075056
0.003229805149401221084359825,0.03241586099081075755812265,0.4822564969392929556946115
0.001804252265328879856545741,0.02417549316245157578486591,0.4860778865968656270446502
0.0002488538556787639531402145,0.02933065145184972702385728,0.4810877876769261707323722
-0.0005845752433562848232942444,0.02898830342902548873329494,0.480959993885350767239828
-0.001437989679277438745397255,0.02029795507530192388845336,0.4837225404908873094278476
-0.004526760276428718789143435,0.02065947035151600302826935,0.4830883525809046563637139
-0.005600475811942690756994878,0.01848223006579731084175755,0.4819684378528967805266348
-0.007208008439378232705407878,0.02475423246585869291314097,0.4797927822464377878297626
-0.006194590224534555697455396,0.01381663640531555388435425,0.4848369406931616332201429
-0.006275077152040099692786868,0.01710584114029712818338957,0.4828770912894926325975575
-0.009848474322156188301424784,0.01354720071577882392621639,0.4820774121187234029228819
-0.008424727585312994163069256,0.01212880975847691403246564,0.4865105985055989123999609
-0.009114984363272980727455064,0.01149193949295352137895954,0.4881107662348371234450894
-0.007398644440332643838764692,0.009222932082679003926162231,0.4884659917559872610581806
-0.008860598097741133674642988,0.007769403488073555776038948,0.4874983471362116516090168
-0.007304507708418660552607271,0.008896140366606212698807887,0.4873188208985399505479563
-0.007123146561007397126186191,0.008230838029818360324085802,0.4872851086474522808167364
-0.007488398539939171774659776,0.008120143126310807105139311,0.4867265768063876452131922
-0.009014898380470544314579939,0.008194947619884464240502808,0.4874864876647179712243485
-0.01169978105784737210104396,0.02267091780056498806494858,0.4849422454890442435448961
-0.0108089991011407118154386,0.009777141914846701475916291,0.4884484704052090564552202
-0.01146335359266627967889107,0.02316277778651204544146935,0.484951898033039119351173
-0.01394721439030995914498678,0.02648260253770697014719104,0.4843517065990998182734018
-0.009675319642265733585673182,0.01896377196254987393397862,0.4845864911691118992465022
-0.01172172679578755913332166,0.02447080472140590601259902,0.4846849209234210809071897
-0.01232543188523083782515144,0.02210996192507019147965863,0.4839382185342422371121529
-0.01103321749843223613385401,0.02075201165163549632541873,0.4850140572989296572359308
-0.01309019965498937204673169,0.02659055932815394818202748,0.484246842687500789192967
-0.01267346912651165849461599,0.0212857007421710271721782,0.4868895590485188273888184
-0.01134515458503619275698604,0.01879347596094703767843903,0.4882136190269587561196829
-0.009578828988006547404121527,0.02782626212990431391336443,0.4837559464046574664308764
-0.009651911990415198636106275,0.02879486024127666729532926,0.4838903961069466741484746
-0.008849446853560640965929984,0.02129333174018102625701943,0.4876077797199466212774155
-0.009396274703509031878123636,0.03098736128870962364123542,0.4845257113269046400638729
-0.008860925932641721194937823,0.03121819700892915563916752,0.4840189336426599653329106
-0.0141917540857046213520487,0.0277300115730187701768017,0.4828800225621845410017841
-0.009289899899512609263152463,0.03086483058730109599321345,0.4842559483863346225795965
-0.01085403262455274936426619,0.03394827111398922986351678,0.4834625399633817321998208
-0.01236401037737492637769154,0.03257760751401663629200911,0.4833958336233034058793123
-0.01147351650496823173563943,0.02237266961699803727303681,0.4905352164464247821662468
-0.01427200066171398218362043,0.0245063995943416018663541,0.4885235756611825963524609
-0.01100437399737138818855975,0.0207492303434214792057233,0.4908376688817930322272787
-0.01144511020716289413645672,0.0216801553878068764547038,0.4902463291549655211021275
-0.01222977145715536083370178,0.01888085850001283011456721,0.4901175652096966262050159
-0.01271422395635812482850291,0.02898750014827794138638772,0.4881971632981607633894328
-0.01820848134165330492462154,0.03080652809195058572377945,0.4868800475927835269551736
-0.01220307884426163023972034,0.02439620499567141109764634,0.4866396460337884533053909
-0.01408930297608892295846417,0.02442800279651070188835504,0.4867249683196893106362779
-0.01517878843995062489169445,0.0281541325598055267032116,0.4855842685765154875809912
-0.01630757132148714233510489,0.02462591335714555199065678,0.4870987055077373728551038
-0.01434571836038311433425552,0.02473093122165617024910134,0.4880418723706838046716427
-0.01664759225514772164600252,0.02539459672155332942145023,0.4876638459290257854306105
-0.01540897664033833922014871,0.02397913398068381857219933,0.4882649448441196970982503
-0.01326818969204890397151075,0.01189425956532663003484274,0.4869150267757390015965768
-0.0146667442317810012980539,0.01044706349577765105984817,0.488737234159131395117015
-0.01505201151494104001848928,0.02069146916519058049255264,0.4873853802865671935862224
-0.01521079671583732036144188,0.02107924442459619199241594,0.4883975758377840370449974
-0.01465602439644746700364575,0.0211445399834087957580131,0.4877484873750982941054133
-0.01394769421078711352235402,0.02289960169795677430437664,0.4883221097059798343487103
-0.01101409348894641891669632,0.01949884184526193969810848,0.4889134639957817829447606
-0.009755469898984774762551453,0.01926367636532674496030459,0.4885444389151216149080881
-0.01047152640573895988895803,0.02367146339523886269806674,0.4883513468584379513259819
-0.008974909413922493167659056,0.02503099933138517793618227,0.4891054048516705887728051
-0.006562463647421026662065469,0.02448796311221304589089698,0.4897749308623222108671769
-0.008836795315661755134684086,0.02836679631798043679791199,0.4894520869100013049646236
-0.009421998365771146882741149,0.0318152508919769677619982,0.4898233060243447622994495
-0.008773838611152122782255169,0.03942145076634973044349408,0.4910229967545645668458576
-0.007430654122937247266222904,0.03523270953797626170445056,0.4910756335175292530692559
-0.005704382149794940369547103,0.0419261328711691416692986,0.4927011110339729604845616
-0.004093088815606584808526325,0.03735434212112303392627766,0.4937931061410942290557102
-0.003397505424212505717451727,0.03831821557061844407687801,0.4941476630654557666844084
-0.002381263365161665011143777,0.04050620213772983257971561,0.494216122296692206283808
-0.001345220849207015524282016,0.04285883693220701728954225,0.4957142111576207654799475
-0.002145815927653591231177854,0.04560603658939819948781036,0.4952533359138439617019856
-0.005942266466563437925241242,0.04877702532106400340472518,0.4961411588477200318436644
-0.001130370634600899940047647,0.04325164976169314917653352,0.4950534145778113792601971
-0.003698269365113480370427235,0.04935033284527778202344095,0.4963115045398240332552575
-0.001959616838223927296619431,0.04257804007274428731433247,0.4945677580301646170113372
-0.000807889959365136055453871,0.04230176069537013028298844,0.4954861205971831661365457
-0.0008176842757383859542838489,0.03942251975550478682031041,0.4956392400306158241285459
-0.001039535429697423544667667,0.03850771611996392507215603,0.4955177401067015763302948
-0.003532270978241076799658549,0.03481428913342985570489319,0.4941944240489297146545766
-0.001788269050096983735914646,0.0334184740946237429648491,0.4945389421551724118408799
-0.003427006341505921867968132,0.03039365901440078954198754,0.4946570225131723397282713
-0.003648649594217167561188697,0.02697029047430593920453568,0.4957983819432473238109083
-0.002940063720989658738874661,0.02979519800528185324850483,0.4937303450331780307891449
-0.004618431309322815724038858,0.03094387587114451679259908,0.4940243592723282950451846
-0.002991311686841403166825515,0.02987498744419880142286772,0.4948950328437668466641242
-0.004333451047268403917567259,0.02072579942454866319678786,0.4979268829413774355430178
-0.005217635954078915679066331,0.02045300417548637575415604,0.4996234240917153957006747
-0.00523511411475633542389474,0.02748658152497883769282971,0.4978916449246135189632412
-0.005409823174500287719379532,0.02502878170672645508076926,0.4975652944421398160557146
-0.005582528309821793016665126,0.02474978975963470009813427,0.4976725924126796374302728
-0.007460094672795392761743827,0.02607700672875074704437637,0.4984043625634482777009282
-0.005339812880043301457355653,0.02518828385162560218324401,0.4979832000181905748981137
-0.00575936129433332003740853,0.02545489247966073453888214,0.4982237836709200173856971
-0.00809252484473964132927204,0.02947391615681558413308849,0.4987654296857184088587189
-0.006624733516387379742007546,0.02824320300019254534329427,0.4994692872106740733073593
-0.00638265574255793451119434,0.02926408649870795158909331,0.4989751648064636446733289
-0.00853358751551305805271852,0.02858154966621737763654565,0.4997495638921851113245509
-0.008362590701092050340936801,0.02965553670179777584481329,0.4984327391267652229700502
-0.007730945786091945361173661,0.0268106236737639391787269,0.4984958897448833470278373
-0.007899226778864646900113478,0.02626547174898186468028349,0.4990939926921964531203457
-0.006461889832849397261038682,0.02096669051492666344116422,0.503152696781550390348059
-0.007645441395601089429323594,0.02158819348994523920626243,0.502785886915499302673993
-0.00711652954410617408914641,0.0309023584243245455493998,0.5013170919926714930170419
-0.006262760229428287160613475,0.03068852545334677453525707,0.5011572471080846247204477
-0.005966039979368966371386929,0.02758545065112813152174986,0.5006491852890606608639246
-0.006033898218629129769907671,0.03229054047188506526566698,0.5008156825405043477417166
-0.007271465601648862200900858,0.03470541286619380216826869,0.5027021400467899248099002
-0.008369729703223098907227673,0.03402854365671943714932723,0.5048664599425998211756905
-0.00706114360645921507186884,0.0287049469050602405750805,0.5067509860474807004138142
-0.008375255229569344289641819,0.03772105063018005993713544,0.5025105229049192656631817
-0.008149240207029839755392686,0.03148130017509447042822757,0.5038602500139668372014512
-0.005606698698337510451683574,0.03424480415237169533826389,0.5027076003313047936060798
-0.003835490873923143046592132,0.03637724508260117839419934,0.5040581814767119972486853
-0.003835919240140372998837393,0.03355775795209297446275443,0.5030877662148881546144707
-0.002491598208257460572018216,0.03284802918090506951287466,0.5026416203640113877781914
-0.003772187869320087465901947,0.02765786286981298039422406,0.5038858259168196296329256
-0.002651241113177305562531583,0.03997130825724697078538128,0.505003210983397066158318
-0.001928694260618677575047641,0.0349078941445389867581639,0.5035742569266328239052655
-0.003044212387514736144894512,0.03293266988773470294038503,0.5036375561320072247184498
-0.001241282125744699827915585,0.03268560564657600059357279,0.5038242921983933086949037
0.0002797235527864036790275659,0.03187485820866465396905554,0.5030120341212597212532387
0.0003407956214435881232317771,0.02947974884331382508517727,0.5043383170836533979652927
-0.004071306198117605017194887,0.03147905760193105140221093,0.5050592069558041963261985
0.001482639559382205709028857,0.02542569627487890199235565,0.5047907151547360582455326
0.0008635818283563636297076038,0.02626644218395448801550707,0.504632114948236676355009
0.0009332316302705579358009458,0.02184409760651772822170891,0.5046363298199934011023515
-0.0007112435339339926885712795,0.02417039132876623586110298,0.5044060757982471443483519
-0.0002536736575786786244274262,0.02245346154046579459362398,0.503436460375927485877412
-0.0008835272689352005517221533,0.02162604838761775227773398,0.5041765649919524028277351
-0.002864543213136103595034543,0.01969563150308302479363221,0.5041398822430613879674866
-0.003350169232055398831765514,0.01831347982423711662214316,0.5048280666168176722408134
-0.004876540645096205141284518,0.01879493967641857748995804,0.5029591435363032214667101
-0.006663430840423523876525636,0.009896352184397145743122159,0.5022823750839482404018099
-0.006346267280559148883656295,0.01404473524782728563464751,0.5043934755315568896349987
-0.006237983152059494232344328,0.01109293786410825086163889,0.5041773452061605320650983
-0.009407446047150620077603733,0.01264114140933482455242398,0.5030876439866984739524014
-0.01046105782231702280293817,0.006984197483431693262434514,0.5047546081926238548120978
-0.01177133503216419400938531,0.01498420959428867736684676,0.5064271040476212570879966
-0.01085526444045277830174889,0.01696294691460848921837901,0.5061205752324876572245671
-0.01294920320658641578470682,0.01865882944061587195294649,0.50530851152182543195579
-0.01239785286349972398545205,0.02051718108918162974951827,0.5050953874758861150695566
-0.01159654646110473870390667,0.02127825638754343717806705,0.5047605901851173193506384
-0.01121304280691456066454403,0.02108075246903264032827252,0.5039514315337149108486869
-0.01215674075647363988617045,0.0299598069427221419536167,0.5053237864882605956395878
-0.01077002776104555963054832,0.02456393324448767623291445,0.507447605466754603220636
-0.01261438587150447154794364,0.03284331396209942688368955,0.5066308983029897961003485
-0.01188591530402602347571417,0.03320920299520105367641065,0.5076625505956037232024869
-0.01239823648872125962105972,0.03306504777894490182399423,0.5069585373023083318955173
-0.01542101836098110426154228,0.04278931591842181914042698,0.5073853377374345496875208
-0.01624592169765986041096717,0.03004664101368390710655731,0.5068275695856895302071621
-0.01422162993752782225720388,0.04051943494278146401521568,0.505389456974391970689453
-0.01599857473691268516802211,0.04153721588797904679113415,0.5068540165975208289239617
-0.01698345582853631741127032,0.0435511231739218254710444,0.5064491227526319860885451
-0.01537206924997209893379857,0.04107361425593565595892898,0.5064275818129837514192104
-0.01561415146028862985239094,0.03038443035429565924898654,0.5105570990867509539867797
-0.01258508684489722737054329,0.02773377131219597474531824,0.5106741265705899701643489
-0.01346119929349444757638032,0.02321746375217120100797885,0.5093660125180079489837226
-0.0159551770300693056270358,0.02288065772050830448680614,0.507915398713072452352435
-0.01586697611720814041214034,0.02308085235295648587894313,0.5057424602493587606488745
-0.01531123375208592353458048,0.02097047926858554636742049,0.5057090624173504744831575
-0.01462143683748028284707932,0.02758903429555301101139264,0.5065789215722388272311605
-0.01331414273509569368147964,0.02244884787071231221911027,0.5067820268975788966514529
-0.01093017300661318878807204,0.01981772172512047749948216,0.5071181227162200322311492
-0.00992602312222170581057501,0.01896176829748167855238528,0.507922980728977124798007
-0.008759729439000697726047662,0.01629592142581361494113601,0.506910013687797755821407
-0.009501517885991409700929822,0.008716860783180600119601777,0.5073076219664934827235925
-0.009875870639384788304826479,0.01360127619530798921687609,0.5063347389024727140949267
-0.004170110667876329203773711,0.0125430655124473995620793,0.5079508592318875415116963
-0.006546946584732745398615972,0.02003233918271922486820102,0.5089671924472891628710158
-0.003401551042866371530465353,0.02047435243595573453601055,0.5081502035100350367358146
-0.002355364212769467825020486,0.01822447461179158706423564,0.5077369450249556992460498
-0.002498214228343161556755714,0.01925583059926768911274131,0.5079348232320336498091251
-0.0005961595556521761488794064,0.01803450026447472875901212,0.5086558146851472006488848
0.0002722062162796392605079721,0.01406189673753689348134621,0.5087594956087779785036673
0.003167001784000706820360049,0.0129711425331680788725075,0.509529967172190789703734
0.002872391375045593286258194,0.01861375490727100803778349,0.5078781697353591528809602
0.003901622284756791052967584,0.01680266522225569089665775,0.5078986026049758795153366
0.0009716389601379965979682796,0.0249084893010840420501939,0.5117360676812140463098899
0.002156075722797782916184683,0.02513970685315550582239474,0.5096501639558767005055984
0.0003518805342621550229752214,0.01375145937804070871146589,0.5096286013347914867210875
-0.0003624033908348955001187119,0.0215277761545065657311504,0.5091217647738980334182202
-0.001758781533215256513355551,0.02209925774651912838697498,0.5088301245585701293450143
-0.002072387686384877508033453,0.02572559019153644252475566,0.5097609815872489180677007
-0.0009034578569966384559153383,0.01668874470353234537589593,0.5116601518586221253315216
-0.002585505394827795119100378,0.01989669058229957473993288,0.5139582890919713875632624
-0.003945192252959095653708221,0.02302732707362750708135479,0.5144776161902520072999323
-0.006580881827487397410514358,0.02624924687387721403131202,0.5138158358780344769911608
-0.008766022407673369071234859,0.02672245739318146462437653,0.5126017556256051710406041
-0.01034858195698452887345553,0.02027830425769257954859981,0.5157321161125102415567767
-0.008819581849007352217229005,0.01789141589668454337958003,0.5213307141765032293179161
-0.01212323649212294560117975,0.01775382966341803800403021,0.5130595430144365698410525
-0.01284137909918375147766412,0.0238712533762931375380667,0.5139241784039195737321393
-0.01359271470480606647246447,0.02413876272934637259859336,0.5143238557538730715279485
-0.0112800561217636270694431,0.01221817598676325396234166,0.5161894404754983067817875
-0.01406169448757325392274087,0.0225724236079639754837256,0.5140068896289091693319051
-0.01523179558878526816678711,0.02283803024742228973686942,0.5139764132405443275430912
-0.0159980512227975123218382,0.02026060644173099251075243,0.5141772511917191978980668
-0.01588424272299494843796452,0.01092521118437069990725341,0.5168153107125286194190039
-0.01790218486451713997276158,0.01736701579360814748365094,0.5240804152611735489131206
-0.01564698153317063342160331,0.01973171531207661144602383,0.516950172460652113137769
-0.01741980189679134816138628,0.02005397790584460132601308,0.5180889391380409936260776
-0.01811207212244297579117891,0.008459173398897127521545158,0.519882660126889883933643
-0.0199019765174900734039376,0.02419085291753699656913668,0.5172618650339106949331835
-0.01634328190813938777581349,0.01172114119477188874662854,0.5238598947052985899119903
-0.01858644242200195237368909,0.01356573783719403937519932,0.5186442174489039880214136
-0.01803326407219431326556247,0.01756065475085543531319487,0.5174364692608234284065816
-0.02079942566554600358319504,0.01140651704849239209127454,0.5205097465914141352527622
-0.01717411694187677764777966,0.02115714936089468575786121,0.5172580708064815624425137
-0.0170362204376642463465874,0.01343662167554855735307484,0.5194339012534543442711765
-0.01783291596627981437372945,0.01301382647168805757609267,0.5191890388264911448956695
-0.01928493461011286658202124,0.02538169989120726832698693,0.5197897541791007824940607
-0.01564299320513883734262706,0.02256340328731637132064769,0.5174739445337965815241432
-0.01412344947954773978493481,0.01787447613267972162942598,0.5233206249785125052653711
-0.01296953233073293472454868,0.02642284663888343904103451,0.5201324682116545972121457
-0.01112437270077950256241817,0.01289419911572594300286365,0.5212004585300887837817641
-0.01036195818983387702261201,0.01458622826127052227174197,0.5213139810120883677058146
-0.01217325406717020656877093,0.01434786637154851322850657,0.5222176544129926156756483
-0.01041316609811709925637047,0.02208009486429617779235102,0.5242086802884901031163167
-0.010652684791611782139098,0.01357771893519708374109545,0.522214477297686885393091
-0.009576624108438855711988857,0.01799317896821376119853575,0.5227976624210507461398834
-0.01057503589782969252719447,0.01238229499425828016023754,0.5235661991015634342261365
-0.01167078040074162430250748,0.008601372817927211561483958,0.5223553016379043345551736
-0.01056381732347129974447508,0.008630844250223762212370637,0.5252190128829241633212632
-0.01473062327761043809049024,0.008210977603704797470052235,0.5255167252390213761259474
-0.01551180108441035064570368,0.006881677361714342612553086,0.5258122473970774368723369
-0.01610012007245701856628095,0.01065409470393009587485533,0.5251696193093609021929069
-0.01621328825469909445944339,-0.003389711505773321340712068,0.5250708407721398351952757
-0.01639530127552022223391681,-0.00494794615732851821021665,0.5252317195323551457519784
-0.01683028656700734024265209,-0.006625107375550455188206733,0.5228674942961364369153898
-0.0177981732197686239038692,-0.007659027959282040630417665,0.5232514368518811354036302
-0.01969539014806169843763151,-0.009146225531007136713701478,0.5235215748657681134048403
-0.01924569332656361764222197,-0.006731517937592444017491644,0.5243211120016146864486473
-0.02013967255571221318111164,-0.0004064487801946973220303116,0.5303640880594375772716376
-0.02093235838117810110325934,-0.0003638621477240733780023074,0.5318702210847692235518025
-0.02111517396509174360197392,4.76965090480649297468782e-05,0.5275203408072947075524439
-0.0205378303012047659648065,0.001561125645538703884604437,0.5314538682405195446634139
-0.01998329056906207601418402,0.00232839656978792077651752,0.5315048083503244313874347
-0.01948371558570086842232527,0.002853214910041314191641026,0.5308313240949235067844825
-0.01961604163791059660115756,-0.002132040012232542646603006,0.5262149539180634993940089
-0.02027319009043131170511032,0.002590126400883007665859603,0.5272673255128536018432328
-0.02198973532840669403709555,0.01063460423838078969249743,0.530005898159177757378302
-0.02146401691901315272881234,0.01007816987322472136734408,0.525073158901299019696296
-0.02020407640126822487736113,0.017200608192033808169219,0.5238089508989273168637624
-0.02084338335989665072500721,0.01873283409429786147692987,0.527135106875815551141784
-0.0185927517870997753568485,0.01528545912644094922905325,0.5278823638266473272651069
-0.01751773416552138140644956,0.02005925474936256017177705,0.5259887531795153225999684
-0.01762193911257544515214235,0.0210598323544054777389789,0.5263135800247454865186114
-0.01435964033296718844745499,0.02152494276099528244805548,0.5231302309026817365378292
-0.01452777436097327408426327,0.02450055224807023979138876,0.523647005759099615218588
-0.01397692891034958521945253,0.02518621535181347209642055,0.5240308089227958543432351
-0.01345395785867782578737462,0.03781046149564269709397735,0.5242718599678870550206966
-0.01388064455687969094010992,0.04216469470057366414339484,0.527136220941033961651101
-0.01029756817750723460469509,0.03060277539940320021272235,0.5293406309855358538030146
-0.01186534570457012903454963,0.04019285449441969970685307,0.527175360340030429995295
-0.01289845891527600235670903,0.04538935508474936653122711,0.5250571595966031512858763
-0.01227631241982053700301236,0.04285372186988251758110735,0.5244849530547366356358907
-0.00786508559793026341966371,0.0350336342249253709923984,0.5258346249288898821561133
-0.009395389686385773389543097,0.0332946028238023591927508,0.5242457226050283303209198
-0.007999473539228977442272495,0.03600123737764875098132933,0.5249361021145547701038936
-0.006377341533265115137985024,0.02978776660339689866252577,0.5262884038458069957400198
-0.01211988980795116258026844,0.03819959657834796906694663,0.5300990779904308780601241
-0.0122204677760639583705693,0.0360816626611538474045382,0.5255771473519258440987301
-0.0141558108035523006612566,0.02845437596789484116510671,0.5269486187757834727563022
-0.01355654948071104148876742,0.0270824443164864731015129,0.5289309693014072610850462
-0.01686086243231225620387015,0.0305304894302526712290824,0.5253399088356365265184422
-0.01823117668010514058618554,0.02931685396091048348421459,0.5236990779331379686212244
-0.01754493535675000562279457,0.02384956993543903280841079,0.5211762040915794980122655
-0.02080426268817036142277921,0.02782407321549540749061613,0.5279559550368629894379069
-0.02333401789306627574505093,0.02276371511201002659219306,0.5263305941268154874990159
-0.02247589877590459861433914,0.008190956740931247884174304,0.5268194961104764040271675
-0.02261136152032294441283078,0.0113509891375945803915215,0.5270584093440854323020517
-0.02336392813323440523221031,0.01212759572478521244431882,0.5276503752597399010682011
-0.0237920036697265059599804,0.009899103024233303974033227,0.5274947376483383187917298
-0.02442535369468046280161388,0.02139825404506383310643258,0.5247094840862829290273339
-0.02444973165487735952683401,0.02416634052026278914326873,0.52491297544263404439846
-0.02402034906856535464991786,0.02006483565648535527525809,0.523083714627407991848429
-0.02238928015325500342491694,0.02383809872778110822144626,0.5200701023530610589418188
-0.02093877797824663170023207,0.02185584965866914364251983,0.5252111216560880757597829
-0.01844880714834969473447934,0.02088821889177767607281844,0.5213657202101966703366998
-0.01964138837668393672286626,0.02080498959942426659419645,0.5292263095242913939486584
-0.01853875423092721588802512,0.02216002848008694070536251,0.5312143731271844471208965
-0.01320028258350222638561888,0.02084906604013865918934023,0.5292375402433217024267265
-0.01280722578690440642545934,0.02210970326077216566162953,0.5282450218092165084016187
-0.01115116327793286808700568,0.02446357922646931817856064,0.5266808943120491193212729
-0.01074665330720511041695531,0.02665785321346263170294577,0.525553057759374553370435
-0.01100331223221623355712495,0.02206702565536650464950164,0.5223198799870666375610995
-0.006769226098617265978407698,0.02471887119856371051174193,0.5236334312330690465842054
-0.006219171014247470291591569,0.02506943245752601967524242,0.5230220842407674597396294
-0.008187687082773488500553327,0.03948529464307691527746869,0.5213508498251907541387595
-0.005977308848064845532566114,0.03886570322691480089405403,0.5209515627852329133773424
-0.00886196332641816034159099,0.03449531780250690571332228,0.5161241913083837173914503
-0.006794128269868968290901012,0.02687115845507877937015095,0.5207112712199891690900699
-0.005918078660713723543329579,0.02586729500444519963542334,0.5222976970842549970797108
-0.002404003590523256638639138,0.02650494407890953418860391,0.5270315135301081310714721
-0.007197767434407147287001028,0.03171065486399993887944859,0.5168073798498341586693527
-0.009540669494656381713348914,0.02520678825361625727263792,0.5187430846509172299718671
-0.009524406842679357734771095,0.02237885146162801527913722,0.52022972173380188642966
-0.008115711889941390824732004,0.02438046981447967997969073,0.5220604365107326394479514
-0.01039114528670754405981214,0.03185415525385501545052591,0.5205450003360170274646634
-0.01059388834690395443660638,0.02872914739447448434495058,0.5214286961320543367648384
-0.01325330309383019981861462,0.03211231586100821849827369,0.5182209442142411415233028
-0.01416366032616534278987253,0.02897619224634027240705691,0.517595685904213231864901
-0.01605626802031536251580413,0.0171288982626104611950435,0.5179150919314052803343884
-0.01617597255184169760533486,0.03433575006563211601262608,0.5155250702078955082896528
-0.01461358796856405267705625,0.01980534768226623401621289,0.5187468657959083406794321
-0.01640480552682535217434712,0.02843521999420229456889686,0.5159543587338342174319905
-0.01573273735948375190440984,0.02163173229408701589426833,0.5200486068807412820547142
-0.02044082168681573413726582,0.01707098203145004933212192,0.5172396545114041899182666
-0.0202444943447859064533656,0.01953605751259342854231349,0.5151556811402838720326258
-0.02074966485067871596603695,0.03185230717744571421468081,0.5167821512937965655609673
-0.02056643294927281220840776,0.0218022689298689800740938,0.5173324475225002938572061
-0.01863057523973031537334322,0.01689423973627702732502875,0.51853288788820961485726
-0.01894018629573249873354612,0.02053961526313681854039039,0.5164413283056503711776486
-0.01880936683291490121860967,0.01964519263811763047367087,0.5175476576407199713614204
-0.01561171777315503196581492,0.01929117444221608093646303,0.5167240318622001726822646
-0.01593023895225503111516829,0.01933042418570671619471035,0.5147080500100751354608519
-0.01541236161360870146608271,0.02578766690280624718223379,0.5128872862512758867836737
-0.01450419990154053206943274,0.03204985948306008497477038,0.5155419976222067601767662
-0.01486633932558824658376473,0.02915785947221531670958683,0.5138406077889549061765706
-0.01787449399812096606510181,0.0231638001539503646242224,0.510181304653873346488524
-0.01400596676234081884582228,0.02347622936395965531630736,0.5157783740542827288777517
-0.01454315621600024872883683,0.02311813335552359571778425,0.5160247772836907831361941
-0.01648477070060568386300481,0.02378776939517970867576935,0.5137432558880725697036951
-0.01410899454920647340394613,0.02205229500963086855525042,0.5147534768549113515234694
-0.01624153108886136967492497,0.02273602519313650677235117,0.5130801115817678059727314
-0.01565011582458085415137106,0.02074105037045163510422974,0.5128147353641278050062624
-0.01615705990356671589713855,0.02523892746070510381684038,0.512702062929286217496383
-0.01441010359821273852098944,0.02949726848860627706483406,0.5132217849828741851325731
-0.01494037576843688236438723,0.02476039466194348420691185,0.5124496574483088373597184
-0.01550817983087293509825155,0.01729582756736182738710461,0.5134871141424439677791725
-0.02071666235502811134749912,0.01857213269612604730762762,0.5081018861959573085229636
-0.01604779693379403474051692,0.02309892448664023142934631,0.5124918046158311035753741
-0.01658061484664929974286451,0.01641711265570674344038693,0.5133921985351050931711825
-0.01774278783742800832956554,0.01725433198193115219565286,0.5114018748907083189436662
-0.01616220827926111505701279,0.01681297095878678607427936,0.5127805909170726206269819
-0.01629984230474378070763208,0.01985907262075899126774203,0.5126904558328910788134181
-0.0158659928820354158285344,0.02072374013259303468514894,0.5110648392511961679574028
-0.01477034261420538674425273,0.02234916019382137547522049,0.511548698323931572140566
-0.0151031849182522420055319,0.02262504325840004881786882,0.5116760010977234873763564
-0.01825011438139646433032048,0.01516445991583844146721738,0.5129866230802682114386926
-0.02070828362327560220879086,0.01616606453363661835553877,0.5113709672755886170847361
-0.0205619006639460345786663,0.01704292902081675983860798,0.5136737205056185473495134
-0.01952700410283676052403123,0.02712695298870229990151337,0.5141012699206802816220829
-0.01989417766478383114980844,0.02390659858824672329147276,0.5131451767665069496615615
-0.02048809077257804020510967,0.02496707929351561772168822,0.512896233022730685391366
-0.0199863356564931107794969,0.02103783147245469678510155,0.5131321587305105458298726
-0.0202736252974931377424106,0.02023620638392268147875974,0.5103557098011303194695643
-0.02149269706181817368717546,0.02341203431592490599721934,0.5111389160351295091189172
-0.02151445860361102593860672,0.01603732252278988398841442,0.5153698952987597614594506
-0.022028887845562526714982,0.01748701625319501809507905,0.5145615894804935752659958
-0.02048859223659256836858056,0.02771483701207282449030522,0.5133940894940183241601517
-0.02056719795701900110884708,0.0282546013477012053494164,0.5128905474522915675095192
-0.01957496389964737820710283,0.02853412138427438918264478,0.5125680979362794431608563
-0.01718351820527263401627849,0.02749095630479867283235684,0.512670975067925915880096
-0.01644523261185031406950152,0.02944515241645817918425543,0.5137253112422496270639272
-0.01743896356245709308718794,0.03199414733671264443604088,0.513742547706113827921115
-0.02164276306780700889764724,0.03746720216193996644271635,0.5126983573068260024996334
-0.01799287902537405683944804,0.03489224352868465495181027,0.5127837887068826816516776
-0.01405061432537479601534436,0.02904025757262652246426526,0.5118191592594584227171595
-0.01502055209161636331605116,0.02668795570621727841764681,0.5130022748078336691790469
-0.01438802235206186781735216,0.02873683165181484602812567,0.5147090529922295765175022
-0.01300715441436151031950885,0.03132542035548727121785362,0.5124476855543461661923743
-0.01381673419803000103789348,0.0308754459066131990707671,0.5108603074927585696585197
-0.01505407974896011934207163,0.03318217265326639520139906,0.5118942374329829014811821
-0.01406855781876862471202472,0.03229569872286482123957541,0.5133575866178342606005458
-0.01275216871055541087431884,0.03416168103207967154943958,0.5115834708262652075205779
-0.01172144703171622628912196,0.03004614251834729007906155,0.5129701199995057026015388
-0.01248372705834006890501797,0.02303180047530238930275637,0.5144047470799765209292786
-0.01212894884051272763325624,0.03102636690503586536227232,0.5111351853323853333677107
-0.01273963821323056272438734,0.03099238580896320274793432,0.5122013753983789552393091
-0.009723935352859789521540179,0.02439462611428886915088121,0.5117273644748484562327917
-0.009984593038139529669328098,0.02499149596436014975076034,0.5125604989765731867024101
-0.0100721529600551716610024,0.01814716880279767033390392,0.5124696877489476332101503
-0.0106903743586861214864836,0.01506175023730966372470519,0.5142243410067297570975597
-0.008453611558199382314260362,0.01584554623228283387614823,0.5152508267891507953706309
-0.01123464509033042513230782,0.01437182161845439697100968,0.5120973164713545910942116
-0.009175666285055185042440762,0.02702756500820601565093781,0.5135326819387080465872941
-0.008693779357145886219071507,0.02504469693271159716485563,0.5141797275180117754445064
-0.01021193989163280031740033,0.02361774026975438714459621,0.5135419708700562635428355
-0.008784925424162530471772214,0.02080643381148680054471001,0.5133092316051011128053005
-0.00878509610586654908492843,0.02135877187867079793348601,0.5107956749648133731867006
-0.009312645360720565868017928,0.01446200712170910181175731,0.5145813233101835804106372
-0.009391199743695431007006746,0.01994631212725176544475758,0.5152144519782886344927419
-0.009047126850006300541329196,0.01993080605176920233612137,0.5122255884993899277546348
-0.008709282910521802534287161,0.02342640165498212356798291,0.5133734942981685867025021
-0.00902456231087708955762583,0.02304609500719036543903151,0.5139883616424918422183055
-0.008271331723439695124411308,0.02629547305695811507120219,0.5142360329120345685538496
-0.01012211978799662168149176,0.02194840420903585581635653,0.5139864478024228633401549
-0.01071791767459581885824083,0.03039999861101497571902463,0.5138640024445433329702837
-0.01226597442177682767416869,0.03481084056678814681040635,0.5125277311362090859603313
-0.01221997019306806514515884,0.03887148898031605320779747,0.5117874227842419410094976
-0.01151400551196243675355912,0.03430466435035247479978793,0.5117858184615734495892525
-0.01352659199759267787122052,0.03537359746055771664297041,0.5106528726916476079722429
-0.01394379522166725934861908,0.04273757252947518042729413,0.5117513973868459409288789
-0.01404386185590723173932659,0.04402871600550903319337692,0.5105371823333507697029177
-0.01657680510351037389549234,0.04901783797886585802849879,0.5117366867457149304243558
-0.01648815306093075541693516,0.04433556224483961583082703,0.5098840844401785199480059
-0.01522183286867356995231138,0.04577808216408149610820999,0.5103467234232784699443641
-0.01661880700056672655051671,0.05284098192868802446042764,0.5120772793419235968670478
-0.01421644762818411941718288,0.04063816112158842586143948,0.513603527617591648635198
-0.01552308264457216528675598,0.04477220259761816034682624,0.5112059262899431022475483
-0.01439206988882033889931567,0.03975895625681585138222474,0.5099267108163564321543504
-0.01152953745636833490784134,0.04766281051589878192675798,0.5106735439487973815531063
-0.01132606332604905140237772,0.04783609419994427902622647,0.5107456451041414435820798
-0.01075497924519925457831349,0.04767638697943674813695125,0.510912776531347589958898
-0.009337124237939765578064844,0.04845621635688731471125479,0.5094447174416605328417518
-0.007784148566457750779978841,0.04861221905471675014398514,0.5096409920158895268116339
-0.006158928040576335839750843,0.04628278049031362556542391,0.5093916959486434192783122
-0.005882639843222374140263575,0.04664701801808342901400906,0.5081813377330869352377363
-0.004552665431590947886508758,0.04416921583819637120438273,0.5089512108878594398575501
-0.004498999588212528218111874,0.04063534525627271465353374,0.5084493409894457194297956
-0.004550033030931205715874377,0.04115910152879248551371916,0.5088634581876132489952624
-0.004857376652409983730507292,0.04150928313342320402634655,0.5087033121928278278645053
-0.004757780199960661392244443,0.03900447458087077934330011,0.5082385812366160271480453
-0.005617791343611467855256869,0.03905198024034806786319862,0.5083689894077153548224146
-0.006916734230451161528907544,0.03678884414615868347908645,0.5084226945143066611620952
-0.008425883895683959623479353,0.03798664643874045954152763,0.5081703293335616544723621
-0.006980945838941164487134738,0.03588620116855500280506064,0.5080169655383180993268866
-0.007109853769523587392609176,0.03550679468659931337093383,0.5086395720112713014771089
-0.009127236171247029086761593,0.03333538351808642413720563,0.5084224135469899152894868
-0.005817941530699121885361613,0.02619201930685777571228279,0.5077002666301485556132889
-0.008294795489447778086278262,0.02984479510924972420204959,0.5075737165652309812458043
-0.00936526546560812432618004,0.01882778331451444644994986,0.5091150261867455339981348
-0.01040065607808830262792643,0.02092499527996941402485653,0.5075751285912187826809827
-0.01040434431146909817489377,0.02550891696899124441721973,0.509170082713498839410704
-0.01138358159205161805604956,0.02485273310339030511384451,0.5085885502228765231436114
-0.01050672913075906614310817,0.02449904905811758210054663,0.5073270819303538070599302
-0.01079617687425442167092893,0.02560130632938099545792277,0.5077648542524645369766745
-0.01147673808932316366626658,0.02755931326020973765045241,0.5079415445098953707514511
-0.01036794099745971635406772,0.02501337631112808546074433,0.5076323295602834795303693
-0.01272339542967076617130395,0.0277329702193293801959495,0.5082920140594076041651306
-0.01125769497783224784570599,0.02769102329016170579989442,0.5072597697139480388273114
-0.01419698190807390861256643,0.03395709093245133369798339,0.5081564158952088794407587
-0.01350009682344455175240228,0.03199014168507115923878459,0.5074186765119022002323845
-0.01150164528345136091824763,0.02787582379575798824378197,0.5075236253398957009252968
-0.0120751858761578498291378,0.03360396336608532236178704,0.5087991935567311996280182
-0.01004898483341213656638846,0.03126511088671145993655998,0.5103232133743079712573376
-0.008568262976856155094251832,0.02828484690236767948312568,0.5095096285908553568333446
-0.007283505210074808257358914,0.03289734157607963893621417,0.509073882355556062151436
-0.007544824839368867268329932,0.02534332046742284599849526,0.5096315005055470637174153
-0.006511424013407160829580711,0.02550909855961889377562457,0.5101284191385446753486121
-0.005175271220558468575345668,0.02593361031316425077686283,0.5111305804771228977756437
-0.004956970562649265499288731,0.02476075871243670414867388,0.5134542550367348079376484
-0.004748600893501338411628598,0.03563124353388031489986432,0.5099474978528584223624875
-0.004826429293467743297796346,0.03189771001652608878318418,0.5118719491407121013892834
-0.004569447667407485966228897,0.03692349247427934022525164,0.5087800786895897431350022
-0.006538980871359270988230072,0.04595852925033770686180645,0.510671523633905222183671
-0.003888460753723370876000498,0.04374989826051357139080622,0.511152237087179939223347
-0.003091938220482043885029011,0.04069525500019462171952256,0.5102175613770844053718179
-0.003103369827237648526790936,0.03567379459656471601958216,0.5107747604836796462279835
-0.002883870156711369758806285,0.04692048543752099648562748,0.5106404206225175768096847
-0.003426340965201995093086795,0.0461214240227576996455916,0.5107439565955667060137557
-0.003730806339303014210195819,0.0468706322802885100298198,0.5105190704398917533879398
-0.002798728526965564827183597,0.04424379266162807577966731,0.5100789682474572428461101
-0.003286867895747006256684797,0.04388018738815471081471387,0.5102298101254078011024262
-0.003633444441192720808508909,0.04229340659814175701347594,0.5125914433479128451409679
-0.003197048792768877531478289,0.04046305810743468928114552,0.5127483437879786221103018
-0.002934574525002515543031789,0.04030736744450410385942618,0.5132969927728040504533169
-0.003092590142403659706632491,0.03571986874859277294458337,0.5123717011476702776207048
-0.001990115520530926721681775,0.03158049110231326422892906,0.5117538363669639212005791
-0.002477134800519486396153113,0.03463745390308268362611344,0.512795875626161468119335
-0.002306300948530398166325117,0.02649482981300520581524616,0.5124698890840374554400682
-0.0003805409616547149645980619,0.02070825615465809663162666,0.5135112464080533456467492
0.0003650493327125162233530442,0.02634154612534686523694916,0.5125525228209621975139498
1.025603380410011839711341e-05,0.02714381068590917059357714,0.5128079662397758697878203
0.001589798873464524356022287,0.01427353218472218916723637,0.5151992427752772885085619
-0.0008806267007515023110056362,0.02047095349752764067985389,0.5140747222231030200134683
0.0007497648192684721680026372,0.01944535321767373522994227,0.5138656193617474610135787
-0.001213792280204560938838831,0.02212659759477642734681879,0.5151759126203686589562381
0.000911561986889737108953613,0.01957873363929166915520241,0.5150512942134513050262967
-0.0004237304067216293951107786,0.009572551963901627242181647,0.5155839842703110464938732
-0.001385356865240266934641289,0.01119509924004031924116287,0.5147323986515598415181216
0.001614580142947786862289705,0.02117076128819141492276579,0.5161736503842205836534163
0.0001524349451797022032828455,0.02347146278810767136557835,0.515954666566796782412041
-0.0005102380144923810258508756,0.02175499504902237216108496,0.5150349039074101353818946
-0.001432207063825376852639337,0.01896153865132528190673433,0.5150459260247988169112432
-0.003396178605536739371351107,0.02427354109286590164162867,0.5155947732908442437960161
-0.004113271913021705923629856,0.01582629344942819080155338,0.5163753815601653807121352
-0.005278407421478927864788577,0.0167704632556716151658982,0.5159525651078159524942635
-0.006133061469770797330403056,0.0229457663607924161608409,0.5155248784398968053821477
-0.008278536169879550932204637,0.02545803523084100294937571,0.5154020374721420827412999
-0.008680323489579611431765649,0.03283975512617751113531028,0.5170469441962197709727889
-0.009575972810435855880895062,0.03210699601998791286039392,0.5184610144565925393678185
-0.01074763084475888891278217,0.03470432223885851902300814,0.5178533244000744772961298
-0.01118000325465111181866273,0.03144450075324390497799598,0.5179906276630228401103295
-0.01302279905938452837788066,0.03425511131527358282822249,0.5179348981893857617464505
-0.0143782742621990991538361,0.02808118112117052520004812,0.5175348611873528126281485
-0.01491843209212809218122686,0.02558764594713664256020458,0.5190709538778556231264361
-0.01597163287742205811658991,0.02663151551888308377069592,0.5198331111257457060048637
-0.01797566369921348161664554,0.04152239298039436810050518,0.5177475984225591298937275
-0.01787792220917630917065289,0.03353855683309896890120783,0.5173418860954704934229653
-0.01704635050485042366275046,0.03787508423374994631638302,0.5167184099687974763170928
-0.01745968042167084233184937,0.04150488236858075608015639,0.5186397608146647852933597
-0.01670947187484429080628345,0.03910269350516493158664844,0.5189916890690140505171257
-0.01893849684869099853079533,0.03511933716528048421423591,0.5193761714178672939112857
-0.01821439538711935521297924,0.02779340869476780787050707,0.5205744558737934735148656
-0.0174760854742126402194824,0.02799432703521240878297149,0.5208937905503540077845059
-0.01782690563676716730134864,0.02779917104330721991378716,0.5209985845729255826697113
-0.01898283743208129675794638,0.03178605417265616822630747,0.51790897278829428618252
-0.01831373739416287602099764,0.03609420764348591353920526,0.5189504620706071325031417
-0.02008910851391214683059339,0.02705620009518950805360582,0.5199163340229114860235882
-0.0171212793520532993718497,0.02925245084890514338238354,0.520760768055334000159462
-0.01516779694290259876410243,0.03498982447826205072205497,0.5207502137433807076760672
-0.01525200159405515343280513,0.02605930283791406745774744,0.5202286234036805900871059
-0.01379270548359869640042685,0.0254716842250146194293059,0.5201652949610121590140466
-0.01311741902035973121598555,0.02399958718336053439812439,0.5199943702541590662136173
-0.0105625689028491735049764,0.0224670649612196023092725,0.5214704947499922971232422
-0.009343087699634360782097176,0.02035526023306680198921015,0.5224129991019298424603789
-0.00701008155966685152921114,0.01777232077651928060513242,0.5234837416436568524602535
-0.007308563719033622264886763,0.02509427345745497348050712,0.5210779617526234419599973
-0.006089750483884542354984237,0.01349885533479784974209004,0.5229991907775446424722077
-0.004005483074931124459761023,0.01405286175990288349835211,0.5232551737300304983691035
-0.001850478189804045329319715,0.02419091030711284853738086,0.5215061105800993246361941
-0.002412404760860912406039702,0.02404887467967992131789856,0.5225243608635310454957335
-0.0009380258335656469458052609,0.02087525617924850668272185,0.5229710798098221591345691
-0.001518733854213384247208718,0.01556941917059905325371183,0.5245554789276010154708274
-0.0004249533507062766774300955,0.01146387756667548510347565,0.5257932847344989335525156
-0.00136265270867892175632452,0.01289857643943545344178414,0.52537342856218727238371
-0.00142399066277868542769458,0.01912159124521868244772627,0.5229511833614801652458937
-0.000563699908398576057973195,0.01729940416149051973793149,0.5220390249830457740642942
-0.000894554994463634040903488,0.01761296552122015163233115,0.5230786581911777144426878
-0.003654158730653374407421063,0.02263972176743255307340696,0.5237330769687232878695227
-0.002261060111771808021213781,0.01595494420685325195896631,0.5226080378215469668390369
-0.003520777099228979307998788,0.01884131046075685628204965,0.5258098760664658977148633
-0.004321003662873006828659683,0.0175454050315067312804107,0.5252185779893194794709643
-0.00729947003556708634564032,0.01977371780968287251489812,0.5255302117407170126028859
-0.006333783220623652107650337,0.01837166332383184663701314,0.5255942170030489801746398
-0.008728999405950269366294414,0.01668094535430707930911964,0.5251405974931404596617313
-0.007605797720722869484366591,0.01711015913348338038368901,0.5233981406702664651575674
-0.008170253380424137221171854,0.0166285510312595280479897,0.5241910961730915641254569
-0.01132967778950151951922187,0.007952674259098522005495546,0.5216051485346542282428572
-0.008123495955618830269284736,0.02232807108010458063684922,0.5239244281493209420830226
-0.008891943439149903316565116,0.02276236901991412694967742,0.5230897279523020193536809
-0.00955855805403336977743578,0.02190580389830692684127733,0.5237711781104734676262069
-0.01369278395495338723764078,0.02459710844313930597215823,0.5251519586756460133969426
-0.0112387128843745368045326,0.01967593366371462454411656,0.5243875640977104790607655
-0.01174703459713501152439363,0.0191472418169694111322876,0.5255456795909357881058099
-0.01302597597906368122322451,0.01624143323099934768660724,0.5237820039354613710358421
-0.01497726549025753424448926,0.02284334662015209682639494,0.5250898345563936864266452
-0.01501641711964731180917187,0.01974311081562082556550841,0.5242260666090204912492823
-0.01651438095478832690510274,0.01950102661289495123431159,0.5239118725249167773938552
-0.01672016696631748247647842,0.02456119759116701453671716,0.5223965503520929809511131
-0.01745426172619420762677223,0.02626891187441249622680495,0.5232289718796047095494828
-0.01779319951196557669792497,0.02532839848046399694458941,0.5228769624060080056793254
-0.01829576378672589584417629,0.02726266833282882037781114,0.5234123145800323451126701
-0.018637032181416903625637,0.02768685062419213790962935,0.5236362090298284366340908
-0.01835914300093681450487537,0.0271369515032339851667853,0.5234320758162697151405496
-0.01779993495567348121833007,0.02659620032800111971704737,0.5228298918341585110880487
-0.01431165074876253849589514,0.01829106979158261897522308,0.5279101611157597240264749
-0.01782031026299314702132648,0.01772683106490960738832463,0.5246958748667979177682241
-0.01506446011080429456252539,0.02484936497829570711814995,0.5249513643028349552110967
-0.01958284954468469257760077,0.01691556355668622294019521,0.5194888950399236815513859
-0.01469651863516697500033903,0.02260206204915000960387061,0.5236178158212329014631337
-0.01156179491273784040727968,0.02456433672621782457468065,0.5240261039880974580640327
-0.01247034199351051975135363,0.02316911736808024285805274,0.52389421538483260665231
-0.0107335376314194805291713,0.02204899892187487525641032,0.523722127613131083201381
-0.008426812007837200177440273,0.02088803438163343642597347,0.5232805387112557937712154
-0.007151465025556649757199068,0.02218396955372651732640854,0.5230839083434171143949243
-0.005023363147430082338573687,0.02187797673834974976347922,0.5230687052167598549701211
-0.002576902967364693396168374,0.02181183132487976225610815,0.523222965084803259827595
-0.001143391037938936609721918,0.02081648628255180696888793,0.5244295889724696069222887
0.0002854480448642809052584024,0.01950849170717116123907608,0.5249176369194922253669233
0.001481544703689910815261332,0.01820687457942444728575815,0.5244341259009296374316023
0.002222737974165189724778946,0.01990824687168862502928413,0.5243860032747555965926267
0.000916687918066119234242195,0.01920033498659825740850771,0.5238974424191326084709885
0.003618670763000144448978679,0.02012241094333823768214309,0.5240625893676126301201634
0.0004221029968001135251887135,0.02457418898810874788307679,0.5247721696880044417454769
0.002970218226010314360036046,0.02024866470090197143050226,0.5243568610794574480493679
0.004450623859499357008739917,0.01837246842410396666100958,0.5238614351857242557031213
-0.0005170318894084716121462009,0.02109898789685515918534975,0.5222685817301554456193458
0.002994306958864742344850196,0.01920066059270647551571187,0.5230834340182396458018843
-0.001679066138419442683407667,0.02151303416670815454869725,0.5235517909487483745323289
0.001552140559744359400023983,0.01790036443681948530315395,0.5233367644377348026907271
-0.001239205590711647516147242,0.02394380451953089308791967,0.5238585690993307064644569
-0.001360842319501245466922823,0.02096212784994679403927087,0.5235213891348692305527379
-0.002862317693025921878924311,0.02164091662547339492417287,0.524323941056632714108332
-0.004508592772784628457949374,0.02157444237587996527238943,0.5239994071350037030398994
-0.005920661620842255883079286,0.02431628083884218582966241,0.5235637219183223445284625
-0.006665919187476563971539445,0.02261213042967281233730503,0.5244846609432237682923983
-0.008460910257752926946772654,0.02385842447279532679837999,0.5242082712616648043635337
-0.007546272504354399092429961,0.01658408719155156363367354,0.5268651867062207339031943
-0.01109717663766786321932756,0.02424470812855989559908565,0.5240740200631502920813887
-0.01272126441983292659265725,0.02624743907527150171832275,0.5240017572933537426393968
-0.01314281358194966872754428,0.01973404693685575431172374,0.5241137396386450486573949
-0.01485651615482652850019907,0.02286531813303073132348509,0.5252055033339038114803543
-0.01489735192242889680325213,0.0249001961423975688714183,0.5243228595928165480799521
-0.01692954344359434010192089,0.02431727094641501774052728,0.5251255960846553660914537
-0.01772736926059208240058496,0.02390622394618110296837799,0.5266392558859224193312798
-0.0151712059969835496436863,0.03212575236522197119626298,0.5258606295135391794914881
-0.01452931486718300226057554,0.03101624570938285585519623,0.5259415610073689961723176
-0.0141881955557207218437954,0.03076690744463805166075687,0.5260824732759689092986832
-0.01448760073412324808628249,0.03327010686944915918150656,0.5268349147099689044893012
-0.01490288244445890988854053,0.03595341580380153473361915,0.5265754555778153767064964
-0.01480595350257828644868763,0.03328360971614048591238344,0.5265111599431616662414513
-0.01120713311726689864755713,0.03357174702490853951397654,0.5258798353324175556267051
-0.01150577610652507576372017,0.0343700750245448868880338,0.5283712130160875819484545
-0.009852888042609435695351472,0.032774216490985039196282,0.527567976077035427628914
-0.008922149952563539210270704,0.02994412898631227185064496,0.5274068300681430399023952
-0.01049795031816467758001288,0.03376073702733408538056992,0.529930485845534482436392
-0.007567463427928782654374729,0.02716843154562327902756813,0.5279113857662827147265716
-0.008446220038245947150934434,0.01599214804518193921989422,0.5273167434172237877376688
-0.007780732298081270877088134,0.01812120867993194037182114,0.5264110172238145590739578
-0.007655547840368096684793286,0.02261206636590763416339023,0.5255497570235654336556763
-0.008229940101191688534010282,0.0133808512759681936393763,0.5278439943819235313782201
-0.006574832254964302347133298,0.02429823031184664278159246,0.5275873101819508192988906
-0.005749938241458383246518249,0.02406534669166692647079842,0.5271897538639773728164073
-0.005219020746139998306878383,0.01511006698240480866646251,0.5260627691413894968519571
-0.005590110118697046680258378,0.0152485784060292246105961,0.5256564087861932410561394
-0.007488376964075140612697723,0.01570576099822305893294327,0.5271309401217744161627365
-0.00790596022762386427262804,0.01185233957522104433768284,0.5270577572534117516411811
-0.008736455963350439959946847,0.01266520709967092900294361,0.5280999904512965192893148
-0.008606405425645108700494212,0.01221831435384024104606748,0.5282553079960617958832358
-0.009393445097214484992842465,0.01110367095181821923965959,0.5286709769117574619912148
-0.009067459204845911002745851,0.00875558352188578539743169,0.5288623264193835771251884
-0.01106700689197025709586963,0.01060782780109876047291984,0.5298558569895024383811233
-0.01005258830328329203163129,0.01040156091728668304174921,0.5294232142119362771737201
-0.009353757416919709563596363,0.01002658311988152001204,0.5301331664141344379714837
-0.01124923057022940257876353,0.01311259009763941947579458,0.5308058770507119161763399
-0.01102487770513864602517362,0.01150055537628981959519248,0.530920314562888351339609
-0.0102304336346193576468,0.01229658208954484237274141,0.5303827504504216028280439
-0.01145060139794686938918833,0.007827493571970638858159575,0.5303898689063069049609567
-0.009309509463400509471364686,0.01633171378806909032621597,0.5319856488666419025435061
-0.008221880721185546164742064,0.01543655241826301892371642,0.5321823235147272734835155
-0.006086336775136730325996837,0.01577789027298352048100938,0.5325361418226721710311722
-0.006267711200815843583522557,0.01819561867614892872180299,0.5325411190613995593423624
-0.006633748322250184945025886,0.02034486502208418881587626,0.5329365967308130613844241
-0.00715236425103140532888446,0.01923769441891164805324976,0.5318153944248094067148713
-0.006491738875188635474189347,0.02152445053587575748976768,0.5328072739883938924165818
-0.00656594638939586149745109,0.01913778865686634189646753,0.5318794310043964967960051
-0.008293664763639395712258029,0.02161132439903968444072646,0.5324894769803178995459803
-0.006734352382753444263285836,0.02978183243926493806164046,0.5335289048496817398969938
-0.006945231950524410544089982,0.0272442374047368977840744,0.5334751190298175904658251
-0.006955804770666912557885997,0.03545070251725246368579292,0.5344842899325261686982458
-0.01045186434155600391227026,0.03834380532394095902892772,0.5356314067227351261024637
-0.006005435922603273232733834,0.03490370090933784391618033,0.5349355246580582701199091
-0.006293989361388530046070855,0.03129760043728485596759015,0.5355796389413411962010514
-0.007269497290207102037362663,0.03507059238915904292310799,0.5356119481918609759318883
-0.007569702170991040104941483,0.04323470637103273700452277,0.5370012639906937002010068
-0.003145690345510398534811802,0.03580643494378830254953883,0.5375918410569645589092147
-0.006419136021753975122894342,0.03748001262716142006903297,0.5369268238965279049779156
-0.006128955994843007619443664,0.03801708120834485643557699,0.5371862505277781307810869
-0.004962219429958625478704892,0.03627470246598099579138363,0.5361006656545859172524615
-0.003996235903025390466536404,0.03831609640632617497235657,0.5368493589234921703479131
-0.004432587737434592542462575,0.04176227797745283437658159,0.5383009973583527951745964
-0.003796525050073381885723522,0.03785405437349226992482798,0.5360539997254839539309046
-0.003671826254853922683746292,0.03002258567319973300846492,0.5366304084463523471626445
-0.004230535531628752850263897,0.03465297110164765326256742,0.5360865800459366781183235
-0.003819543514956935930521054,0.03023367507634008854999763,0.5378582318916067528391523
-0.003784003195851832774404544,0.0373518630112826752198707,0.535928418129643979739285
-0.004162944281466826428050876,0.04378361333419068107675187,0.5376771355374503347235304
-0.00102781623045079145185865,0.02905167801356619769470591,0.5388012663557781856127349
-0.0006960896493803204543651675,0.03427876926900489534810745,0.536872704603253314559197
-0.001010739708676736950052066,0.0343794216143168129828922,0.5360668452298587016713327
-0.0001000312465142893738776972,0.03092753873283939428096012,0.5373646903902695726173988
0.0002797053019503982170847201,0.03163867193268767030733812,0.5383046340804610307984035
0.0005361977147240859888424613,0.02857918752744342816285439,0.5373400406678229268564451
0.001670021376549966169930417,0.02784650814604250693151677,0.5386371874483860677784719
0.003915732003620431972423788,0.02363439123243599171431129,0.5377981267557429001513469
0.004414627011853763591253674,0.02538796317762644083604329,0.5374638115184118269951341
0.003914725791064190690837776,0.01200650127165760888692247,0.5358093750569022928331719
0.003262573856128970183065885,0.0194684214859670023933802,0.5372426805287022766322025
0.001188743907367788895518279,0.01569780832115640414881064,0.5375871528781280828113154
0.001377897143663261081067417,0.01274337937826333123914058,0.5366462514833552077675449
-0.001295589234633037377039666,0.01536283233433877008777824,0.5370198024360790522990783
-0.003881789093602491715756519,0.01488687343618487479712797,0.5377839647421330804277773
-0.005788459760597141831595103,0.01205645203802266016146483,0.5362351070595129387541533
-0.008159527792468184576035739,0.0102292195253759297252083,0.5349505088394458374168039
-0.01146688165657869067082242,0.01219991814010187511363448,0.5373872289838907967407522
-0.01046615027561358102214939,0.007532432938579641454324154,0.5368250978463826594833108
-0.01522211342981007534125304,0.0140263334062177263267257,0.5353294586474168781364824
-0.01752297611669278651347348,0.01336134068875930239195249,0.5352832943291735423585465
-0.01900658604949173949294483,0.01350857728336187293938231,0.5348920771468301804674184
-0.02181555603079869676275138,0.01465752909533611300640921,0.53505899080764385278286
-0.02223872704006300826673481,0.005120016891810247848526583,0.5384615483234783672727986
-0.02469245300102056520086258,0.008070482692157028223323145,0.5363394734836743893424682
-0.02591423147775311422447153,0.009757713781069222644393157,0.5362134568011583946045562
-0.02550061939815048348001447,0.009115649618395499712009133,0.5373466978295879936666779
-0.02744614093524626319275939,0.01289248411803245626672254,0.535767596342693330768725
-0.02606447512528568821732478,0.01196909116560395010264717,0.5378154594921537023921587
-0.02583021627239285439303629,0.02264780239851288401453644,0.5344018657311748743410362
-0.0276408573904958487776895,0.02630872692767050394224704,0.5358694976932288911442015
-0.02619136116455176785389192,0.0186735029398378410414594,0.5350593899701301392468622
-0.02477980919150598107525418,0.02985511302787493062571578,0.5351418991273479974779548
-0.02322897689725555298023707,0.02963662170348082061654971,0.5335626925283886157203028
-0.02201243832254678317594809,0.02962899475389724895935117,0.5368683131080101977872232
-0.01856470483682283456605688,0.03720138846706295271404841,0.5351071242850848896921434
-0.01471543634619860638212963,0.02989690779974125620088721,0.5393425937226439259575272
-0.01354304639660276754487001,0.03610848369502781679551973,0.5359876840195426650481636
-0.01247359463257205133834837,0.04211947793485374541555544,0.5363065925279487666799128
-0.009604733238815842816249457,0.03967093186325743037201619,0.5357615566247920790843295
-0.008705152344941759906538081,0.03273367378776202013535013,0.5369078938454787675027546
-0.005609519336000490762061954,0.03124023356146103658215196,0.5387270128982597494626816
-0.005961322607929019426475925,0.04083561835617312285595659,0.5354811163803619988854621
-0.005154829446885485742801958,0.04086701841183184441552712,0.5358693421683995428139724
-0.002108040686322117888279459,0.02497577640471570353808417,0.5378938064535537799670806
-0.002212970370446983286311093,0.0258233963309746281100665,0.5356906725337133856612581
-2.411720125068183968289511e-05,0.02579224447838474390537478,0.5353835450549998542513208
0.0002483897569950271107946937,0.01968263993290541441494312,0.5368642372569835119477943
0.002010155542983050030309,0.02298724046384268901443981,0.5335681546332229352458398
0.001092016244497242454317143,0.02559687727027981640759435,0.5324230805617070627633325
0.000711289366497738339417678,0.01326982226989921812010387,0.5349558101934211995498458
-0.0005532220060222324325635568,0.01244178143106132623796345,0.5337492793961461368112964
0.0001024843255544378761755578,0.01064348627204294087111869,0.5353619482821561081919981
-0.003335547770279171948121233,0.009554746281988785866490232,0.5351918357613423271601505
-0.004094587936413105269672918,0.007451937922588475725349522,0.5353273746821520795435845
-0.006702028134432149938937151,0.009340199857037736336229372,0.5332954495120002524899405
-0.008561134828592305637262605,0.004692411184329949372373569,0.5343128987273587648942907
-0.007887997160108918201504302,0.002083632217952759331514034,0.5347984023848830759106932
-0.01115716743572572715315072,0.001993154762060766072712115,0.5352051613395615303758746
-0.009834941999180141225522789,0.009898783889489557938357045,0.5318319007843876899954694
-0.0133927900322814881495237,0.002807244419799420458161432,0.5341114473609169799317442
-0.01220532651810743093867551,0.02174172433813993318696411,0.5329927871323599797293014
-0.01659019426390884524580294,0.005622066633878396169077263,0.5338498952495719374056193
-0.01400719714126242611273998,0.009265948700447801736346243,0.5327756457586495519862524
-0.0157691826258672639082814,0.01485924871103883743161944,0.5342440125253943294936221
-0.01813632981440164299025142,0.01582473013792270316590916,0.5335503640006453718314106
-0.02001220658681498315578651,0.01921190428687148676889507,0.5350362162087279882527469
-0.01978838022735314797206918,0.02367648379056816118626294,0.5341448804695071439496701
-0.02310305497837480959155698,0.02719796250817661451004703,0.5337609745085407642051223
-0.02380755601765499607225252,0.01720769521036702789928974,0.5371339332358960882984888
-0.02320143126837065014611561,0.03546229182209111735479823,0.534765667261039800983724
-0.02542658987583297156009898,0.02515820368868285430985487,0.5349960509062230418209083
-0.0239307980349180715595736,0.02576766288661268278215033,0.5370522571489008134548726
-0.02632513381142033426218774,0.02576141199777514517732513,0.5406587627773790094565243
-0.02389037792464667950276258,0.02599633811116289217046926,0.5402241155874630829103467
-0.02695022926966527190839606,0.03031303305628767555401915,0.5404308515862715767141822
-0.02503396035496313273838176,0.02818284674775336021146366,0.5404274392325636444667225
-0.02607536746184220544098054,0.02649220598207183835492984,0.5396070256957008481890625
-0.02291261910726328718257427,0.02678318395676774349434268,0.5412011291973641835539865
-0.02033283674195573986764884,0.02893221902995423214233206,0.5386632315987045505067954
-0.02074831879639116305469315,0.02222927162773763454239884,0.5409212450383348302906938
-0.01849977336107459444103363,0.02390722443364329263815193,0.5424554005274148105186782
-0.01842474361372541113990309,0.02033363104636718571294196,0.5415059880967512118132845
-0.0178800363402233965237631,0.02041258286303191185617756,0.5436738588146298178926941
-0.01550844999101195186008706,0.02658989532100217503818307,0.5404173013982496165397151
-0.01628124725946321002534312,0.02494241705217043955644662,0.5407144542789465990750841
-0.01340124884851427722320949,0.02046901922855085334540526,0.5418565830382573444978789
-0.01223213376962145951254435,0.02134809780459433203869679,0.5421996042506095347945916
-0.01265734473199369748697141,0.02058702039705799513580331,0.5420329642900544309114252
-0.01189248833622851865554626,0.02609385987544590376763232,0.5382915291225964793397907
-0.01175800585224152927654728,0.03089037103714027676648612,0.5397937336579470279929183
-0.01289712977056998652325426,0.03128550583357400660666769,0.5400984986714756352910172
-0.01585348515727078369530467,0.03532853766986249893777838,0.540751558659664399719702
-0.01426681428321881564547091,0.0329133816425938238725557,0.5399194602562492617536805
-0.01587249267461900495423954,0.03393534826800235354449242,0.5412454423251062962663127
-0.01711810915329341556412324,0.02134169831158831340256476,0.5429836296848108423418466
-0.01645022682346421877275233,0.02601748875586466086540227,0.5402731071159144748961012
-0.01888301659191363862655422,0.02051015934345699898155857,0.541583931795613038318038
-0.0190484268571990307539199,0.02271130995130265020631732,0.5429456955084472902228754
-0.01851266395073405957028001,0.02471581260505414934236512,0.5447204004066772409231589
-0.02036492480846002761651903,0.02431067251729859823861091,0.5404222684379234031837314
-0.02171433857746183845871535,0.0326532674362644270704692,0.5401474480843926340156713
-0.02297098709737570298994314,0.02577378793488792341204174,0.5432708041292252376663896
-0.0221074284996743419817733,0.03561863948967694537550699,0.5406579862503785305349879
-0.02316448132102249396480076,0.02171320392685100950092014,0.5435606581122753855339624
-0.02381594691537482558207905,0.02068030608122193095277375,0.5436646110584880675631325
-0.02320347201242389800768251,0.02312401774532360163028066,0.5445038963223595152030043
-0.02333067381601474157837295,0.02328115401197507206010329,0.5445898429606936819169505
-0.02338665170624018227463203,0.02381593739789111471849559,0.5429180502799044738537759
-0.02390335471138433851012728,0.02408891462038598510475573,0.5428709915775726813080837
-0.02408508701381264008323235,0.02675203651206097682502261,0.54362957159751335023401
-0.02277384779467622397119975,0.03632176599420636892157077,0.5431355165865829892624106
-0.02336905364802662962708801,0.02701069465298089680715954,0.544315885872794114064277
-0.02279776235436321851768326,0.02385773930480251242558509,0.5440144755840591317408439
-0.0211977638079472417709237,0.02413958540358488932819903,0.5446184786672263467011135
-0.01783634645417200154104975,0.02745709163434065236408799,0.5465104951469501592953293
-0.01676815920157570180548667,0.03390955322386897397013428,0.5441241721263027075750074
-0.01649324164341998272265144,0.03101625668369142538316474,0.5473875400478556141337094
-0.01439919444547261770384061,0.02991165235801681795968499,0.5464682520773087581744676
-0.01425384277106800899603822,0.03488710523681561731512701,0.5413184788915064160619295
-0.01456198543661967742535168,0.02975425966142760531019107,0.5425396764461041243521322
-0.01316758549832702275550478,0.03045754384208271964284975,0.5426898339268362292386882
-0.0121593829151826378354162,0.03124562749289133342656122,0.5420067694698940119479857
-0.01098081685378916004525163,0.0344624453123945975741016,0.5409160137519803956962505
-0.008939092026866372886484413,0.02982322065888700496349983,0.5436048076471805545750726
-0.007549492985417976045892097,0.03368872062296036223871809,0.5446981429878292590984756
-0.006072465394979183021806346,0.03399480584561000856558266,0.5400995617337031040605666
-0.004848025025971362811372245,0.03088889063486137398495401,0.5446980880458833773616334
-0.005520732413560679174846513,0.03170399849904932676469826,0.5439564757546889728345718
-0.005244142599585291386610209,0.03177212714375769742058964,0.5429744084563725703418413
-0.008531041783825236979321716,0.02882447291366528954736914,0.5414482014345018967560463
-0.008309347327851983322499763,0.03059725576809488312157725,0.5413533066258082726562861
-0.01032086664923706140206683,0.03061489157270580116487757,0.5397002255069813791976685
-0.01019980968272584352651844,0.03459288497130656725442321,0.5377409276850306785178191
-0.01226192500177788156923153,0.03507297020759548439317044,0.5391716284167650252712178
-0.01357795018533089308199191,0.03645236765442901039069312,0.5387086163670253835533686
-0.01094588152980068528064006,0.02674792454904327543285802,0.5419731459524215200218578
-0.0118499293174140329226729,0.02403926127076437546659093,0.5435116398231052414757869
-0.01329374468094459554867726,0.02501836033428601543948666,0.5429566262388654251935804
-0.0135257428465753257867954,0.02313696096247658609557085,0.5424787023713797395885194
-0.01632917952961105909071016,0.02668278792160648851816696,0.5388401740399507700018944
-0.01574866564891199555153989,0.03325908534604553323799081,0.5383004366880072000256519
-0.01615888143826661044188953,0.03445489651908592576567969,0.5379280020415324603533236
-0.01659436550301357851666673,0.03376435376020649886674718,0.5373592054642603033087767
-0.01634321561431606451009202,0.03313147587355813605825006,0.5381921773172141376662125
-0.0182490843275247838217723,0.02810042556099051971885139,0.535907102690392322941193
-0.01559518087770651699475177,0.02371016308133936517643647,0.5381476557271205329868735
-0.01556505279484405104839517,0.02203036293112808560734628,0.5370648834038098673460127
-0.01701868838557959312529633,0.01888882500147629622810896,0.5394735906709965389538297
-0.01754113878191244577098296,0.01553836974275531711275899,0.5378858182971976154007621
-0.01568705041395334828790986,0.02103716378285304736128758,0.5404438308186999551097074
-0.01531593612594965223006049,0.01917363663518365998750248,0.540824688018849975001956
-0.01497527043939589352916641,0.01922539434296814328528846,0.5416343487219895669326775
-0.01712416856106044327212601,0.0160962628921324929498482,0.5381839393716477681905985
-0.01830656731285976168699392,0.0141973205149694275961636,0.5377419311418678571357077
-0.01601437603170902806981601,0.01164729874882557136839267,0.5384253289230833683376432
-0.01568758318261302686646985,0.0151675534754894779376766,0.5390921940322414007695784
-0.01575544966646586636516147,0.01590487613420272713926629,0.5400424597391121350753451
-0.01708501639107895889169164,0.01739741204359442766635979,0.5396724078826815595988364
-0.01609784448336394266365623,0.0245319240461997663260707,0.5352935572431336552767789
-0.01652403499059499139556273,0.02490920730319258480367495,0.5358100681693348521505982
-0.01996926670907758077921912,0.02334456403631871360127015,0.533827418412254450785781
-0.02111473536087920405135421,0.02505172699866317284622674,0.5343560877839017564383539
-0.02223703682566304309919936,0.02245717078856347692639162,0.5349612226861575337011345
-0.01939305366870387389854891,0.02865776988369133498890662,0.5355363523420973992372751
-0.02203907498212453325292515,0.03246227364110497448645987,0.5354356392402114250828049
-0.02124717071407606835964366,0.03336465291917681957878372,0.533907267816276509542206
-0.02224629953143202054643979,0.03861231423284717384492026,0.5351681015146798614523505
-0.02199429354098302036302215,0.04094915332968859789097849,0.5357597363525116174187701
-0.02250798205895606848847557,0.033707069650534042526413,0.5389171291766932103683985
-0.02219986764647277274753456,0.0336581618769226376119974,0.5386766185159832520668033
-0.02124431390040247905059978,0.0333236527891064907014318,0.5383626858619936506045178
-0.0192257512778529829344798,0.04537714004110820348314448,0.535895798459652406009468
-0.01769036661573857721618808,0.04596233808993489822203315,0.5353688227778772290577081
-0.01596261184530172252959979,0.04742548725100870915527551,0.5342779854560711916278137
-0.01584534979924482819835241,0.04695071976403464991678405,0.5341738136087204047441901
-0.01391699335555659708396625,0.04635554476954824310031,0.5340728737765234601653219
-0.01322714807547626519879103,0.04837010498648429412948957,0.5343620746572927959761046
-0.01116073106167534030597199,0.04802993750899890723626839,0.5346965081587967683063312
-0.009896354324151430958966813,0.04862897198111380825391592,0.5347307989778551373660775
-0.008593954072427991558447147,0.0482689200160937928463234,0.5348113958204280260488872
-0.007779453970239135103537098,0.04698767257303063799023235,0.5339522525719990753145794
-0.008083036230650909870210086,0.04407672914980693273934165,0.5335233170248339096275458
-0.006165704341816301975454095,0.04637735669479836619899515,0.534160756639102118903395
-0.007852951404064585985698166,0.04381682552257837315323741,0.5330608847995017551824048
-0.007144660435174628697330146,0.04363247628863155952450015,0.5332284971928547001596144
-0.00775507514828721860461469,0.04007906428368597506750604,0.5337164344020681738811618
-0.011190014091270253371313,0.03315454647011879807383394,0.5346702322685067398921888
-0.009929062846612442261307052,0.03895190976372132907190604,0.5324002728647297955077988
-0.009345609447831519644989129,0.03384869659034276528908336,0.5318894884134868217273606
-0.01040614966379502064064422,0.02914945902986769768472364,0.5341106913185177385017255
-0.01204370466010251834731992,0.03515590510640548282950135,0.5329226750110449550845715
-0.01353531477201537491783512,0.02571160490382195726311032,0.5337453959491705868245504
-0.0133159252078395209245576,0.01971374246423895221225209,0.5329199063721098417190092
-0.01134244788768423543856567,0.02195032226560713825569415,0.5347648889574037056604539
-0.01195673766258534449768991,0.01966832910416038693313112,0.5346289841437122936085302
-0.01248943329808671273695175,0.01762542557171835680418504,0.5347466606487660811808382
-0.01709851636287156029236911,0.01316792995103178466609339,0.5328059083085037173077581
-0.01493050806692292759025875,0.01567230738562161093674341,0.5352663122636219794614476
-0.0169882132753245047862567,0.01605650145916923121625075,0.5343782659388710554182467
-0.01659942082139331462342646,0.01601898245364423434278223,0.5342775583402652461728621
-0.01684165946453641468649742,0.01538843049350009477282963,0.5344895652246201001034365
-0.01739554883354946235307636,0.01527109602363097354271737,0.534398313950072756384202
-0.01718112142949347609377497,0.01570610379436845546741175,0.5344439109606341498093229
-0.01985940332690863327491648,0.03304924016799949681999493,0.5324644417399710949467817
-0.02196226635670741125783145,0.02921114201050865541442469,0.5311950959372350178355759
-0.02104222182266749993639898,0.0248479642926236268807294,0.5308098969411453316169514
-0.01932800330038142791466704,0.02286134153094477802770079,0.532359633949242683215175
-0.01914375389044392639092962,0.02099270258834682809090388,0.53224007221029634440157
-0.02009316260819858993014186,0.02707430470052083967824608,0.5304460727355565508034374
-0.0161001991249398353212019,0.02964204029532927636703121,0.5329740459175331679375631
-0.01809838193368916436920557,0.03028623455108469045282682,0.5311101092060880324297045
-0.01609172601250038678322163,0.02838222480847191891983883,0.5308252905682038225165797
-0.0148204207045042474222285,0.03226228705048608119687614,0.531533342688052856672698
-0.01459913710914215699554486,0.03339583658313676622908517,0.5318870671516560122427109
-0.01147058671520950756672619,0.03070343693356741149314004,0.5313890202071793744664774
-0.01161263492200787818264818,0.02676537437615110828770248,0.5305660041922406477965524
-0.008733578090871147933671459,0.03288470418375484538575648,0.5299223358549915996462687
-0.006983316104629323263497387,0.034983176864070868183898,0.5319280025252156596238251
-0.006234268809055308266375839,0.03532346722007061179393617,0.5318013473370788446459301
-0.005769289242279792943868255,0.0353902435072780269242898,0.5317075531322661419153519
-0.003360353103834911973890609,0.03707916197743266195629985,0.5323219211694426578063144
-0.0027649133605766769428147,0.03564737270171021432663139,0.5319822856313891623614154
-0.003357396185507738849140846,0.03834160357001104718621676,0.5327520331363697625448594
-0.003366453152623946187133042,0.0379491245568133461762983,0.5323104810384051699401198
-0.004628409919580828146834506,0.03362051163077792170774671,0.5322183725137574761276937
-0.00469832402986437077524462,0.03869764539271849240753554,0.5318459217426366736347632
-0.006245462062077335695098323,0.03261878160373667123739239,0.5330396280078624204890048
-0.004630314105061460357160019,0.03322835276173915358688404,0.5344586187564277501849119
-0.006602911715935606308536254,0.03183208524805936773249826,0.5340261578874530012939204
-0.007643063396547733305552708,0.03255143475510667572248025,0.533730652505963520937371
-0.009535674675168928637880583,0.03758022315109231514806964,0.5301141451993383046925601
-0.009758773101770269395305313,0.03142273316447616315905123,0.5322124753764152504942331
-0.0100148695016465567875219,0.03483248632886045553780363,0.5319128183712520385739708
-0.01045701783460350683951923,0.03270476878016691929529358,0.5341596830817421093229314
-0.012204204627961266066416,0.03197257836409415215905838,0.5325852604602764328589615
-0.01079238235559950263853235,0.03460224325516571969307833,0.5325854086821687483066512
-0.01167277165571318879588869,0.03204320519171605097241695,0.5339797472608532880045118
-0.01462917109943534174631985,0.02858178755912905641412003,0.5318071907152851496292101
-0.01334976794611593062245269,0.0356424940108571869368248,0.5339067651650608592461822
-0.01252462100460594550399573,0.02069558749294957145092866,0.5353055060665536935005093
-0.01403029607980893316010462,0.01978338256094409886021168,0.5349384593762395168070611
-0.01395269551365108454121788,0.01773737450975606047554045,0.5359219399426030649991048
-0.01355262478300108854034622,0.0166532242232655600111535,0.536401236161555772241627
-0.01532940928844792050078638,0.01860605464996156060974997,0.5363093801593956655437978
-0.0153701663225526627409856,0.01781605963146977444910846,0.5365295765298369046192306
-0.01581404049376393741721536,0.0213415002835665237879148,0.535025420303885890227491
-0.01553244543365457815131681,0.01279332450016992285546369,0.5334307898168040296127401
-0.01288640403807618690923409,0.01438796593012773260278347,0.536599545922550658083594
-0.01187495957876723295942867,0.01346637426481260557675768,0.5372517187361018908831056
-0.01124445290861074420174504,0.01212386002918292016161672,0.5375230257532382927010417
-0.009842339411766407725190575,0.01300288865198840661252522,0.5373900106493092465598238
-0.007889332260967690801933827,0.01318866258247099187972395,0.5373271202635232501876317
-0.006081982889638298458989674,0.01155673160489555095775671,0.5391892731598647570123717
-0.00861535282676553770819794,0.01377017756720470137432599,0.5365361936933169539898358
-0.002102824517151238165046934,0.0147705126823030781502144,0.5387210316746299243462204
-0.003013272663604500342660053,0.01918049682227680394208669,0.5371805872408692561492671
-0.0007023879939376057859531932,0.01684470430920189526480257,0.536202629445278300401867
-0.0001848796212957214298282932,0.01582577060706566798864436,0.5370276455472170473726123
0.001001431324518304048429296,0.01884357422285031988251625,0.5366509799833545368841214
0.001791888286286106527628315,0.01926429382304631343636458,0.5378796459241155236696841
0.001755438537324690824806273,0.0205005560367783647157669,0.5376064880152743308272534
0.00048021914603725584678659,0.02227701821042953056473124,0.537577849656307393821919
0.0003060815579224244998256255,0.03221069007690466334814516,0.5368645461183160216833699
-0.002085007680104208459964665,0.0357040025877242497842623,0.5378451014307291666582955
-0.003149796770776298101418567,0.03033705849573382906658736,0.5389032895761066699336084
-0.00378198015559360646575815,0.03020295786662091641616712,0.5405031620608258258187107
-0.004572205860831781050468425,0.03253700443054008406562616,0.5409507990699091717345937
-0.006591949776009451734959388,0.03470643726430679143479807,0.5407091173813944884329885
-0.00691282276092978955478463,0.03632498826340792297262539,0.5426605194276118426799371
-0.00945421506788193116710417,0.03477221075076586398466816,0.5409104475230838149357737
-0.009300689235254191999935358,0.03743790829328966923705835,0.5430791723612604648963043
-0.0100901186088676059898761,0.03618479455650393250554231,0.5432761745270231479310041
-0.01167870490117475443248019,0.03522928951771085032129704,0.5419061754915995843262522
-0.01290209317960151758075682,0.03704509944586922842724164,0.5444814488053093537445193
-0.01220334550732302125730655,0.0382074051364745884140639,0.5419670747100062691004041
-0.0110165476106259090094408,0.03111045016588880052221811,0.5443066845366608674794406
-0.0119096447395694807896982,0.02837437094331042575223734,0.5440246390332513781729062
-0.01194002049288029297657854,0.0277579318111456641027246,0.5437179442263665452017563
-0.01152125877447698204525395,0.02450757092496730002451066,0.5437693322206881285652003
-0.01280368618601573742210586,0.02109853825069950630788362,0.5432333831632538689859757
-0.01327055682127263082359381,0.02128566199104712716727583,0.5419749907455065907058156
-0.01423360518240252003963064,0.01735316703654941200563044,0.5404250211491382627215785
-0.01082718358428260731207704,0.01509935960861355508377812,0.5437316293643302822502505
-0.01085642555139102773120729,0.01338751055059977934647009,0.5429856084261364124188276
-0.01119154515834269551788349,0.009620641673258812504032633,0.5430729873599045021137499
-0.01149955099013616477421351,0.00957569869574246244903204,0.5434255128505040000064241
-0.0121296183378118115070432,0.008582841470194240221514015,0.5428813457068164538554811
-0.01242793146758187743106117,0.005655493674282029668842764,0.543548401910837530870424
-0.01435249858404940778711101,0.00757188030155175970797865,0.5407714832587530162655298
-0.01304821597426815069087347,0.01150978129791730211750611,0.5401298869604816976774941
-0.01316612607023806211237194,0.01253509682657504703540141,0.5430119589226802823134221
-0.01411436453870484018791043,0.0108982164209489081757587,0.5427866493629022182076937
-0.01343369213584726107324485,0.01368218070651821931249525,0.5431678928923378002480149
-0.01416176548909642979312551,0.0159993945063710459042472,0.5431701230893992704551465
-0.01416085046719618364963189,0.01777184436713781165440018,0.5417198866385752875629578
-0.01633879688788679104827217,0.03082901940415138167250753,0.5391263607373141253376048
-0.01507708150558472598445903,0.03360029916895332369186633,0.5381296476266820283385073
-0.01554340145050038188290209,0.03254517981219252203972658,0.5395704503081985015100486
-0.01325488606406473833521087,0.03019683037879345929854757,0.5432303774836088061661599
-0.01457756389804402627485835,0.03667154202434918380815176,0.5379632951685464625768418
-0.01379828196099702752874805,0.03320629402555393822060736,0.544396828654421516269224
-0.0134799300038310702204436,0.03492741051514397510047161,0.544769200772772355101381
-0.01504864900329820447122398,0.04644104752879649883334778,0.54048259400956932818616
-0.01493994041455603757895254,0.0398753073292995863230459,0.5426803216090971826446321
-0.01190912621331152894399441,0.04062362227164718203598071,0.5444959387021052199528981
-0.01299500638701686118514633,0.04290577533857616726598039,0.5433435020672453541479285
-0.01047117692203426188302107,0.04312661204891621302692784,0.5421286437612720110479358
-0.007591168707575856981761842,0.04382936994169372296736853,0.5447055820814756810221979
-0.007918830536349433582565815,0.04304025075934360400342626,0.5435485200441266817605879
-0.008320177317463680125020353,0.04294273487142485912215761,0.5438269383312505089733691
-0.004736629955844170319911868,0.0419697595727940506171727,0.5445551761083554653808392
-0.004267056773007631836902576,0.04024340168674607476351213,0.544229413491665647839568
-0.00210867624110051875632732,0.03925226424039553185796336,0.5438797819062991534266871
-0.001605666581513925939006526,0.03779410139046029265541549,0.5435394724867281812663578
-0.0009009110908704600359855896,0.0357593239631246173626522,0.5424702372036404041111268
0.001826210515591154392306406,0.03466382082716445295345054,0.5424856646313022112693147
0.003034251028847371502161767,0.03392953464804476099159203,0.5429896039601701529520028
0.003531546774434121422486799,0.03265017960671080105017339,0.5432991386574291814426374
0.00341367958368385404632761,0.0281047449959917657047459,0.5439695635884284063976679
0.003299264194242942146301223,0.02688400582044223052768928,0.5429000441552961353508522
0.003322298576672503590823116,0.02301751430172536971863195,0.5432002662506860701796541
0.002977498050610663960641178,0.02213669945246190054466418,0.5434602087679374360362772
0.004112163458003293553533197,0.02176703069416227945276354,0.5436339565690905262229649
0.003601910179369174729024916,0.01892614318422763952654009,0.5435495107346441923112934
0.00316119234269374854706669,0.01621363210153529618717805,0.5433789397936311660330944
0.004355864604739599632576841,0.01526976433267855474962271,0.5451890686059757129555692
0.0007386432877833931263597544,0.01045780925246794779148729,0.5430871044032042904703417
0.002255346616732605176391946,0.009938192078927958125755815,0.5427654969115558447612102
0.002003682965066374589702125,0.01887881354771640471379435,0.5410911991514516516943445
0.0003931261104625701787405878,0.01492453057846787611850914,0.5396436887601275822490265
-0.0003055929932863259493314168,0.01316155674197934909164243,0.5417747018836366335037269
0.0001481500174551799841465849,0.01485029694891127835520983,0.5410467510819498837548736
-2.292293987922421795856535e-05,0.01302451234822430900517354,0.5407590140288324187523017
-0.000613280454747590613590047,0.0001201094184167372910711918,0.5418829180283697422026989
-0.0002769682980456568887825397,-0.0004924880438230904659141496,0.5432401229303286394056727
-0.003584311810402994891849859,0.01158491221171506317666466,0.5410772610816504402109217
-0.004905459265955865871822184,0.0004029266673738353507668031,0.5417522314724539933550318
-0.005516858088206811998321921,0.01230416293129281239682182,0.5489627618783191609352912
-0.006427984362134684520606598,0.003162288836892649442761316,0.5450749006236981220041571
-0.005833761041799861123136051,0.009587209682174026650902654,0.545504606867345254173074
-0.006443027247409718188952965,0.01173684173812808081982517,0.5447053893539341995477798
-0.009412579953775842070418101,0.01635966608735585706146942,0.5415696232034871160365697
-0.009311493932387679764439703,0.01159513553197011673234762,0.5441802633269773314950157
-0.009696545142586021973074573,0.01700936420235201612660703,0.5425791671796259540982987
-0.009353464584417945162919672,0.02538638150354104172645719,0.5443941570669807994420353
-0.009569220505949117480670729,0.0175084605595625525387149,0.5475987600398666277357052
-0.0125994416937309158810443,0.01678024803463085828925117,0.5458846168497801798480396
-0.01376792263586315567813756,0.01993591121771297325349082,0.5452392387215033719982671
-0.01397196789836443672760957,0.0231922438350918268257228,0.5446022286875252804705383
-0.01268460350259884537871269,0.02357867505467283256170852,0.5452248500149465826325468
-0.01404415080970534274174,0.02532390574535491045704561,0.5446669199109347436760231
-0.01200967579661086498399314,0.0275930852508143864554313,0.5449199305571076346055293
-0.01124583603219166290376752,0.03752722109494609215030181,0.5412615855956068866561282
-0.009959437183471264026790593,0.04444205897479383549075749,0.5429125280711937229227715
-0.008891798775244255312322217,0.0316155571251670805543732,0.5458422877015871588213258
-0.008046255061550858581065349,0.04303361150935169215925313,0.5435071064048822009340256
-0.004629531791920661089323463,0.03511532465854968337870545,0.5484048833336866435317347
-0.005020803931428500198330678,0.03291522871489846457926376,0.5462800757010281005321417
-0.004355398022474049439523025,0.03615456249574804103996684,0.5455318044539938515669064
-0.002493016913076412897909417,0.0356763543768272850531531,0.5465487295434207082323042
-0.0009297350332642600545876577,0.03688414683602754540192592,0.5464841246066641788914353
0.0009771202188472191511869891,0.03748610812256732149894134,0.5474453568109833856425439
-0.0004885900143237096541343201,0.03569837787819649804754718,0.5467581392405304052672932
0.0009779528787785458400494409,0.03500917882469323227923041,0.5471316572756700358226567
0.001676063940505319229540282,0.03351797850848688142821885,0.5474519395047409142662787
0.00116611633124547226826595,0.03360665815119099480989817,0.5464680402450957652504826
0.001444974600316780138226092,0.03310652813217205420182054,0.547413860500416848964278
0.001183761211354310326562822,0.03038772697798296576476851,0.5461375767552861804077224
0.002272268534608092201143581,0.03129563250148571784681195,0.54821962693311976355659
0.000570683528898481215452243,0.03066012845055134106164729,0.546817298001519458416908
0.001047947529821423306994888,0.03149538850091054137392277,0.5447795929447761809072404
-0.000623597106200241566367759,0.03102889651345107704938364,0.5438650487042439030105356
-0.002059338058623787649087378,0.03164605985334992960256173,0.5443866216866102281102258
-0.001175012983341406367157611,0.02490914314990985700681847,0.5452299804812247296936789
-0.002989278377533231400436931,0.02004377943908769790781754,0.5471807119262060981057516
-0.003262959848844382542559783,0.01764173336370841380094099,0.546399341504549052039863
-0.003404301010985301845918061,0.01571643564667878772977971,0.5462485474873373103577023
-0.00372340111863045776854908,0.01657898957830284195069659,0.5461879816554618960466883
-0.004805341833346932559067888,0.01549959198399762649867029,0.5441940520416016502380785
-0.00356067334715216669838167,0.0202482874939561505178709,0.5440453701102574424197655
-0.006269529250775919375360257,0.01398125709898835958289176,0.54623196844945631767132
-0.006058408423646818516394852,0.01165523353081522779650658,0.5486643763361020997848527
-0.006382885833744416856361248,0.02015634916103527241038051,0.5455271677532920193698374
-0.006019266641120553026911288,0.02495235474378378406901113,0.5472559713741185216662188
-0.00659670168634751523384363,0.02716777288017202529601946,0.5501048329547665316496818
-0.005602180845403157208317602,0.0191361783318720370117294,0.5531248278322767886194811
-0.002515887984482223678484036,0.01593146207471572359248846,0.5499814154102914409705249
-0.002444623301597319536132558,0.01532661568625550384259437,0.5503598679105072832840051
-0.002031644538497863472503724,0.01574851602015114176991162,0.5501048330614770609514608
-0.001450687327565584449490244,0.01673671892436867647546705,0.5497882743426519835949762
-0.001746866512616328855761472,0.01655702074001906207167956,0.5489758292210997758786561
-0.002447912049388420007572931,0.01609117628615663181390616,0.5487220874782909874056713
-0.002018616421824290328018714,0.01782376064045903055199638,0.5491660041021054761145592
-0.0004251067558898113203300073,0.02515987545950901238533959,0.5477502404342746711307655
-0.0002362152905381536898647005,0.02858150875640505517161216,0.5487294794408587028655688
0.001038788913106155047810786,0.02118545783942458321513769,0.5495551859578651221482914
0.0003069711019355603740833838,0.03682758814986282491776848,0.5508958480187031714336854
0.001799641014353361425856526,0.02655764368929791618967329,0.5503696962293196381921234
0.001571259630839916526107158,0.030211844024137051584189,0.5502796861303457243153048
0.0007786426846932002114945459,0.03020173367651414475520966,0.5525987934998014550203038
0.001263891985670979141095915,0.03165392734025852111701127,0.5531873446798020177439525
0.001949897704336786292272921,0.03389226944088258308696027,0.5542171964719697641044149
0.0009118667246595986040566539,0.03447312349477102411121621,0.5543404227238393211507628
0.002127096554808646268475147,0.04183013497604685243524969,0.5531643265412329313335249
0.00134440639817872071085092,0.0376186262468180612761337,0.5544982854370140712418902
0.0004247929633414184715997641,0.03662956033651896398106729,0.5537010588258076682066644
-0.001331093892430715470986957,0.04947718218592520728060791,0.5577249815558140699778278
0.0007985828678079584606180896,0.04484249324499100380903016,0.5557281045583517542496566
-0.001135473280538336609407635,0.046806528280392507845864,0.5563989075249320404026321
-0.0006173400011516312754430991,0.03338518401984520711511806,0.5555972492299348086675082
-0.002002943066003814477638034,0.03964990743047284993405555,0.5564499710088404160757136
-0.000564030117996425542879757,0.03395344799662010359941888,0.5582393986077867076289749
-0.003246270624698014556352987,0.02908392197171150855838917,0.5562359117971181765582855
-0.003045291461065103514466168,0.02735945663101426936214544,0.5565592860520935936108344
-0.001790454403441447918041152,0.02460282627419831114057303,0.5585764783396450772201547
-0.003092803917289744901342186,0.0211601889534924515745562,0.5571531764243760065369315
-0.003338638131489296122927923,0.01727359031762741234383718,0.5557901177298223416300971
-0.003453659285050798919552983,0.01706781048682399701266199,0.5567469344786651896939134
-0.002587362956978348730446848,0.02091898093029257929553744,0.5621309635709892393862219
-0.003058028545689205155572177,0.02110437093820356074802547,0.5562900712554345039606574
-0.004041076674176845642816325,0.02192412866056466305697548,0.5583573242923263180159665
-0.002367240851055439718880757,0.01024300370303729730558917,0.5575045312451886170279636
-0.0005928977367769214809958833,0.00839528632931614907097817,0.55864454743283420423694
-0.001932555784197696659848509,0.008431377544848074959138451,0.5570699620980420485594209
-0.001506679534050194609745565,0.008748047139644854822138065,0.5620565357524972549541076
-0.001048452664793511320343034,0.01024441794673952403627037,0.5609555943211360640177077
0.002034988412053684303515411,0.008480977969447451789153369,0.5646016515822194214990759
0.001927421749885249724343339,0.007314045637023876278437484,0.562285898599587885549056
0.001591356541230708838627339,0.01045444788757755698316299,0.5621660566977940698407679
0.001950517767752662362523708,0.01440782721580720522613905,0.5588099815255611613196152
0.0027298959531193772373725,0.0159212579256039349351326,0.5599879135399615792678674
0.003962154150776543877487956,0.01637209627037327849818915,0.558867006056507187317095
0.006505888036291626423668344,0.01836731531142913112497617,0.5648839304884530898576145
0.005723348543305720355356403,0.02142975719302690068568396,0.5645469467094518245531276
0.008352682146709124177963446,0.0212067668647501345047246,0.5652390768080793881367185
0.006531953613232989626358194,0.0245053218136666549342717,0.5632337113481099555301057
0.007595277740255051805717823,0.0250939399299155360689717,0.5642423246600573039088999
0.008151136539351740151193582,0.02506813649779813385487515,0.5642431012984661098386141
0.007160519330233702101073945,0.03045017670587861838282784,0.5631580421947592896003698
0.008508988126342428154336162,0.02769110808490458583430716,0.5647799195459979326727762
0.007626223482423061250656815,0.03562043572658731005464716,0.5641970080361087269693599
0.009754048163918220548662674,0.03122332137235042659462181,0.5666306124752907846797711
0.007015135016721013930252049,0.0355708770428056486601065,0.5648416094830037703644621
0.005801594829802709379906744,0.03053267978740462768039166,0.5666237109731238064114223
0.005192032813976959690349666,0.02994033012190051509793243,0.5662917803281654061109407
0.004575139777453654174599329,0.03157005423164691015891492,0.5677849851064717956461436
0.002960258374380145707932543,0.03137770980783793212109956,0.5684102562131959635038925
0.001107634416895824204865595,0.03207187308778188666869013,0.5674750589505298536963096
0.001647551540511184992032767,0.02964047343569967130072484,0.5688501661157452371497811
0.0001757712149996051636743899,0.0280480142554331186854899,0.5693352494738146418740143
-0.001088023403416003322130567,0.02780242615823369511929286,0.5677447228934765499630544
-0.0006209339207087161355627658,0.02581023445542301661403961,0.5693823560664164062927739
-0.003005537664177227070994025,0.02545300004334160801078291,0.5691649701178616016505885
-0.003240232638116967260610846,0.02283881447284934543273671,0.5698746972481329997606281
-0.005866897345136784860941681,0.02379305754736456279818668,0.5692551811125567962079685
-0.007196469850820751135156428,0.0225399801707851406284977,0.569542999800947469246637
-0.005696897861004642828197664,0.02242547206690556627073363,0.5718753182905816911940633
-0.008430220762255002595053632,0.02188700475436167192100356,0.5704279745900862064189596
-0.009159840831676920730464175,0.03048093254868798618328896,0.5696399319568071772934559
-0.007979645426951792117065132,0.02779714841583275086733806,0.5690264296441839286799791
-0.00939693417441253391053646,0.03231037241013872546302466,0.5694954642900436070362957
-0.01012459976509784247145074,0.03288187275987924929054884,0.5708469825779088901995806
-0.009414580501542889334753994,0.03024754324523951792835774,0.5701204522314093914303612
-0.01020507457964203029687766,0.0338280224699425494105931,0.5698010849766443897124191
-0.008194428929881430664905473,0.03020376106193676038480511,0.5702789378542618692335964
-0.008045175862136965880266892,0.02272553280519062218756332,0.5721215716679048934878438
-0.007894633126830398472950634,0.02183084079471792407489694,0.5715965437323786701995232
-0.005080868425357463330493957,0.02523592074444409166789072,0.5732938812669263750620985
-0.009003268327708631099670633,0.02474177959958215322622266,0.5707992044374708973109023
-0.003482331729169211090302305,0.02408649298110785222371,0.5725799674812160899861624
-0.003556052700759443612604782,0.03055806343277408035352671,0.5702180677766458538613392
-0.00384263518604826236069183,0.0237241105840531006643257,0.5718693940609651527040569
-0.002568389867005811243866331,0.02269406691255392363726351,0.5731030696571248750359473
-0.001339035911375808076198557,0.02368455599251027832163885,0.5729660988558505918533115
-0.0002054712989650563364097541,0.02244921866634107948668131,0.5738276891460850626103252
0.002098533195825594971362094,0.02150125058923862964022078,0.5760257491223931269885838
-0.00156439470403070567984527,0.02305898502930247423448051,0.5735123445227996441531104
0.002008264727580860199707136,0.02072759018364904795572734,0.574762460184311207989083
0.005230660778464692704792238,0.02334507514047440279725265,0.5740498154655214735342383
0.005886983650558294013654947,0.02350398310007438540392144,0.5733602650492313212993167
0.004531385179060743416401547,0.02662964869648119098366479,0.5722659243639239834422483
0.003783013809857678749065668,0.03238562762234565434171785,0.5732027279791692686572446
0.00366690425975218147955359,0.02226022147209274354429098,0.5729523256694489807827608
0.003886182757657226198577671,0.0234176177597032221522344,0.573947167963873794427343
0.004487233761058284295386578,0.02438166113566806597612313,0.5751187013177796458762714
0.003441820700496988488792383,0.02185362784594463425591471,0.5743475387470631243758135
0.002977286946942466275278782,0.02323728102504209885870168,0.5743615874090726158840425
0.003091030668151022609696499,0.02334230446351046733832746,0.5742949164868504929870596
0.00294441624897404368582654,0.02919333615693571470917078,0.5733296867903617810569017
0.001376328689743779466053697,0.03016547342745173540534687,0.5735458809889654174796192
0.001374255996401364202791351,0.02144452512495692228511324,0.574314326560845134217459
-0.0003706744989181797009410169,0.02197083707851105877084663,0.5730705240278802792275314
-0.0008053193135452900788817665,0.02263722499957861178376817,0.5754676167806108688651534
0.0001622691497768555647998601,0.01974918086695614388714759,0.5748699739352983728579716
0.0001528749649409612276773629,0.01873666443673691756055533,0.5748758721010602812384604
-0.0005056094925438302288903114,0.01867046698753305200568775,0.5743629000994804334467858
-0.001361818529910533088003732,0.02594382144201658885185324,0.5732032487729369352180697
-0.001515911614428257399300737,0.01695474091598650132062254,0.5729406244321896268800742
-0.002212699316347600721893718,0.02345734707377357050606115,0.5742901061232064119366214
-0.002237573963458216064897899,0.02225931581490597083172744,0.5751003626187598527508271
-0.002904267961167876499484208,0.01297139836071371267467445,0.5763369986378262810333695
-0.003769311420766305927715356,0.0113797362635251683715687,0.5748422848041034871613419
-0.003935678211833298044408647,0.01929593242944622685786094,0.5758269326763930662238522
-0.003364273643726650633162256,0.01004985828409246488568396,0.5772739548892505956345644
-0.005850938045307178987652907,0.008242715289108297482822962,0.574422396658208378461552
-0.004235521761193032121151081,0.00960043306766291196230334,0.5770278097025752783721941
-0.004435582612606000195432099,0.006314030974685819024017075,0.5765278638786797138493512
-0.00358822829166776909384784,0.005671176165986856199108246,0.5769047971501719551667975
-0.003322740042150617439942195,0.004959046178759171467909095,0.5760830362001130300342311
-0.00228416107025110207487395,0.006951408210837190654318718,0.5772954536814143278178335
-0.003942614042066421194132619,0.006759437997950971943605936,0.5752216212932992345230332
-0.003848209054106402956380029,0.006100575214162321999178396,0.5755436382769548719906538
-0.003169325308447890673230196,0.01227442195911919442519178,0.5743566026799549195658301
-0.004860822210002142297613492,0.01063659712599861195680973,0.5780386577065976805300807
-0.003284256810279784395689706,0.01432448774755916941214817,0.5737156791644980602384862
-0.001886367487207479560346046,0.01550331845178540106366949,0.5748410502407125255430742
-0.001512411411583539999972658,0.01769577706958721033392301,0.5747605410855397556346702
-0.001807263672061322967374308,0.02018649297285942875723741,0.5750972697833274249745728
0.0006574727789850417104117186,0.009434708330409836626873066,0.5769806926033120841879054
-0.0009645324082154251542353673,0.008681136800900341593534293,0.5751318958796715063996885
-0.001119589778351193004243824,0.0106887574720807530803679,0.5746036823409802485329578
-0.0007862178929898995527469907,0.01029206847563496861341914,0.5752428121575381414487538
0.0001806696210941957691023529,0.01218952238835120313598104,0.5739718904918662545355801
0.0005813105768108941086638741,0.01221863373255722279298041,0.5758479873681164873389093
-0.0008250061296183723320157855,0.01052796681251361686493251,0.5748861867739559761147916
-0.001639453758386295737295435,0.01981733922554340318611388,0.5735799122102063218875401
-0.0026249078520528381155974,0.01607469584109869065180476,0.5743377394581652417571149
-0.002229264713793729316831937,0.01557830454035791060973803,0.5747891012033685687043771
-0.0008965026845958813704953738,0.01737651221553665470409555,0.577749743307055418917173
-0.001405086868869922459707178,0.01765040147117309318747225,0.5766177935332417181513165
-0.002601100331473442297397503,0.01647081247211633001081843,0.5759980629473645530325143
-0.001793681819839882058201241,0.01637127960755651798208099,0.576767161206625300629014
-0.003113981407317696972758547,0.01416539754755004147657171,0.5749654556155635587444408
4.348888678861817860821226e-05,0.01587812854967824913177132,0.5766627767166648821373087
-0.002466718114888831209913223,0.01580141780379708954518136,0.5753987221288088260706672
-0.003338918325854570937766264,0.02418577928613980729255495,0.5761116926576757002465001
-0.002541652919265753943212083,0.02066661914810147618326575,0.5747142746137781088577867
-0.003900699600258964588883615,0.02540126757406145630024952,0.5759464756382147720970011
-0.003320344089453675616441242,0.0165820701502767085810941,0.5743311588205668449802488
-0.004931263083035019798017196,0.02509550259158787807733937,0.5754591417242678197396799
-0.005761902732887596266520003,0.02377036715036625127983605,0.5749705306524480752372597
-0.004005434979823183083702531,0.01217950529990074505504172,0.5748689039925832799937666
-0.004447092154810726449820635,0.02297517053790035235216749,0.5747081749213294177280886
-0.004059833008610377706737449,0.01161026292700444509375934,0.5756306918832264640784047
-0.003957832028249758972437977,0.01751097562562326653834432,0.5759013452960904944077924
-0.004797320850708334388778908,0.01132017170216211877920021,0.5753442483303595755828042
-0.005600191833588496863327588,0.01121088491227834570140853,0.5752150521392572768419882
-0.004233989413381492733501332,0.01505119012956337987141353,0.5758882276995768156879763
-0.004872691350536980693652911,0.01066209514133007948966103,0.5757713807611775091999107
-0.003360863946911596834149494,0.01410195480810927035064672,0.5770045246172863517841733
-0.004396530373300237999611983,0.007951292546855540446792965,0.5780047580712744936803915
-0.003234953391413766896761439,0.007033747815811338538471986,0.5764035299383760690972167
-0.003330064210338218397972065,0.007778536041130972716883818,0.5760695117778847906819806
-0.004332836862215192104408334,0.007413653567529637951338817,0.5769529092112867241226581
-0.003035558319808443882709126,0.01034007692352469434671214,0.5793915823722851632382458
-0.003120974597820097128780814,0.0116829827797144854273359,0.5774293346083719802308565
-0.004742991914011211555812775,0.01554954794528644497486614,0.5756620880133770379316616
-0.00456928725852759516634638,0.01281311894454124043762899,0.5774269431982560485394629
-0.004823254421576944270255716,0.01441949645456459469516908,0.5753448871975859191252312
-0.003600256225297236625099151,0.01724380296229343842440151,0.5764797952022132632166063
-0.002796567016482866523813255,0.01928374503781202231600389,0.5766574849373908850935777
-0.003683195297431324146536502,0.01281859344573595821392686,0.5773799417523169941190986
-0.001106978661776438768379882,0.0140711144035600681928555,0.579828363815744429743404
-0.002518237463992272547746998,0.01343480693641473273924891,0.5784143466237990915956857
-0.002250558031325415511009203,0.01376797564267491849610003,0.5782850926214428977090165
-0.001262180434250469249907178,0.01927378636994641486479551,0.5772182220335714264436433
-0.002645655899603437111178295,0.02450520984580613695347218,0.578079800320770553767602
-0.002919389697831202643701909,0.01409562958114276946808285,0.5790889576468116750618265
-0.001658870339958799615398544,0.01987515298319562917495062,0.5772124325323990667868657
-0.003129398422777030647212726,0.02739696163502450612647898,0.5777215151207432120017415
-0.003945920061911958529043964,0.0293182943891121920720888,0.5774103457423123142433496
-0.002829136233866289505678449,0.01520305807524247043716059,0.5785876625912109716409759
0.000153679793398888624254145,0.01680152331163808215874766,0.5791076943302024826465413
-0.0007942918792622759727867221,0.01377738720034855923746164,0.5796560611705906529422805
-0.001615345989495903635327356,0.01402836861307213585370324,0.5789415106588643444851527
-0.00139007957984511854553078,0.01489876477639258747776019,0.579098176578684120663354
-0.00209437817764711190285376,0.01344492726976525068249835,0.5797507698563550970760616
-0.002572536247925146825343834,0.0254316723137415628963609,0.5765639151559778241562526
-0.002547787652049433252537947,0.01468735004660373134888207,0.5774801067979556945530817
-0.002136168782474443667007691,0.02185684434831667785625875,0.5777520213043881858183681
-0.002802108803808728114403959,0.02349186542796717278025476,0.5779380791356001356717798
-0.002416248641177816749991969,0.02244797077727270911973179,0.5775631498553466247614097
-0.003364370127269687184290436,0.0227343394127877025667761,0.5770881067013774456953001
-0.003240745363999064567600561,0.01605763392274811574012006,0.5833197501934904716236474
-0.003207881149535867729843952,0.01981001025076387089818297,0.5772315215838168533935004
-0.004671952759389319705107813,0.01754769339127380117782096,0.5770222776680623555378702
-0.004524377541455568314809899,0.009233577615299953106342556,0.5776650524401211184155613
-0.004297412452975853461301092,0.007189414401620877054233105,0.5780946376020968946463086
-0.004409669847544923741711198,0.006755637459084936832787172,0.5769391350664482276400236
-0.003146185721185551075612663,0.01352860799578461253878103,0.5755668041089770925466951
-0.005552585278294960499656518,0.01501944848722297151666361,0.5776763432591124347581513
-0.004509428124615264509011947,0.01234261890615724610587023,0.5768776260908852204778441
-0.006681198076184966493096251,0.01754533571129390095988398,0.5772430285845746578132776
-0.007685849177578852470249515,0.01679700860701627274096381,0.576823832551465631723886
-0.00887686746514341172564766,0.01619516717447260986673108,0.5769835222116231898681349
-0.009109757170547849725039669,0.01640772994969726117364672,0.5766744439588460391377112
-0.006630774800025295880046006,0.01036142487429802562515224,0.5757699577215628083948218
-0.008724789793759497522063207,0.01753345662910185676075514,0.5755600881791705925039082
-0.009541584360728506616911027,0.0178686197375123936859076,0.5754151910241535050616335
-0.007854036324763162546513939,0.01591872672439601996141612,0.5741283105042205292534163
-0.01106949492488779052123959,0.02192731579573141409422732,0.5739878726101851347252136
-0.01013280038018280967970774,0.0199013000300612523385535,0.5730617621407038120295852
-0.009893106740665250087296556,0.01590161902296015686286701,0.5728546992225297396217343
-0.01076650566351639200235457,0.01795634824863245534998235,0.5730058572963673269029528
-0.01581395914271445379828407,0.01487118691358256181156428,0.5700502928055126705686462
-0.01410664478683130301783777,0.02199204594344373459025022,0.5731029489500074625141224
-0.01508265659673245842609113,0.02291946058880350856057362,0.571938136657684337293972
-0.01384431384307673040812148,0.02133411656771623879369493,0.5715892157071765788955986
-0.01696229690658094049759974,0.02094275556486190417726512,0.5709569026254445178736319
-0.0168466638544745236916178,0.01271564974956807154982119,0.57038059121447715060782
-0.01627976918567125216852354,0.01706889669201556297695177,0.5703794752102425702489086
-0.0178827587829648269879268,0.01437663172471556963238903,0.5701359863065028621420538
-0.01653404095069495316483454,0.01542034755962747548385661,0.5747168756660117061585424
-0.01871373713122122944829684,0.01281409666864826227272722,0.5702092504239342218852471
-0.01944547558989447727517685,0.02211507567475078442353897,0.5687233133779800997587017
-0.01855799676370235157252253,0.01654540725716712942783282,0.5785306040316907649767586
-0.01775793038993267111691488,0.024617477546874329263904,0.5712367487907376029099282
-0.01618190109434208129313149,0.0238983430612444321117227,0.5714914913396270668144439
-0.01602142797014357092355574,0.02288782944219940052033024,0.5733449636169203333935229
-0.01463875180305174682204861,0.0218000639572193885551421,0.570268075567176957463289
-0.01284759739082037832691441,0.01710481272309411632237541,0.5698918527230953934292756
-0.01221387595256596264592375,0.007959329622476331994596066,0.5734485698706488498999079
-0.01095956989245247016617757,0.01702099061059819673502602,0.5707652811049561680789566
-0.00965670297986118836286451,0.01938803391262666070415932,0.5700891736783091356954856
-0.008083484392444991589732339,0.02045603797015073041509758,0.5701350722087630273904324
-0.005669408768240452069220314,0.01907975978332079880495087,0.5710874512445476280930734
-0.004306346250030032227207322,0.01877909641834141565852612,0.5713731023585438828504834
-0.002858448896668154201594625,0.01416571949427595719650519,0.5713790132983725955639898
-0.003319630464124037443063298,0.01718568612582032154034728,0.5717714260375713619666271
-0.004383294254241634074764633,0.01892208077021145448681771,0.5710148291308497769946939
-0.00382240824771925159081265,0.01849537586563067617650979,0.5698785079802637376644725
-0.001328181062796831863465075,0.009663667073622955738798623,0.5713189106205507350466632
-0.003350445565619310575589118,0.01987723751859313964240883,0.5689226618641094468387109
-0.004097322684667112531464728,0.008030387853977695791773961,0.570184437026130752634856
-0.005813709649558597251928216,0.01034637395370018725371253,0.5685494187412161171124581
-0.006472554573965318136519187,0.01899513109096926527508131,0.5697618344954452629380626
-0.006634813150908897179391932,0.005765939602689830641157887,0.5710774219596302936352572
-0.008404464600723077563615426,0.01669258847117847943675173,0.5697569379378201182007047
-0.007905639928298105814641339,0.011734088575533358975167,0.5686283737527145776269322
-0.00992656945144930989710641,0.01413278580928788337456314,0.569476405320878287241726
-0.01127333327613189856153397,0.01417069916529711121055968,0.5700972440381452122082351
-0.01197272359687705581277051,0.001359473912650792110784481,0.5692196667022737521790532
-0.01349075355089131462993368,0.003283019239281343738812158,0.5697545319473168445867373
-0.01473307132667467378439596,0.009435127474152767146353682,0.569893033149134198289687
-0.0179144990286513351718245,0.01469042215987417104861024,0.5695580892573474107720699
-0.01963145613144963441687452,0.01028079113940712045749404,0.567987233271266767076213
-0.02332756952653826376664625,0.002438175402285499941690272,0.5729696794120642255876419
-0.01838629006541986007916556,0.004597565447856438204665697,0.5726313715207872467871653
-0.0201971196784414830371901,0.003348218453840871161597548,0.5708720603211120403486234
-0.0193944916885366303027638,0.006656492079331712170831015,0.5705260301666792432939701
-0.01934049533053240621516267,0.01266847765569224966430983,0.5707428656075123063473598
-0.01835338752778177887070576,0.01340581357472769331862228,0.5700537034572251693376188
-0.01891176415591569112684134,0.007586527645505056552388545,0.569776523200476781028101
-0.01792738190244117998939366,0.007660543606279240046175172,0.5708042280744504148870533
-0.01913523000828550035823383,0.0107774573946408588898116,0.5696956023686730041788451
-0.01466336023440810085172181,0.01549161509104051565044458,0.5688070886683810334361056
-0.0149903330215215256637773,0.01293253930935899485843432,0.5689037685181947967549831
-0.01347052636833712818686948,0.02455909253890141766274446,0.5706116149334264919801285
-0.01072136605760240848916887,0.02197838889477921747728217,0.5694763114899331624130241
-0.014568061980785322953591,0.01826349456352716754681254,0.5713988379359999925100055
-0.008724371680988459928918211,0.02573245364605600271623587,0.5693988564269164553977021
-0.008922530806560699870311204,0.02595411320670889046557939,0.5698016203259174128348263
-0.009049574386745628043482448,0.01786774856777220699122211,0.5702341985653439637715678
-0.007962748496410893689345656,0.02248250932632893384077732,0.5706309028118660142681051
-0.007861010280895773527642945,0.02133321773624086842291447,0.5712118813974462749882832
-0.007325219388468614048481875,0.02633711132310793262556459,0.5695061556950471448601547
-0.005698938868823487727266475,0.03353079484859704251231705,0.571082185590443880407463
-0.005896149898229321485720877,0.0282779855870342045065513,0.5707826637303224925901191
-0.006305905605773379912770693,0.03252978917037901984699033,0.5700854603199851933226228
-0.01130947550366810487598723,0.0401028610709857416538604,0.5714961159232950782538296
-0.006987584054851433100485902,0.03130673860044293210780353,0.5706401575335062759108951
-0.009556459725075492489532181,0.03785513797455634238398048,0.572545685481448352049938
-0.008683457049310320044477329,0.03809019480328079687581067,0.5728608952488184469231669
-0.005944270377662380297478784,0.03127915681889388566094823,0.5718754091848265996844702
-0.01005790699839082154298797,0.03920079445813777485607687,0.5724956436396771985997134
-0.005331912030497375741544541,0.03259029166132063753957837,0.5725384292297456267917255
-0.01029128306334649821385252,0.0406929482219809193765947,0.5727280811371702196055367
-0.009853906700505746241169902,0.03890776753024686313020553,0.5726512465570811061255085
-0.006219546925396775109706748,0.03242859953999691763337765,0.5722378853629931372282158
-0.007269640781503926632578505,0.03431151825661471477246778,0.5725489249560338222977407
-0.008084822649087572074555474,0.03331879358380241545889433,0.5727506463061201591457916
-0.01275771324698654965446032,0.0384041138050889921395914,0.572306437467049566869548
-0.009110819976971161124335019,0.03529064468231346562987483,0.5725366616044232914717327
-0.01069483007852839624718388,0.03445606555578217822244369,0.5731129250501503236137069
-0.01494981467057736324033357,0.02921108897842556242907541,0.5713042201680579301736884
-0.01076116904944939868526976,0.02628254496230742962015192,0.5734972936100075635579287
-0.01189940719131654840723389,0.03527746481502416764364227,0.5745610221358179448003511
-0.0122534385012333154468811,0.02932968240862906042498714,0.5733794057935651666824128
-0.01222488573096216710189843,0.03040802739972815749158741,0.5765593604427442508963964
-0.01245905943546262405197123,0.0311878863834116580588951,0.5769974265061783569308318
-0.01337488066468743574954914,0.0277491456081435938774149,0.576524549140372655209319
-0.01243974201216473292330722,0.02924401017842331862439664,0.5776022320762480566358477
-0.01313817886900075712630631,0.0262958919851501160547258,0.5768872257290122984585423
-0.01417161528343223453330069,0.02557104400272180999564853,0.5759762900114896444492274
-0.01127488901512739907784244,0.02717074054702119795257076,0.5786591987428643113489102
-0.01190903595467190413670355,0.03157241326831281696962961,0.5767906007382239685910008
-0.01233738518821783126944158,0.03302360049364867766730214,0.5777216149714921034075132
-0.009082186902489972415986053,0.02719170788946553493636848,0.5783107528598000479647112
-0.01125037566160263374781536,0.02619130003572789008869925,0.5771767489379993065767849
-0.009161789894776386708463711,0.02942842321548444148304746,0.5778882118639182552399802
-0.009538605214533398338194736,0.02853669108621965933014764,0.5772878461653079273929734
-0.01109759421385569759521683,0.02518886328875183724940179,0.5769981598410798273590672
-0.008420498642423626667330439,0.0276514834077624775676707,0.5781709759864634978754339
-0.008022452822184691217932695,0.02789616678350095163585465,0.5784736200253435267626401
-0.008226041796809292067083064,0.02816655970661591582016037,0.579076223748342777675191
-0.01311165874526323306403786,0.03280301477026974915629509,0.5771724472686723395042918
-0.007943705101150300498802359,0.02796078167243397707975028,0.5789536533776347138058327
-0.01115673261886720307733967,0.02161885601711948518000028,0.5766495633944848098195735
-0.0088157647047681971658184,0.02745547073739521004576147,0.5796411565825727585377081
-0.0101440453913456442303076,0.02817650019703164115947303,0.5797736968881369579165153
-0.0108566861211046774421396,0.02857600800289457343428268,0.5798056206491764008603695
-0.01175433956723206246897107,0.02873104107405397705798933,0.5801262706736295404752468
-0.01285609308686908036634122,0.02897897463911529303270953,0.5806006658915375817642257
-0.01485864904985927971436954,0.03001125837561363293715111,0.5803960166558597144614851
-0.01539503952331764888294963,0.03043235501335094309038887,0.580698552534185896689678
-0.01656489435118714548256236,0.02803044609961564959110802,0.5801712673369074924067945
-0.01947015742113004238555973,0.02832830527435774986555472,0.5809162958504200391374184
-0.02036746404869054644093396,0.0283215266404805258992905,0.5808783045865866245804909
-0.02106796877847210910927878,0.02800424672625791144842111,0.5815421197018322274630009
-0.02232529389173798853307495,0.03036613397559815435977626,0.5812463895168633598586894
-0.02428510136506429120673012,0.02482553429087211091519372,0.5809180393973784051198095
-0.02434867333386355608970675,0.03120119094167566817232817,0.5815745305558575051207981
-0.02542014135026281207441201,0.03257591015595812100613671,0.5805194384876801727557449
-0.0269926121095938505167755,0.02907221325813977297336521,0.5804699243674821262928276
-0.02676214574125306347451847,0.03096542619740420831941918,0.583157039557007927932375
-0.0275950489548429864217205,0.03501236311106356580147292,0.5798529294211981488516017
-0.02870072797271785297601454,0.03592536498649646220515663,0.5801746712544925133059337
-0.02923832140535164228478671,0.0338196555194922171549976,0.579690252437669362173267
-0.02911402197406910002941416,0.03399255853327729642865407,0.5794250042722202120870634
-0.0300433785850079473900287,0.03170094696459711119951308,0.5799040977795371087921694
-0.02995853968860825999875885,0.03518737496355397315062064,0.579545668408641856395036
-0.02730621739923142984873827,0.03411644422616163380146403,0.5805329360023959717196362
-0.02789446041160842382211627,0.02767202859022424923929329,0.5806210038488028857273093
-0.02612864694936373882727665,0.0280954444367447174479846,0.5801670800105556136117002
-0.02359854912938354198903568,0.03005504706674346285244503,0.5805422248522252859359583
-0.02391870656604494146946216,0.03013058556192725265243659,0.5807071232004114014202401
-0.0224924669271416195759361,0.02991472761082355005801681,0.5812392705250726265830963
-0.02082414589988779499152294,0.02776114351336076563336874,0.579800252915295466493717
-0.01981459150445910935567362,0.03092616992430743949604732,0.5806579761547402407373397
-0.01943524942150373982507894,0.0319981013403597344679774,0.581697797684424755537691
-0.01804022545035588453998798,0.01957901283648592200004046,0.5818333958641260794664163
-0.01671730163262553220393514,0.0198500904173210257486204,0.5815250351832506048310734
-0.0154113431341784522937699,0.0213308976612462883326593,0.5812138805834541344097488
-0.01408255427799631753771337,0.02010153665783278448264682,0.5799660287782851808557893
-0.01236104443561242965943237,0.02292745362551466131728617,0.5793795667221027789750565
-0.01102233422504639813455096,0.02576953709387869162483753,0.580426537116121910031552
-0.01029457791895667731485453,0.02178664545361018445301937,0.5801619369171653328720595
-0.01053491327020044353302008,0.02493541034583174678673778,0.5813531301205867585224496
-0.009766454676641889154353748,0.01608039269804366344640556,0.5801566952246652864033649
-0.01024530628104628783570096,0.01504940917814298097232584,0.5805398142434518016230527
-0.0100144753611233934542657,0.0171617481487491493896691,0.5803843385910407715044812
-0.01040439512328656529449589,0.02096569373710391662180008,0.5796126527136258310690664
-0.01141903507248912506832905,0.01527293533268352099252496,0.5812150470104792132630678
-0.01175406012598247292022524,0.01339754909881825384321274,0.5810516696104215395024539
-0.01309258929620533452864439,0.01374176217913633882283797,0.5809431066586479008861943
-0.01295268796295680549524043,0.01332697017729691547904824,0.5820844118543345713234771
-0.01419198463818661416768752,0.01541109387987714927914507,0.5805629214866528942096124
-0.01279411849123461390742573,0.02136191163035533815972578,0.5811044352099726806315516
-0.01241067845096019070516569,0.02029652599125934472890087,0.5802182149102672603646624
-0.0133938460963003956594175,0.0229644268159013044405814,0.5804248958117754764174379
-0.01751108308910839100880352,0.0291918852189468197577682,0.581081602500506222419574
-0.01319486353043059292944328,0.02701297755088890445440697,0.5809774231300816049738955
-0.01466914389766392490255242,0.01912764586724871596068454,0.5797324175328094630899045
-0.01440062387132714019633006,0.01994937577475315582109516,0.580141366809079461752674
-0.01566286671820859774384438,0.02070442834247840716010991,0.5800215738870908577240471
-0.0163304834565400590340456,0.02143094013970518740830329,0.5806398174744074047737286
-0.01791683610138665450062234,0.02258036842610846098300392,0.582440468903525854216241
-0.01966759387359452021515338,0.03139079954260571431179372,0.5811455975757133796122389
-0.02075311699955725494581849,0.02451026428912953664118746,0.5815307449671134332191968
-0.02047930817217383236972239,0.02638102956602840151734135,0.5831665823329656994644665
-0.02630221812520265253776408,0.03005627814862847982380067,0.5849886223179638911062739
-0.0236420761423160978587088,0.02692143301165488694648431,0.5811154076874659457629946
-0.02212305386729139164425639,0.03104349103664535633462229,0.5831102912501026080960287
-0.0217438045254069907408212,0.03075243884374732894482207,0.5831936531163897097229665
-0.02530806948125316133135776,0.02903924249765215542806729,0.5800406145961813919598171
-0.02245560052520524652042155,0.03342461808556174834849983,0.5840840856569208261461768
-0.02393741868212410570104787,0.0298042752066578105207828,0.5807192717526001857208939
-0.02382698779294979002374433,0.03248286515630113141517299,0.5801833173641252061614182
-0.02184856802939623421355719,0.03553897083349095986637423,0.5831497653065830233387601
-0.02256179306585356925118901,0.03248722814734952835102888,0.5811236843852126687792747
-0.0225619277396956058323596,0.03404985764773529877125213,0.5822327256005763729262981
-0.02126610682078297967501079,0.03400229559655607719514947,0.5821564098539466769466344
-0.01797413178411880543827728,0.03371295532787158683030171,0.5818674436449615683386583
-0.01595221105070109696155711,0.03778369244278569766271048,0.5829568188011026164119244
-0.01531127738192470527645028,0.03468729970442109566963751,0.5801883594396540777538007
-0.01200681742912190763661329,0.03680536439090877770530241,0.5839168846619650077300889
-0.01310194882028678335650351,0.03708038203564714696547355,0.5833394228480281995530277
-0.01160396446570854424307218,0.03249509150289836556524392,0.5806934375472565523779167
-0.01039040452986954125857988,0.0350543741867568522940779,0.5847882236042742931658722
-0.01037517900937444566278334,0.03286596856010826767091615,0.5810051660281936314333961
-0.01048311087231278311560079,0.03413949672307021315775799,0.5835715747868911451590179
-0.009176132664137623407007993,0.03138741734700376678768308,0.5833317606773206209780369
-0.01027804263459071096309394,0.02688608611941389892052712,0.5813280413253567591169713
-0.01145371832102227462046873,0.030016429252513555925308,0.5819891535104299018499319
-0.01176281421933310887550928,0.02513441698007709210194172,0.5810700592305558798145171
-0.009823374167483276547807591,0.03022952488906209891905696,0.583532759644200371695888
-0.01036554967151303782713079,0.03454718098513083479605967,0.5796936709427215062007122
-0.01221457735108518426192514,0.02311705161322586202232721,0.5825313857353464630506323
-0.0103866182220439737249329,0.02612251759324072178380938,0.5834057055194942220666121
-0.01216316732581606586960365,0.03020228009629189955265183,0.5797243451367926070361136
-0.01302253040230347096162244,0.02208114462033897856807485,0.5823562844340833821732417
-0.01145030283013655919566176,0.02560328520650888978194004,0.5832684181949460144878117
-0.01303607682061307462828559,0.02408456298823867872127558,0.5830853894995052799643531
-0.0146651873775372702107811,0.02542369691498751888003582,0.5828828689884019143008231
-0.01778295802058047977989297,0.02335397103528430787222625,0.5822436764873063497205408
-0.01714954294464225356686704,0.02649753891929032892371687,0.5846322029956143584428219
-0.01870576146261545766313894,0.02661387389152816349002784,0.5841602873863539491239294
-0.02106099862747426443299048,0.02301453568977518751581535,0.5804595524915419080258516
-0.0223987495433714545178816,0.02302524821463407256327827,0.582577359585988108214849
-0.02350639212374501171853858,0.02246716273595085813785666,0.5814904862713766720005992
-0.02438322136594835154443928,0.02324204390672981318521906,0.5826123208057866209585995
-0.02575728601820894900220615,0.02116334282951315426402061,0.581703034801559493160994
-0.0234270022115278947483219,0.03061713644301178663398311,0.5807559049197544842613183
-0.02398707838777692710752198,0.02390217924826968168283692,0.5828597741422035793945611
-0.02164359967679932092443629,0.02946281211204547501036899,0.5821576775111705348564328
-0.01940672659175135539300072,0.03074290587899986687547838,0.5821642681068955882395244
-0.01803746331740922401176697,0.02575890877976462836618232,0.584721755470781090480159
-0.01651153021576895474353819,0.029473151351808016262801,0.5837435444736069900528719
-0.01477099295089488034671277,0.0323875194802682939143601,0.5830346892122240110012399
-0.01194645273838710816671771,0.02761759420098106390661918,0.5855821246706590654795832
-0.009249545584714753687638478,0.0337254122369779196777273,0.5804122103257777220974845
-0.009015554401374135592983627,0.02795343708578150801469242,0.5826156756564038197154787
-0.005645382939091240538653782,0.03047819720929185668967243,0.5827648239334678459400152
-0.004946466655756670376120621,0.02927992401603832575696096,0.5827750946848448965198486
-0.002540425854725490272673083,0.03070321682613585262400235,0.5825271240832399222142612
-0.0007271513871015177149850772,0.0308406833127910263991911,0.5814423987072272481668733
0.001014768687304072256050169,0.03445299708941492594638234,0.5839723243221544013437097
0.002875355503138736848467438,0.03403375679002506454251531,0.5838199138253574727031037
0.004744170098877047853092037,0.03390866451902588285527429,0.585510704482059995967802
0.003537210617981523426422985,0.03236066910944934010840868,0.5826825029078157580642028
0.00380228815986402134824429,0.03999962903141675296669888,0.581871590278016825870111
0.003504337766245388483682399,0.03930409130246628052196556,0.5817815985502047260169434
0.001853740078500618754242524,0.03260837642673785480296189,0.5852830388849825649089098
0.002006598357345453203376406,0.03200967257217696843030197,0.5849755038458740452611551
0.0002393713407328909267054312,0.02989036983895503041264163,0.584759947080397468610613
0.0009755142141589656515701656,0.02955275858284624190819301,0.5847148252171738835869519
-0.002020847826025084364998108,0.03231464366037704177836432,0.5820124454041961659100934
-0.00291016666449529825058673,0.03580589568353521878751877,0.5823161767711972913730278
-0.004085918358496522413692009,0.03364877552393361753724221,0.5840051043075077386035332
-0.005635656487501493339120628,0.02545603403575915149592568,0.5826912584188257415718226
-0.008149398918652015974539715,0.02437853286861357479664569,0.5883129958757219446496833
-0.009321517354542238967263224,0.02254486156753654144124788,0.5879331218703722772289666
-0.009483705935422847080329412,0.01902284503927986411553341,0.5869681210318745678833352
-0.01105184049152000552718178,0.01846505780875916380434631,0.5865512319332416568684607
-0.01118898349784561326025756,0.01500149905486499075923934,0.5867225421672270790907078
-0.01157593759427481307222596,0.01710982388452624361474541,0.5874116478330987378697614
-0.01233917691466097747710062,0.01595209808154832153981317,0.5874487903078425832248399
-0.01245483009456590552110899,0.01511461504636061464745822,0.588598006484789881831432
-0.01358938162226752330297153,0.02900965689102692410261675,0.5869886663981110919152684
-0.0137887062838306512224662,0.02211103347245114286723222,0.5883780881060292067274986
-0.00732683042331844659039719,0.02387699530987112336855027,0.5947113442164873031714478
-0.007710628547282770937909557,0.02699901471014092349531843,0.5900642836246039468761637
-0.007087326261228325992302945,0.0247424431882147417838258,0.5839819202992032609600415
-0.00514804400409846901753852,0.02158284380317785841607581,0.5866012920593045576467262
-0.003931235187382507885456295,0.02379380371630349447209518,0.5889400950503264065005737
-0.003768622578691460753980147,0.02416189048244034298651428,0.5899587094706978396274621
-0.001577230101172265438677633,0.02279859035670113096005984,0.589330023866343144511859
-0.004907919396730141964324545,0.0302997265751448439929927,0.5930206342351489468001091
-0.0002424117434122614043231353,0.02304402206834020583325895,0.5890887358381221572400932
-0.000122159511923522311064097,0.02327320023804973006531505,0.5869591153856972276514625
0.0002950617841607217073374159,0.02590360219553722309626664,0.5871752215547513253923739
0.001993004407812283985262924,0.02778739474155968169899467,0.585693432567979566094607
0.003993389816852978453642908,0.03082939119602088121063765,0.5879924305702749487423375
0.003495646766609134935971381,0.03239992636545879073350918,0.5888305448244424145087805
0.004483300580884732634834311,0.04018681946099494223245685,0.5881304054606181219710948
0.004575118918614285747070713,0.03758498179756795953831983,0.586587117266068602816631
0.006282430924418196810377069,0.03823458231699371212553018,0.58632670134073505696648
0.005565939107722247571052865,0.0361304468226628233695763,0.5865597460260035811430157
0.006263306215042574627560601,0.03530976591786758045365957,0.58697289110625083807804
0.005952327767938625328880686,0.03723890537056683686101266,0.587920884774230989577859
0.005512233171457144552396468,0.03294276181223874944148378,0.5883069631850770253578276
0.003729829712260987212985031,0.03336508997383761526700496,0.5915343124711796018999621
0.003672491476900649129411214,0.02912128830068810153575143,0.5912185035106439778829213
0.002223363846038135284433057,0.02961931809830944950512333,0.5916572934993625798583139
0.001805050027688597825969996,0.0319201831049703912968063,0.5867433601351343952501338
0.003479600947706220585159409,0.02807600199473318097753705,0.5903560324334319320271902
0.003373488409372602230690275,0.0320319132769113015801743,0.5876664406706966214954946
0.004082557149796177745071368,0.02637479002472842629090088,0.5908298293463274397652185
0.00435100168713865777941896,0.02558160183864539860554288,0.5893329819748275300028695
0.003736742704671710667979623,0.02311256884139054404436742,0.5896310778277080721920811
0.004190530188978321309012376,0.02212715810707954755542914,0.5908373947305727291734456
0.003885480088850300130903781,0.02259561973101996065760311,0.5902862308388379108947674
0.002864294046239524663827192,0.02393617648916540954773247,0.5915863776884494606989051
0.003256118635437565533158333,0.03072326719957099369628928,0.5889753245416887716956467
0.003344164477415791092429487,0.0235078618731918709272577,0.5941771545571424839593533
0.004316510512905091627444687,0.03101076449877591956205691,0.5897713030955948898537144
0.004412362708011934205043492,0.0264677163286633314320806,0.5887200105047514231415562
0.005856230874480560476269542,0.02870695803955833000364883,0.5900786223285803266946914
0.006457251466019236010862592,0.0240146711523688410894195,0.5895747303996877741738558
0.005802375047281304980273386,0.02908048927642081088462689,0.5913025188907007345662237
0.006018161724290906067214024,0.02830571880518426702844081,0.5902060886192557198626218
0.004473935835945337322061555,0.03191361916754176936139586,0.5905557697397053606991335
0.005576417676816182271426481,0.02919097841416645744416769,0.5898804987114506515055723
0.005939267676291060289728296,0.02954265880851033795884142,0.5899077360926355817483113
0.004958040395366285213452073,0.02971756613964677412598192,0.5968013534018247190360285
0.005591383317930727001043856,0.0331241941811389051242287,0.5894177290158667537056658
0.003382887235113072026820857,0.03151837842244187282148005,0.5968306425541367588039066
0.003144961033032112572571659,0.03464852358128162057582244,0.5879652752771570289880287
0.003243494266572367890066886,0.02605963888138894055113148,0.5927132593368924506904705
0.001321226404682674087504024,0.02587694047661350318922935,0.5930051686255144449688714
-0.00099183690371074583955191,0.02221544885193175306037361,0.5908345495764681931660789
-0.0002899920043432803852881396,0.03115048427692394469867843,0.589531197897055658785348
-0.002849247303240053357659134,0.02280028990457144688619451,0.5912285178498745130681868
-0.003252999192492947704707928,0.02836967798708482299541167,0.593226443020391847049666
-0.003034114076646597137065786,0.02341667438264189923802228,0.5903100847947748697208681
-0.001436795590065436658763764,0.03246279447708194654254044,0.5885569381297443003475678
-0.001545621837565176997369987,0.02404519801677540077888828,0.5904809673851436624403277
-0.002140001194261856049677606,0.02872922487904744012765512,0.5883340572664318424145335
-0.003780815713519611754450667,0.02106510553284442199828419,0.590377532375773395045826
-0.002057875305686178001723929,0.02318501770560613475802292,0.5885966464557733646145721
-0.00440592500045278775283597,0.03102996384707287780280183,0.5894166233704524193726115
-0.001711950148358217915073309,0.02612391650716761395956134,0.5896819376883029040214979
-0.002488445687335364992637254,0.01783878517923108419918066,0.5921927090356037259866184
-0.002881455121482161350204843,0.01541698336003716890418858,0.5930939687238931945501008
-0.004809521816454253792527673,0.01189119879733947435229702,0.5910622550146363840539721
-0.002234910901260344241042732,0.01181468916051619730267497,0.5924981463185993169062726
-0.002764680671820566888047255,0.01128879223750418013538788,0.5924875801545343989573666
-0.004181960086541699345152878,0.0118912472858374931861114,0.5927700817937440191940368
-0.006687836380826400750621019,0.008463251864609210375900439,0.5916249968953641857893899
-0.005137372075087865037901214,0.01376357328984715959474538,0.5925778305351760977259801
-0.004707214177252298271947328,0.01084608418806012539170602,0.595216059602777236570148
-0.008707246262413658594025989,0.01593214278466391006783276,0.5986065421499865424337372
-0.007177269412578820943771074,0.011202729098149705189158,0.595841286550093385265825
-0.006798614133357120184464328,0.008797566027258457363458,0.5940018613152223680984321
-0.009249047993677457848993306,0.007879284611596456058824067,0.5911925025840643055374812
-0.007633940117367123481817437,0.01872730293096777284822529,0.5902736012557888711782539
-0.0104497945651923409421391,0.009385387500546557570935136,0.5891066448547451761541538
-0.01011348780758881960029072,0.009180892297216180011898423,0.5911379315495006725456051
-0.008418795847986952976538255,0.01323147135337555437006873,0.5921665505222166725474153
-0.009695548107550206601290554,0.02242266457013444153067994,0.5900453980442736945377646
-0.01012079432557823344129844,0.02914354988064913817846779,0.5914048232526614157222866
-0.00644992346725208921809358,0.02109451763889958267328417,0.5901839923088367800829701
-0.006800638580752572243115495,0.02279141335343930555024095,0.5906517984354004990876774
-0.006154513119402230635068829,0.0221633895923852956844069,0.5909976453865203316340171
-0.004307779329026766197696663,0.02828362935396837307688855,0.5911325027561804557052483
-0.005859803109709160393037131,0.02368471626281634656585595,0.5964832298064055571273911
-0.004018672026169496300229689,0.02734064563146377732638648,0.5897670117471552897470133
-0.003548820008884020962142136,0.03198407644519896814161442,0.5918940923217274052703374
-0.002639170263695854359159432,0.02306925780323120997450381,0.5918663939327443168636478
-0.0007502273651569167601735333,0.02333107249063141180878134,0.590696399057898280382517
0.000273083185874158811731055,0.02655010129949724947961975,0.5920568424256141826234057
0.003284976313000594408397781,0.02819548921690831488895412,0.5917906350331419984556192
0.004276424734833497026675886,0.02971995023431531213198298,0.5925702253600333424543578
0.003015549036560958000990906,0.03024320998244850455805022,0.5922942653297604831408307
0.004758059733184821261942066,0.03025200836122706946063055,0.5929710376842319830004158
0.003252556657858991437382024,0.04369735035973744408099861,0.5903783561116194844586857
0.004451983701364440118575239,0.03781922108287890521571839,0.5894519605928211225531754
0.003978477913033158855360405,0.03604533165205356382010393,0.5895505071805325902900563
0.003050200967114196758805944,0.04542569025635351948055884,0.5899490905948444607886927
0.003100977989927913933826398,0.03338109922363460824179526,0.5928998955065888365467686
0.003148115784629627704471755,0.03470711826957084689126987,0.5895037846584552099216125
-0.0002282011412524554035130553,0.03898884112974752846891846,0.5901755698400261707092795
0.002305115198036005504794721,0.02462081644509619277050305,0.5917612261900641046352689
0.001405012320178060901409989,0.02319208676220325601735617,0.591819734214391601767602
0.001054270112772871716838585,0.02451840227853975887062354,0.5934454373371187418939599
-0.000113846778024387598640503,0.01943624918574919993585759,0.5910345822132330173559467
-0.0008176176098091976875495424,0.01792536224280419712706625,0.5923297774355391620559885
-0.002565477854756708156469536,0.01388148915193230040210359,0.5923160487044446531612607
-0.002582629054529783814431187,0.01362070849146709665411503,0.5924720884620514604890218
-0.003193705280545344575571232,0.01076719347593815823138641,0.5921346106618515792163748
-0.003439991251447458223133857,0.008986731627706696923230112,0.5929868234849549057940976
-0.003372177783908541885693477,0.008585889839150493210717663,0.5917350675245204305596758
-0.003786667436881290763756036,0.005359169160416923233247743,0.5925776983862000024672056
-0.004375117054764565693858458,0.004125152103089385104139897,0.5908938080613819199271575
-0.005692684708101991043760481,0.00433700838978964744313549,0.5887765487567531152990341
-0.004122394889345482385523134,0.007543712329435439158109578,0.5920634710947886292231601
-0.00535079560962718487476808,0.01133726004325161587638071,0.5916964427920974323171777
-0.003668939410580322746380233,0.01021520961617096955043049,0.5915567885469231734774098
-0.004409185260687524011979921,0.007552433638685343217367141,0.5898131353171452984085477
-0.004598196052138532781417002,0.002678040709866874938271941,0.591569799734279477831933
-0.004126415897249471366470264,0.0014179044330924620628126,0.5919743860240450628040776
-0.002554191299389225577182172,0.007758571369322293798109769,0.5912861223348973016555874
-0.002992989740507214294074068,0.003213720616773660127690748,0.5923424904513785449466923
-0.001369645091933092929600835,0.005970082992338384027253273,0.5932721062354797680882257
-0.002339763483973189561737627,0.004359750238808684542901606,0.5917856767896664260675266
-0.002401597196257119603418628,0.006826440419551091376426655,0.5911251524027357762136603
-0.002291543076423831724885982,0.008191556380290820546519193,0.5919973320651614745457891
-0.002907753913889424973726605,0.009705979435828428897314879,0.5920143238940670515901843
-0.002367103287820064832364109,0.02637171429524966942414821,0.5913380973389319450461699
-0.002706561470787334586912687,0.02148696845358463031194773,0.5911602406335473292031679
-0.003634682957150958942244001,0.02167152500581595239714794,0.5907957775295245017588286
-0.001913647921125808315165329,0.02134466540974554529808138,0.59295133860151350013723
-0.003757505347514455973367831,0.02386347851695020533258074,0.5896208157736041455265763
-0.002841674829039388117113418,0.0240895284672166566652951,0.5895898618340108532365207
-0.007155173247152969012718771,0.03619537361203044312230048,0.5908964904706978105153325
-0.0009517549930323755897135229,0.03057838697165304181480039,0.5905163617694907385313741
0.0004412001321095747352098171,0.03156484003965447093786878,0.5926334524062270014965748
-0.001752936188166070909794092,0.03852332387216229198090289,0.59184646580513011748792
-0.0001309033384083824831569526,0.03489686562529043661884387,0.5912179476499428432134664
-0.002997611770219452739100197,0.03331962359432356218791327,0.5901876658129679986686256
0.0005550990520667235241999982,0.0335865653733808805503358,0.5926928084682436814745188
0.0008037495874402880149597883,0.03343580994841897219282956,0.5924123732140651465982728
0.001584632512205744712951994,0.03579336054772896263953541,0.5905265928672736031046497
0.002618529673093700649993965,0.03564838307459373967223115,0.590337126132934097988425
0.00141352007594108255647547,0.03118364172415962268236633,0.5896582061631095994513885
0.003017644964388595772708523,0.03183031052026209090088926,0.5898362087996410485501997
0.003785110817431919846137722,0.02965516657637342137765479,0.5926510427899490673908645
0.002615001678185401544352029,0.02738028985040172336162811,0.5899812938227696479387419
0.003120870270600460422844025,0.02171765511145260993397521,0.5915176611457514388447976
0.002844032467978081877429952,0.02580181903172272181445912,0.5895218150121096511995233
0.002737849743606633398651518,0.02492578072340730088729543,0.5891282512707777252458641
0.003246723555285508083095847,0.0224466512339925525210127,0.5890008526043434278207656
0.00327942407330444668164815,0.02233872097174325124790961,0.5891419944296902855285225
0.001981092486060047515306071,0.01310553119805507073236672,0.5893164599732361175199458
0.001830298240620261297079141,0.01268745745093086650656655,0.5906160228268810818974544
0.001530024612134170880137218,0.008521274038835501343780443,0.5881981595265073359257713
0.0007668645099279463531877221,0.007148833803822939904348832,0.5891373922763356585363681
0.001511148257662461380848584,0.008292238619834375185080333,0.5889395577291296479671701
8.30648137996811426319449e-05,0.008093100800737450944977169,0.5901361464106325005474218
-0.002192267367769087666601324,0.006742182609721796698876162,0.5891247818866085506073205
-0.003257417841852371966082647,0.007831900801325905950300843,0.5888961701025701156453351
-0.004891797358712106705280753,0.01068652758903848587479501,0.5903705461589902059316159
-0.008183811960248366101922102,0.01037711604703576637187545,0.5894419755996246346185785
-0.009591065332024160949853098,0.01052736157723515621198462,0.5888597722282115087821808
-0.008906340727917827146398189,0.0102797300223866159424313,0.5873141217001351943594045
-0.009365725892323640416892161,0.01494368580889432127078997,0.5882567727035332705298742
-0.009730144951033775635451661,0.01920950463098984942189595,0.5894537684936403953983586
-0.01289559408215574035083684,0.01695624878300032098432659,0.5872208085467106597477027
-0.01574636715441571008233801,0.02163795668081792272774422,0.5870793445775223107219176
-0.01614408919846665665942531,0.02654394118187790307938911,0.5847938376316930142451156
-0.0174699747030727936536465,0.02623643231312390577958382,0.5884736934164042088113433
-0.0174816217076191882107139,0.02868590596000684597721708,0.5871849648590631298716858
-0.01726190540039852783227303,0.03206950691398770952877939,0.5853197432702202940291158
-0.01880844512627164247242639,0.03413850868171655617011595,0.5841203619498519516994861
-0.01505658479112006141453772,0.0370837384305754552693557,0.5852336846369357026276248
-0.0149901080791739107350713,0.03664241975525110023292896,0.584705201064033341928905
-0.01498212348319452602574131,0.03553707128789033303783995,0.5848577226907566428693031
-0.01407786031719202197998175,0.04156042431578066409514349,0.5833569199338722865988416
-0.012849630034167620895591,0.04127065913353718251688207,0.5830848161048513000892513
-0.01148948203280838326056923,0.04173559965208423205851318,0.5837914360518262624211161
-0.01128077904136388920353085,0.04107680641643558783204782,0.5828115361381661641004825
-0.01021411379733548965842438,0.03543349216351769637167735,0.5851546784824547264847183
-0.008079414731324783757737684,0.03863874551683964264636728,0.5817132662485887673042839
-0.00830128474082928932697989,0.03714582287293950041418,0.5816873726786683240774778
-0.006628940473904570800101066,0.03159585543400548340864376,0.5826212426401283783761187
-0.006763317777161532637353325,0.03436414366317377261372812,0.5829834798653072969187861
-0.006794767133698138665554023,0.03083831371041380331465831,0.5829433792574810757614046
-0.004578563774586670749588979,0.02960669428807252701041364,0.5808410051055978851053396
-0.00508471453160445636260123,0.0284176937939155591084095,0.5802959697329393984333024
-0.002619879910699671361762331,0.02853603220075003749078846,0.5809886897432676722274891
-0.002993487748021326274455722,0.02052106752004626694096956,0.5811616955499494530101856
-0.002181414792419741378870501,0.01991420901780381960688437,0.582893009529086292275224
-0.002034372702251563327230377,0.01925312835408945003057291,0.5828142217739288311051382
-0.005143505581274064944463653,0.01840332869546453323228441,0.5817654045909450566398391
-0.004508500715516186585496428,0.01844124931169003819841912,0.5789017456962973762202296
-0.005844181099578432680985429,0.01477767432631332117365375,0.5796699596417940192338847
-0.005855690175196721046491088,0.01276907312580894890419181,0.5800689844378867920937637
-0.007196066075226979254220172,0.01120672304383944425931752,0.5809195493220071782047853
-0.007723935581944262225573272,0.009866620523910924617227991,0.5810529582212630161919265
-0.007313735435656712122187706,0.006956861463716232894805014,0.5788516195712982703724947
-0.009436559667308080934233772,0.008697275975040443321550931,0.5786840809036594146519406
-0.008872445636164559903957816,0.008455556601716179843108989,0.5790135870585144672872957
-0.008477989662848248522686312,0.007998172083018574227142317,0.5801279811850895695712893
-0.009761983191436646167815638,0.009923616577326129298275426,0.5807932949489941210075017
-0.009289256997379275598847315,0.008913062976358685982058994,0.5807078066811225403043295
-0.01180087694821102192732631,0.006885499229600855475297294,0.5789015088108387940835087
-0.01004302122444611714002782,0.008140931489660496733762329,0.5805891845177931775978664
-0.0101670930563186462380898,0.007809809258227119396766902,0.5803953141294937445593405
-0.01245607912710143365397908,0.009532988138318800042103618,0.5807230725711391983168141
-0.01030407095036733541859597,0.008330309096707233518230851,0.5809331109520478042540503
-0.008707134212521325244971138,0.006711991711330851477501636,0.5808157617368819858327811
-0.009504741094456821415281667,0.006295233855658771172925103,0.5789899610341074920327742
-0.009507026747500464322615521,0.007669650937880873736718357,0.5801517994725663429633755
-0.01056908352988710463049582,0.005663896624478668290203487,0.5787348646782015659795206
-0.00806572300881826069474112,0.006898230485609143161629397,0.5792192924427695954747719
-0.01110732059868278082115367,0.004733886195642818435491694,0.577722025384079129750603
-0.01126436530214786936598959,0.006735420289006623095762194,0.5777878602510494454591594
-0.009269582518933937656524513,0.007876039012983488893371309,0.5783639393248307669637143
-0.008465617749901198363371435,0.01022913575784963925718873,0.579219599247640326566966
-0.008466926925062741304817138,0.009010705141828655520552793,0.577003511741324803807629
-0.009252446136573258886337534,0.009365118812184861432634797,0.57740476970503151754599
-0.009769183127320694645656651,0.008715599324141546158650762,0.577242251088930236058161
-0.01242918670771063494040476,0.009193443894051892342766941,0.5736671740872658631360537
-0.01239768825356327847098115,0.0105725775985591272793096,0.5754277630917451480385694
-0.01399311309823548371555901,0.01453149363452126488494009,0.576400715916093098201145
-0.01550413531292736853128833,0.01308295821567420288977779,0.574773949005297879466525
-0.01734376095613274215700983,0.01288311191375520782520514,0.5769278533340062020684513
-0.01865896769902508287031218,0.02467567719932198255783362,0.5797410782929841577271191
-0.01763770168126900517169275,0.01437577284081818784766682,0.5767884732993830976255367
-0.01887502366252922017531013,0.01868869284384883089344953,0.5766157342903626137342599
-0.0188753572733655027027222,0.01933308547911611816050304,0.5766264161758284378933581
-0.01772045669939832646111455,0.02122908156874650162371232,0.5789899288001497668076922
-0.01719564191280611303858095,0.02025898350312879334089722,0.5776198145236629555299146
-0.01910240931094066285655941,0.01700550238740463140918457,0.5747371912683963968149214
-0.01902617827780069340026792,0.02162609975707192877525387,0.5772227055968547348996367
-0.0182357882509933469372676,0.01849632238360756492090431,0.5736830359507893994930328
-0.01918771591254435707196713,0.02059941550336756577177511,0.574744871552276159754058
-0.01919686833700127992496931,0.02326523308974803513904384,0.5773855660952456059220594
-0.0176964984531907607023804,0.02212801551257993076804453,0.5718905991598793869812312
-0.01841170871249465240682142,0.02176317735928422550384376,0.5765439765829514229267261
-0.01683413455218407683844362,0.01862842078484245808556174,0.5718151401553540624789207
-0.01616017219747596309065152,0.01858462069802819041641762,0.5717136184947763100083762
-0.01719071983243273052388567,0.01738320360547178020094172,0.5726351795389992282991898
-0.01810164865482190646450711,0.01716651312917563676485599,0.5739943110647358626152936
-0.01902262480837824468182795,0.01718674347137572749888434,0.5749893861254397053883736
-0.01623969084276084134943474,0.01874028444348049479706297,0.576346005166967323418703
-0.01802077429085649495910104,0.01704962955074212221928676,0.5741437038809193982302759
-0.02132599690717266321948742,0.01919821825284784289067375,0.5742598535784624314004532
-0.01655933803174252857970394,0.01541392767643785452480465,0.5751658420779564018232577
-0.01711676140378908320127671,0.01437225725666676709457725,0.5713439476285930851418016
-0.01752154230379866090006047,0.01164033940629989258286336,0.5721138432833594578141856
-0.01619064711796444275271334,0.01218547987941173867121325,0.5719227317569162138966021
-0.01765453293822712155236587,0.0123257576977304408177849,0.5723934127292522600072289
-0.01620653276229122932705629,0.01654759753424648108244277,0.5709425462579725829570521
-0.01666831338520618696619202,0.01664304830392131923089138,0.5704669081927995488712213
-0.01396340231013590282849179,0.01460261796577193467439049,0.5710862122233043569607958
-0.01372907004952592796565014,0.01296930466936718241710569,0.5762073934827879329034772
-0.01399109126125107870064479,0.008912656688099615184817104,0.5737040402097585145568814
-0.01261032826028686548713864,0.01018234751832157794493305,0.5734512425778102162610139
-0.01232912360798769577097111,0.01124425048485892808525222,0.5755670831144302779236455
-0.01291453231893561690024619,0.00977682450588757655240979,0.5728954124438078165937327
-0.012538101230288291321191,0.00961851171974856082591554,0.5728243010958360414974777
-0.01316646642910615332133784,0.01047785420217518109753385,0.5739765778547251118268946
-0.01397348502611980326781893,0.008942729498817227062890112,0.5752303113402039702606316
-0.01220200382550755413557653,0.009468840518909478823350589,0.5727371746178372413638158
-0.01445366342862509055622322,0.01087891806523705838516403,0.5735093820711796297473484
-0.01320662143636898780418854,0.009881586036190241270626977,0.5735204406238320062882963
-0.01518123647708019205437857,0.01049175761184898553191047,0.5730513221966108128313522
-0.01514704598946650312973894,0.01000313851262618104753788,0.5724364189205745079291887
-0.01548075688378841748005232,0.0157215250895687275178858,0.5728395045248261263637346
-0.0177596798188648929972544,0.02392420416033403177125116,0.5771002157636224705328232
-0.01694717179290539804670246,0.01508997582001538398377427,0.5729379384931477803277744
-0.02142644198882251438398328,0.01471219411818174872819132,0.5801730685772346074458028
-0.02203570103673369029451123,0.01663286976775170747377963,0.5789100807203559906355395
-0.02095309305605538158223666,0.01578739064023034974204585,0.576911120904829877176212
-0.02124342652570460412975173,0.01487201033275102439457083,0.5748901029757974567857559
-0.0205745636099270469421274,0.02038328173107354854276529,0.5750079501178192442623072
-0.02246301782697126062093851,0.01799372894072696904554931,0.5759124688459263952111655
-0.02580542330679071530430413,0.01507175563841187983238346,0.5778538793717445942732525
-0.02582878059129718392727959,0.0170906256574737368258976,0.5782498148683525851510012
-0.02586107644304542346747056,0.02818083562899468749729515,0.5771922515054636049214309
-0.02226778509768944855351513,0.02014114962935371205832169,0.5819427408560337022791487
-0.02528724748852429968226652,0.01738655541757779671163675,0.5773984238359126663908683
-0.02551931932010283177181265,0.01666513447891572810566352,0.5776596025020624969315008
-0.0241595114980086324296682,0.0161528368162223955051271,0.5776459225151269194498127
-0.02416273592765356623135453,0.01858539664411781866526496,0.5761591786834887596313592
-0.02278332163232982265910209,0.0167288828761719132742769,0.5767671830413941824744484
-0.02497259834055951671638596,0.01098607903451456237198247,0.5795102722545708573420598
-0.02783379694104567286805363,0.01452373965543756612062154,0.5806435880768501256454783
-0.02303662462343577035928099,0.01464991059886227783848334,0.5790796913011405644411411
-0.02691641898608994332153799,0.0145478197678096127926084,0.5816361638791047727892192
-0.02534960463368293379082807,0.01193486516852349486883522,0.5809372173242779435753391
-0.02193968406727465209060668,0.009473496053292819463198526,0.5801943910754130406814966
-0.02274263939410509430261165,0.008261660855142799117500907,0.5779934216182686101959121
-0.0193991472429882946815205,0.008226944490773758361656931,0.5781948574022203191091762
-0.01958447645965521316524516,0.01107483165194853361179561,0.5777418195505238385223379
-0.01888901468748189343971333,0.009124813939935116566259943,0.5784529381129195346744609
-0.01948573395932897203697287,0.01225314804562732326487229,0.5777907060522156079684919
-0.01898464302288680599639648,0.01041977129734465365440421,0.5785408502467446201222856
-0.01716383129046581551557793,0.02545039572832108812350249,0.5770470546854564730665516
-0.0168905700956978564730715,0.01381054157016617552067306,0.5786165716774147593781663
-0.01505443094294445054159848,0.01510529019347406354256691,0.5773403071576408418508208
-0.01630616154901886466488392,0.02791657847262451336289857,0.5775894385151312260262557
-0.01411741493054943438756332,0.02274200776247803368335099,0.5781860166832074598985969
-0.01477474016721789552841759,0.02557890481658843181977936,0.5793267174561744781158268
-0.01353162696882879469095773,0.02386587283186790420241863,0.5789670445972802115264244
-0.01382770555853748799257641,0.02845358598259059915158709,0.5792773183869743824914167
-0.01221876654188826065439155,0.02631812509431192062536731,0.5791964277897435620090505
-0.0104654507304676128859322,0.02479451960978365857024563,0.5780487317498202992638312
-0.01237316520807509902246668,0.02155886742610972628408916,0.5779855208692418200300267
-0.01021638243396486879499552,0.01702339540472886172950417,0.5801695881539435939444616
-0.008826656275770363574428856,0.02240099289442882418699199,0.5780725179102575994605218
-0.0119340260010283114727736,0.01863914574714326324866853,0.5794379163205358729271666
-0.01228732874590891289978689,0.01820221652402704073936412,0.5792444919405903558384807
-0.008420415509077683324790087,0.02003489530064830187461311,0.5824259892190679632761885
-0.008889098771953062028128301,0.02093979677287744617375509,0.5815671992717246219228855
-0.01167487140408948916026066,0.0305820434982740467499962,0.5792454045109153293324766
-0.01163435062761902262506997,0.01719193702395570289009896,0.5815546889675143882314501
-0.01147028701713537213180416,0.0266618080381905847575652,0.5790282080292233901630539
-0.01226330482920291904680443,0.01936485635720731207642942,0.5797758391688716539391635
-0.0106787229977797389068872,0.02448299423884730402489751,0.5805767367617657992440172
-0.01180525886886546298171208,0.02632871215618898252941449,0.5809563417416077069077573
-0.01085801340866889008740515,0.01968874634894009212349175,0.5801561496172614740274298
-0.01268019064695292789923808,0.01712738157410008052461414,0.5810634072785400006111445
-0.01201948670032978658261946,0.01845490161105453261192189,0.5798060198922769803431265
-0.01369498718751776741853199,0.01945551977623035527775741,0.5802931339809555000286423
-0.01447442793126620455557152,0.01865766396585133435337411,0.5814586453207157834555119
-0.01615707462474436084676199,0.02093771651708236508637739,0.5811377202827099353044105
-0.01630454053678459525045241,0.02088142487505576308515209,0.5816764652866124318819629
-0.0173114748624236085283723,0.03138172703880225122841097,0.5825631069650425430950236
-0.01997499542591826132698074,0.02357155054016397272009797,0.582862506496771626274267
-0.01902004963227369241374198,0.0266061857812599882044946,0.5811300489456711071412087
-0.01950204600543921015787241,0.02386254410258739633299285,0.5839398328844952468230645
-0.02077650758886213228082696,0.02310983686481622723096763,0.5829506171821511317787667
-0.02172399657571793749055722,0.02649388032505649998027408,0.5825984794507848008038309
-0.02252205038670419129376299,0.02412023982651622863726537,0.5850559748994477171635253
-0.02094578505373224236452145,0.02643296751707298677946945,0.5842916566955677071248942
-0.0210904251158337378846408,0.02034876248210973695429438,0.5843568152154220429750353
-0.02054361277496651733143196,0.01885535025540787182340985,0.5847556261568126467764728
-0.02116513218297489187791349,0.02012252202641603981980722,0.5847421173896710788753239
-0.0226745046762616281332825,0.01679761200084609398808233,0.5867855392282473880882776
-0.02450309769339535648224881,0.01887565840181284343435308,0.5855070653456427853811306
-0.02550031215508660048518763,0.01556528429521901457643906,0.5856843330898072741419469
-0.02417290872685932262564634,0.02523782983634258181293575,0.58529290093904595693175
-0.02783181801277866129762373,0.01151943848631710801133643,0.5851326355745393170693092
-0.02506925106533789554541514,0.01661796477488072104611305,0.5866741696715315201871022
-0.02771650109788548546618792,0.01358854224196263428547926,0.5925862551808764866478896
-0.02704865166058173162055844,0.01128397967613975830247774,0.5893636703846546476270873
-0.0253802011662135826308706,0.01466584277426397596444385,0.5874110810168190477398298
-0.02662529008887835890728724,0.01063625553215268547402328,0.5892729737536089862359745
-0.02565928391130482127957535,0.0126260849537355810540129,0.5891747433017890944739747
-0.02391124915485461771558207,0.00910048497177057789941923,0.5912350691745198449922327
-0.0227384245566927510606714,0.008595378103088848961710333,0.5896722093685171639521059
-0.02107945084914674901965803,0.01169575598566729643379425,0.5920543023130325765990278
-0.02050144246149326193728868,0.02942551835098979745586334,0.5895265504591119531951904
-0.01814346585699956604376126,0.01528039591330659051349183,0.5916457706443448705257993
-0.01932855310982846755440967,0.01629340613786016064845619,0.5893790298548560180336153
-0.01880929202525973356618927,0.01345546152790820515487979,0.5912479981767271297599109
-0.0184412111088969182803865,0.012570732014341555113357,0.591715263419021808566356
-0.01610772713896164304303582,0.02419547802974375896867265,0.5895312404239451131715555
-0.01748934724386408054441766,0.01660740639683545502580664,0.5920921011183960525059433
-0.0148787207356075121961192,0.01686525037451438308044871,0.5918858837244299619939625
-0.01508174043857772247956284,0.02141423627566827608825761,0.5925486777060700038788355
-0.01339926447483553821615754,0.02227965781197832270676962,0.5907802435559287301813924
-0.0130721490447021533587435,0.0236463160644012418409865,0.5913704915241096982114755
-0.01160011378812688537243147,0.02387527338408765992250338,0.5929977725064011773170591
-0.01087828706647730146739317,0.0325647098431663742368336,0.591811762198344415430995
-0.01182709424059200271905912,0.03610066477171425952663597,0.592427603255383905533904
-0.01026452633159323155065401,0.0355788378218146114639886,0.5932235177435590811612087
-0.00965784588009330376146,0.03188527210786671478581766,0.5935951042969742630361907
-0.008881772869551747898175798,0.02948831410860967491838203,0.5928296736349042417302257
-0.008207694240654206385698899,0.03244247807504558461788591,0.5924659425944411861308936
-0.008646564782056548673083718,0.03268902427342563338230619,0.5926953998140972457164821
-0.00798670201739393355311325,0.03271556554819872453254703,0.5931414771281978692840653
-0.007918131203567891837624693,0.03420138913190577667489123,0.593476063711578794013235
-0.008311530493704205255212081,0.03351346358765965732784409,0.593356091932918161546695
-0.007860118388725639490544062,0.03390086482807227324931532,0.5947435553162876420429939
-0.01009686872476485766658705,0.03117217599630668981025572,0.5960433418895785262492382
-0.00728385907789552439900449,0.03327011429468677145004918,0.5937355206237956428694247
-0.008360355957673086535475448,0.03348004657127851002584862,0.5956182536358493040395956
-0.008745121165819854172629455,0.03376244156574310928409233,0.5952220123770628479320521
-0.01034897786892140930659068,0.03258109568529533178748991,0.5954302207682048431180988
-0.01099315934393809562896749,0.03172421572873926343127948,0.5957550500916756197611335
-0.01165082449124510421967216,0.03192855308803843605858219,0.5955242973978099874088343
-0.01342084246158111587865491,0.03168434169690560048282535,0.5956771323488028180292986
-0.0142385105653830869310017,0.02911534716062794125868152,0.5955139358034207130998539
-0.01610855201381402798666009,0.02533181093864412050664647,0.595569559838900808301787
-0.01789888237643134927257194,0.02593075137160655990742342,0.5964944149872096756936912
-0.01977613028166521486062024,0.0182164664924206846918775,0.5983768338950746779048018
-0.02065427901885791284186666,0.01646252763716802083870938,0.5978480816921711848976884
-0.02073393646553191305148545,0.01720672360069547962568848,0.5975978062611183583285879
-0.02146092440754261698732108,0.01578255797212719038769002,0.5977310843241376847601032
-0.02027248815687618388459157,0.02033458503962824043265201,0.5995936549106591906266317
-0.02146733095283306566591897,0.0207994865766212011504166,0.6003477512051379472168833
-0.02128517784814181260100163,0.02146474427043423144345624,0.600491091240874519385784
-0.0211062545242841417825197,0.02198365552041035148045367,0.6007943773043644686282505
-0.02062312056371343876870483,0.02255881883354644845685044,0.6005337711520959409483567
-0.01986556277393657088392587,0.02307880914596435045771372,0.5983880006476159918449298
-0.0202077035738829555167051,0.01895618364811593389851474,0.6005093296709034245139947
-0.01792443704248851410465448,0.0193387847457197961653641,0.6017410644499433525211884
-0.01840160031154455116952917,0.02003352067422720095279942,0.6010270612346946261794756
-0.01693669547106603501251954,0.0217861413949534711564926,0.5996929500464662776693103
-0.01536214476357380259718965,0.02420989679368554942096026,0.5998925649569547546846593
-0.01393567009176434161321634,0.02397101986243407173438058,0.6011395752808077475037862
-0.01250217375446005703409913,0.02711849058738600992679579,0.6032038112440680777126545
-0.01124542076324548493804212,0.02918548928883267848388705,0.6037842613359832855124409
-0.01213620283392148613277328,0.02602129705608915641312784,0.6018926179127310760463843
-0.01044708167581029183146324,0.02750712823593850359094048,0.6006340692869481800997278
-0.01015590462454594652963458,0.02718275650378801366890968,0.6015519897030918716751557
-0.009718645629424408141638914,0.02890526852480350752938598,0.6034454186033381128950737
-0.006552171623697660221563588,0.03266872349931673052969572,0.6042024935736531876528943
-0.007527238146143441430147014,0.03060517214854931167256069,0.6020178356653654860863867
-0.00552225890820583990153958,0.03458420533482341879816246,0.6043001748349150492600756
-0.005575943965952579947642498,0.03418165877075154956976633,0.6033369997760531511232784
-0.004841130126366510917634844,0.03603048797876012843133253,0.6063827134028649812336198
-0.003046626624305436535633529,0.03567699374474696261128059,0.6067722191243131169002822
-0.00142843042154759919219742,0.03605478499244094137132777,0.6083269268378941330155385
0.0002724418271443162045154784,0.03584529275310430196377354,0.6080547760804341228535463
-0.001586846791401881357624903,0.0336813094312002000996209,0.6066088009294143823524337
0.0008112272631610582427838518,0.03507909539046019653518726,0.607395643696391873689322
0.002142288480427411399842352,0.03556261970880555955965008,0.6077061967999110025928644
0.001186082817765343917770782,0.03534656572696900228569561,0.6083744532592717524366321
0.002827417122528493465677402,0.04057025221220151439682766,0.6076587423682676680769532
0.001292271929394010103811508,0.0358836927994441792777458,0.6094175027421995238796626
0.002504747557880830383797433,0.03722635722029323662729539,0.6092997725891370341955167
0.002330938562171752572588224,0.03747106476800286800621365,0.6094583309679321159180176
0.001512622216066991697250299,0.0342237616004060149488275,0.6066219858307015933007733
-0.0001114657576442295579917038,0.03607006089846993834857614,0.6094145007774209865658577
0.0002156552721918174873091262,0.03383144501492826861088759,0.6096851770086926247671499
0.0005239056819234537594465184,0.03490962111033138470794768,0.6092340150225855621712867
-0.002899358834150410086510918,0.03142641995630486573265472,0.6082969204904125071209364
-0.003601985500549340513815055,0.02965758962400293421990405,0.6078844103844456281393605
-0.003178718623764532295178364,0.03105677334064173983341206,0.6103694570270912223008963
-0.004361097767626159228682159,0.02977949473739896490975809,0.6102654783504756208500908
-0.005457122475480120568636089,0.02836675265388296715562966,0.6100854800336821259776343
-0.006891421977708516583005505,0.02593680820995187402688842,0.6091210964002585770415976
-0.007018773799348366863870563,0.0230698693972613798341964,0.6073073799008300577284558
-0.007898921424560933005065699,0.02274446656765824123502817,0.6070603895171822195209188
-0.007305162524879810215239218,0.01895192981859658912235922,0.6064492053090361212142057
-0.007036968245681351347142751,0.01717860024813496269691093,0.6077114313516540633486329
-0.006317830560606134404633139,0.01536581574363384168624425,0.6085722392506786038168798
-0.006643223350776599790690202,0.01412031114239461516979279,0.6068906654896982777458447
-0.006580510870182099472658344,0.01464798635466187798348514,0.6071657189999806192304277
-0.00684796968549174732421303,0.01360250501635005063172379,0.6069373662483714682025493
-0.005767595746975681322843421,0.01429063059691365253356388,0.6074119356096483457463364
-0.005468215162940980381134359,0.01597365772603518210837059,0.6075372870000815828106511
-0.003097074206304735888989343,0.01956921262915451570352232,0.6085712438369768051416031
-0.005521769866750503991115195,0.0190609444811895359372933,0.6073461271986984044701785
-0.00390096394639982343988116,0.02763611028163346847175141,0.6052912927144581400895618
-0.005256294564275856839863366,0.03177927203020480817485804,0.6040173736310540109073486
-0.007462430994854639572377852,0.02462562797432911107509135,0.6049229145655571349138313
-0.009520322146938105245528305,0.02550337223892032087468884,0.6041348410416155223501278
-0.01066289033093217181180634,0.02927813091303412690313834,0.6050769571121039636096839
-0.01350005048840214987027064,0.03159381990538717016603343,0.6044273931880823624851473
-0.01491150756836983649888939,0.03606080432937985164043582,0.6088725023120306056867435
-0.01724905077382119303330832,0.03835982715941316234520286,0.6072146566587589555652471
-0.01714648803056658191157346,0.03845307266542836305278641,0.6096729450412127215841451
-0.01835600646924100826096193,0.03944242959638655926513096,0.6097986191155000401664665
-0.0191010097035545743648921,0.03671268142339422640985092,0.606169215317097109796407
-0.02067089119919904988131876,0.04137228875281766249383253,0.6094170553146557312018672
-0.02079420771048534968827859,0.03950395755664469488177559,0.6042001157757862506159086
-0.0202966580370597567128943,0.03929983558273672517024977,0.6037889961477755917940158
-0.01930660601835128969971933,0.04189248036298384714193332,0.6044543962430879435743236
-0.02211270225648322845790616,0.04132649326771962311477537,0.6019394513579794381286092
-0.0195765508713364178028371,0.04269475958207712834591163,0.6035026112690170529972988
-0.01640235717659142486435364,0.04227809715347510127747555,0.6041571569250614448520764
-0.01735420713954882732110718,0.046396186727907892666245,0.601028951879984729700368
-0.01115508703254925945702603,0.04392173110288431076009275,0.6035276086338456913438222
-0.00789391981740195612660127,0.04508640284514246060476594,0.6039361252269620505828129
-0.006346034093967613601283695,0.04674898420498591750105177,0.6033270571162825390842954
-0.003188316780412949608125572,0.04589603606711107480764511,0.6036460106038381567827855
-0.0008316767405994964943924397,0.04660598581845680488111583,0.6032233728765811209271419
0.003217486005226510067250834,0.04673333369705039153085835,0.6042592884948969622627146
0.005968956848124444027059443,0.04623469231579430821499344,0.6037748701245921889579904
0.007833307346853798577845929,0.04605272677411505893863009,0.6038092235607466218283435
0.008876647126758983180616625,0.0435976177907208758965929,0.6027393210516206467630695
0.01044128167318425504106472,0.04328087640756149434562161,0.6032810981933099947482901
0.0112882534960144168684204,0.04141867621036859209437964,0.6027164450631883330089522
0.009083484360835593351968242,0.0407560466216352820789659,0.6005302599462439827604499
0.01171630913159700353165515,0.03642093093868763870046834,0.601960016665872177377139
0.01231472056124144343058902,0.03257930086151508697334123,0.6018262820428493808933013
0.01052810271461168852014101,0.03137174393402804989383625,0.6013404696612287825274734
0.008920696126704217090996885,0.02934948628646435325739716,0.6015067796762991747527849
0.007922933402302772751268911,0.02763534098748583744953322,0.6018269341708353259434716
0.006973773518843905290520713,0.02680618626917234334494644,0.6035082640353678362643564
0.003681674109240404280107839,0.02483798234522576961480489,0.6023254144812060228986184
0.003539431964914318586024056,0.02275029088252786269030992,0.6025318957864078672770347
0.002757680178256990966012552,0.0214114100542949874206311,0.6024962770063675421283733
0.001592670457400364352265609,0.02024948094993567204724627,0.6021907906144680078242004
-0.0005962400777173045398130147,0.02448208978933649748732648,0.6057734399895514654232898
-0.0008768418575077282931320988,0.02280193261234828017158804,0.6048693233584087058929413
-0.002023700139040721882738305,0.01794504222431198350862225,0.600586544155497281671785
-0.002305667582271191291820589,0.02963279276086092789421755,0.5999219685846270966322891
-0.002048553701882254839822251,0.02348825014223002854985012,0.6015961795171251846880978
-0.002714566606927123863790552,0.0226381977791278096723282,0.6019509998628093105921266
-0.007218926983215568499163695,0.02046282051504317439638569,0.5998619098916166958446183
-0.00841500465159326742348167,0.02123748555356785513992257,0.6035316166300783713438705
-0.006390348037364108023383746,0.02820471695582362284260292,0.6006898474648169061751446
-0.005181739238910351014189004,0.02420198911926742593725415,0.6054783438127647743343118
-0.004002553760833129845031486,0.03005362600405882961274173,0.5998688229782044301074961
-0.005993962215767666135146641,0.01983403925211929541561062,0.603173309354322562114703
-0.003671840281114873132811693,0.02973397371729299271114755,0.6070524771045943124292421
-0.002846190906321787329052997,0.02441601341733727961735845,0.6051203369368979290143784
-0.0036219124814123606313776,0.03182835953663044198380661,0.6059077810292835541972067
-0.001195906545059648292891885,0.02856908223476372840621273,0.6008363551045415862361665
0.001056231418939399804499124,0.02534040947841112792482399,0.603179771292838506902001
0.00177358903755655498285515,0.03015695527333773356959412,0.600102734152812566925661
0.0003225357070751502623628948,0.02616549376853862657332783,0.6015875444335920807503726
0.001714097707784818097609403,0.03439438252202552115388556,0.6069507285742656854665711
0.0005981659911459527492055832,0.02776199380719930262517714,0.6017661290967368792337311
0.0002754038780645707792417431,0.03092097121291625949623949,0.6032611333159776378920469
-0.0001979982305478266899328305,0.03596212806814037127312034,0.6000492404021813275249997
-0.0009117195336868451132836255,0.03644171548589180548161082,0.6016241280137056834931286
-0.004193184586756773350735283,0.03184799902654780745514529,0.6028623574133791240825531
-0.005842008664789604538425394,0.0324904743206680807210418,0.6037949522036680782832718
-0.00685483170874694614643774,0.03490197526434535291173233,0.6037924361355910818360826
-0.01023496305676625806047042,0.03404527510707001242140635,0.6014127956768429150713473
-0.00720647072421299380445836,0.03520588655660347038311997,0.6047146196037346266294321
-0.007512501717341946681771869,0.03475283090668236651854528,0.6049902545554997068677494
-0.007763596975800202137918404,0.03309124226894707976320831,0.6040012091894452206375377
-0.006735339557818192587901329,0.03192570723269801818977598,0.6048427950322303736641061
-0.006479865704233965864600187,0.03061291079123594841004952,0.6047056830551282846641925
-0.00607151053219049698095322,0.02966987646973336459343962,0.6047437376602157188543174
-0.006098321836016305959315975,0.02839686460415758589848068,0.6050308788968495887772292
-0.006143696045533809067806796,0.0268317718678260652698242,0.6048757818094000482389561
-0.004888576926974949436732754,0.02729888379268695028367908,0.605558459535840976073473
-0.004626354387079016465544878,0.02903153296113528819555327,0.6097502811050026227945864
-0.005324739349755412340381433,0.02840509203308592967029966,0.6074872847308440126923301
0.0003862848454447408304800182,0.02229168005508040326101415,0.6050590574705785318343487
0.001183158224860303680409102,0.02122549056325034530501306,0.6049522221622276596519896
0.001846616923458529839485731,0.01905014163211128652708481,0.6050067970577464038228754
0.005739541034303322249165991,0.02239038405523058328228103,0.608543681301764061153392
0.003326106877640364143516871,0.02011170400393745560929659,0.6077230721949651304214512
0.004458028648405406788035599,0.02506062830373400815431317,0.6081175725766582162989948
0.00753878237299811758409529,0.02406896927300114161218936,0.6054421180382832945454652
0.008648100771518478155353016,0.02138483930357518505993575,0.6052733373071119693520359
0.009932097093969726939177711,0.02135510689459027902636912,0.6052818327789527552695859
0.00921134928176818405798354,0.01413403577849569464630619,0.6094246722110363556623724
0.01022373375959938039680974,0.01352806501284949634855703,0.6068199775035856280425151
0.01210083587552679591781146,0.01509667530616208563909453,0.6090572575324834092569404
0.01316707354171386436247904,0.01564579903296190940831245,0.6104737007405873772114546
0.01300817359211474052993474,0.01922624806158529028876636,0.6139414756866170552740414
0.01233445235618417859524421,0.01184542641710136824662047,0.6058897788922766869390557
0.01398444651815173613018661,0.02719892504548790390650481,0.6059909775530510911423221
0.01446221197980092701418364,0.02174264255011126509287145,0.60543270388429548667375
0.01378066410009876410769358,0.02075974361923310987365632,0.6054584794016172333286363
0.01288503265520932888898997,0.01847855201845589184772578,0.6091917198109927378268935
0.01152331678461466710206018,0.02029058518260070526073591,0.6057376975519961348481957
0.01009539918057598441303302,0.02263089790423665828567046,0.6065576086872646044412249
0.005835785069837220659372257,0.01671062605308718321261985,0.6086941677859131205607923
0.00737123019591741368561344,0.02519609602480365681542729,0.6098548674450542383951301
0.003961086641167207815505957,0.01724668304816158112546809,0.6072235986888606662503776
0.004640907051031571868560111,0.02726040597532492643084723,0.6081390993885433804422291
0.003912352983584213225731752,0.02686631498048658306387892,0.6052523327571108779920905
0.002111355676054428674032204,0.0288210857415679214121873,0.606431462417506228490538
9.286084800172038659568652e-05,0.02128430792152859532539999,0.6079534606160397203211687
-0.00049682837929580336410601,0.02109949570538492344407011,0.6070742304252045862256182
-0.002561908461735712058682246,0.02041041139871069623468181,0.6078072169571159255596626
-0.002108737791404621374907746,0.02311554702358359011937772,0.6087570516960116862037466
-0.002867904353257857107128981,0.02497168682104825704337614,0.6091935921544875398581098
-0.001893116754428312816307955,0.02769444673550515087501189,0.6093970444009477738234182
-0.001508712489633100501187912,0.03320685173490774827476102,0.6078391906678937139929531
-0.00176896972098391580888177,0.0317383870981808938194213,0.6056655816889326970908769
-0.0005019990547271237007684319,0.02969849348790351215021666,0.6046093279032781486748149
-0.0005780421380825349550458547,0.0298373554338843306743545,0.6047703800300826548763666
-0.001782085499576629072579492,0.02522072170837695928580224,0.6058501592011470426868414
-0.0007361168784699487861386547,0.025381525778019164985011,0.6052674543067653178951559
0.002413263596025313432319459,0.03403986690082741461971239,0.6052089361681429746653293
0.00352211128680389147851959,0.0298623407628903908550555,0.6087962333952384730295648
0.004989601119798616098155453,0.03295642090406911139943702,0.6068028871821812275655361
0.006025198087416461061038842,0.03386670846351315378175428,0.6052357186265118205170666
0.007944465379271965776997177,0.02935121170762839543089129,0.6069804987169176158090522
0.009124242635810176499377988,0.03172942220448746880601121,0.6073941242311373667206453
0.009750934629211446130758745,0.02526567705032676039444972,0.6074930880052660242540696
0.01048790500322120677889615,0.024240493600015421138405,0.6067342045021378860170103
0.01096289021311268319092136,0.02668058647301276356533783,0.6083086574999141404873626
0.01221244079556041244039033,0.02108159134594858596933875,0.6056377333856309830295572
0.01365725376674045005165326,0.02068757660992161934165878,0.6061379690958177413051544
0.01477544131504360952478194,0.02105836015660678128824657,0.6054144054395658169909211
0.01557104125542041646312885,0.01917629441142699661670967,0.6052318901558911834470678
0.01462718670119661674988709,0.01620776491427706675341192,0.6054086621753075325713667
0.01446699110489671653845267,0.01511507691793431695792549,0.6052390545556717293962379
0.01628353018609815516803963,0.01681198787231805852337985,0.6060229945520045902185302
0.01590799694641975223219355,0.01175986652514576617789555,0.6043450338939220234379945
0.01791945917077851502252628,0.01405651351889027067532112,0.605685770180949156760164
0.01696284933174696876734266,0.01034163998632445062575425,0.6030893676650654899873416
0.01820240328173039143222489,0.01077332768841885064781128,0.6031056625929350767378878
0.01792013463182012128482867,0.0133532730381561923205247,0.6012374647079025136164887
0.01727208847702606589469276,0.01096488352316710504497088,0.6016156548221935906894942
0.01673500710196192120537972,0.018688664463348561572964,0.5999866927486828815929698
0.01559040405281421695637967,0.01204098006254109530510643,0.6036028390052611269922522
0.0134610795586494295938973,0.009183444852442738601250305,0.6026008586745730255529452
0.01247908668530719848710486,0.01070463313108810897433809,0.6013774100997263394319248
0.009541430251066346582278221,0.01027073468116424664886566,0.5997394712183548026729341
0.008317991535282773241100074,0.01166762669226545021117225,0.5993594073999607418912206
0.006270972902249354746784249,0.01212980831416908197861737,0.59959579593756173743202
0.004922825622122636857191935,0.0156484637816632354834212,0.6006805938988045712179087
0.001603852070469313556219659,0.01427829553075609173018456,0.6019459558021835743346628
0.0004602156579382466199297508,0.01610186680239162476668824,0.6018421422222267613832969
0.0006271404488322202940703276,0.01990279097885990985949967,0.6016009175628682648095946
-0.002309757053303273643257709,0.01989193180151341625028216,0.6009155868692594992808154
-8.303809629339785683410646e-05,0.02154224627402028316436322,0.6007471156727460792623674
-0.002476893988973328554481501,0.02265265871767051242269275,0.5993650490376971617934032
-0.00318808789093716132487244,0.02404289333321351154748591,0.5999860246712538369706635
-0.003026092385655120876875035,0.02691588734966291959760376,0.6014900771982812921478967
-0.001947602904826678527072659,0.02905748821778476181920681,0.6027311912626662770975372
-0.003520422006102338300520538,0.02930710549581690138598589,0.6014992903669637014374416
-0.004521094352856511178195831,0.03026023744162400011536995,0.6004142496317336208377924
-0.004118927924421681222022507,0.03029032861542683627287254,0.6000813241658645713627607
-0.003430953302296232791668285,0.02851738785880744350698102,0.5999496112075939358021515
-0.001660591653218439515612981,0.02786772630179180573750664,0.5996783397215506017374764
-5.952290033686143095421547e-05,0.02715131754488508616929288,0.5983211861301023226644702
-0.0001055216737113857190712846,0.02895857955488554541512158,0.5997420892936820013829902
0.001087606357310001757923712,0.02919902879795686911901242,0.5987364769425130850422079
0.001174875938611798665417441,0.02413222561734557763957199,0.5997304341730465004900452
-7.193271647464979305468258e-05,0.02160609200952920763705301,0.5995661337728690476467364
0.0001735271107027159631468194,0.01952209057889115265127522,0.5995375714542640066540002
0.001852581872304811562435223,0.01773292493041445788692911,0.6007194748791078175997882
0.003112816256132615571478039,0.01421732954098693310629464,0.5978956875200254206248474
0.003075445843367011645314024,0.01312507666326949255786172,0.5994427143529394985677072
0.002324393681190301333416848,0.009801904287953820682499639,0.5993227553380089389634122
0.001455186351121947729153616,0.00742361934070933683627036,0.5987349072010883510586154
0.0009654078893636076560968995,0.008229953155095642847172144,0.5971643343372106116362374
0.0004787181968772813976144287,0.007295730325147062322876934,0.5988844021739976319906873
0.0002741181520610327720585686,0.004771024242868084595803335,0.6001507592338698460210367
4.645454032216693159105386e-05,0.004424407471231371624664774,0.6007390261041197776492595
-0.0001773529626776131410108989,0.00392573260606655580207125,0.5997088796248232211993923
-0.001364358311322366517845395,0.005592985330812957726898116,0.5966393493739778897122505
-0.0007226879932182041482019441,0.004546917240861310209598667,0.5979600877294052319044226
-0.00174963356022692583489897,0.005102944840510844834446935,0.5984948102986213935849946
-0.003402825934841478480730181,0.003097428996629228523801425,0.597544675541428982334935
-0.002921805300993167431311548,0.005858706676093346221723124,0.5996025945517139410512186
-0.003838549119143916648483339,0.007223762060576330301664427,0.6005567630316795968425936
-0.005730262659766586705312186,0.005979621418887534969877073,0.6004105458923290061790112
-0.006714265188272865690632951,0.008703827410084583396376878,0.6014064437220951742091302
-0.004844284673203075666791939,0.01095347545337455215375133,0.6026462280266173809906149
-0.006006531955919925530595904,0.008054601830130557818532289,0.5995979555333682542439533
-0.00537225874701081993617402,0.01175361236913316682894948,0.5995863839547416196396057
-0.003693269155805634345463018,0.01274300859610194049109655,0.6004487565102252233373292
-0.005017786413496126869671077,0.01819689916579439806221252,0.5989197198570951341523028
-0.005885836151988107188548494,0.0159939222366220525073377,0.5982196192945762325265946
-0.004903901697749064696185695,0.01418820876297685260047921,0.5992436678185706355748152
-0.004478534702209904100334015,0.02270145486218153041413359,0.5999657512019741512077076
-0.002610151834517187349055112,0.01936752673294814264259855,0.6026915682345116431761767
-0.003389589586555275414064825,0.01675261186856553605184494,0.6016964111522675739962551
-0.002578493248507271896202697,0.01902229725859254025333023,0.600170276799319446503489
-0.001301356771630692759147974,0.02034465405609025070998719,0.6022610330279982715495635
-0.001223408139711854979853056,0.02536073788734420977886153,0.6007641660935241212371238
-0.0008132050368678259621643689,0.0245720462542122486393481,0.6008029904372794716138628
-0.000869901205114464439946409,0.0242211531185348438732774,0.600248050156283463607565
-0.001173767191632450832688983,0.01961839004596933541679782,0.6016410221728506479976772
-0.001823825366565196004486893,0.02184896569459062951046313,0.6020035744611441641538363
-0.002260208703504242369608512,0.01898979252799504885418358,0.6017967189905134572924794
-0.001539109937871040688361912,0.01596942834997798835172667,0.6026985369065319675385695
-0.002265613270207654517118812,0.01432724031951272333773595,0.6025234015794346253969138
-0.002092049303863180616247508,0.01339663380680908462416756,0.6005578402432151241541192
-0.0005185962561664656097701331,0.01538455157131079879817559,0.6029947530236743347131778
-0.0001624029421839361434463933,0.01654381412085979830006721,0.6007239998314376494548128
0.0008266737275983346549396158,0.01641646895823035273709323,0.6003897672330995582967716
-0.0009369278235444255219233067,0.01925508657720017072212393,0.6025816159479393530062907
-0.0008641213928613600096795277,0.01586973417755462370526409,0.6013951402406290114299736
-0.005193371825307189354470339,0.007897604890796354124016254,0.5992851334427329312859456
-0.0001903392553494669212771351,0.003376761333375902663506141,0.602353974266487290911698
-7.486414829756969288847984e-05,0.003144455975098032259745784,0.6031661279043241119524055
0.0001046019709951670397657386,0.001242136741714404109607206,0.603548076480093675932892
-0.001659056039121792076179718,0.003798774305648870783930215,0.6027570279899338023810174
0.001639591444426904704584347,0.005657466769316541778389595,0.6023180540318398001886635
0.001501485869362502228660516,0.004813516608206978159012479,0.6025426660332812156539717
0.0005902963154321895110007712,-0.00053902697279975487956033,0.6022007824440053225245606
-0.0003081922461142352670689093,0.007568294248427870872519829,0.6036143035251535504670528
-0.0006259067051680426317303296,0.007158699370582244717042819,0.6031531393119990980267175
0.0005207669837818876398469192,0.0006100031386614144027213946,0.6037598849949491475186392
0.0004744884500546093716866203,0.006333438736442216498989666,0.6032936041390074555224032
0.0010209640127736886467541,0.002730748999644493340416274,0.6059994789849812990567557
0.001470319874270261100573931,0.01055392021853371505024644,0.6044650340742843130925621
-0.0008512069194917919190412903,0.01614032253569685701477532,0.6041688519662201661830636
-0.00180866790818843105673186,0.01031095211361574177921785,0.6032420631722490433901385
-0.001435198142733410970467434,0.009486372711275541796949184,0.6049815305488550620793831
-0.01030148146430745655088845,0.01924227763130154436610475,0.6086435399594182227289707
-0.001296797249081030030740114,0.02160868891771530742040852,0.603614056296436829462948
-0.004083538156632215282426657,0.02658542793752291868991655,0.6053429715799545363097423
-0.003173792346294849932991644,0.01727463431131149099173605,0.6051191172784942118312301
-0.002706594263794702328457253,0.02520165834973394497486865,0.6042457932527761643726194
-0.001862715647421677280307084,0.02848942899262175976193845,0.6045939693888597865623069
-0.003024389433178411700636756,0.0274685838508174594296829,0.603869901449795798420439
-0.00172463104727897643085599,0.02887998590370810525485012,0.6031069822842826111397585
-0.003653157124068595867222298,0.0318097985902698124349719,0.6047505237723277415895495
-0.002880275144787463551671047,0.03379758521015486377736536,0.6045324256685440378333851
-0.00146844151986138724517994,0.03460803923741368609556801,0.6056026575621381580205593
-0.001064252196969213415389532,0.03343723122153297033776198,0.6048815095169428612820184
-0.003048500851105198031915089,0.0227096350648732236976457,0.6068059298544357105242852
-0.002419304840231225901120427,0.02785234077036091021595254,0.6044759806591470940873023
-0.00491284833877478777780512,0.02459169466159970285357161,0.6079669561492239138189575
0.00017387923630869818849079,0.02560937095961577161795653,0.6049294244909536599763555
-0.0007353173225359355483221613,0.02877169036455359124593301,0.6055241150022268037389495
0.0005118666354901187879461455,0.02272164472609065205555012,0.6050810051324493343827271
0.0005589001302505596652236974,0.02313925007488673232791676,0.6058640353384252552615408
-0.0006411219111889035482398924,0.02487445151002369569948058,0.6059628680213763329831522
-8.092011315649367403368686e-05,0.02413811598377096911960393,0.6053530382560985412254695
-4.845863885715313203335873e-06,0.0209521745167673308085643,0.6045347254425814664813288
-0.001350256428190792700946843,0.01253151738441697464476743,0.609212843481699017900155
-2.283370818327235937032597e-05,0.01476064328710085735152369,0.6056085326243849653593543
0.0004214610700409158658939768,0.0108493925991487820403858,0.6052951022491653843005111
0.0004945439932577429384061296,0.01136313850105554780489658,0.6044739998141294146094538
-0.003356100283359517155723495,0.01165865357587119940929732,0.6062297692824176742476538
-0.001910028525648378369683478,0.005500805858970533694651817,0.6052106855354419945314248
-0.004377726742530187696578192,0.007304438891686500581745811,0.6060677420260683900821164
-0.007358733428347949238890191,-0.0002872571123143243627603982,0.6088370150799859992218899
-0.005352454956591397652876374,0.002350899699120006288571849,0.6061731577569030582353093
-0.006675624325578994981700287,0.002006603856464906406736892,0.6053089572873238122241446
-0.01060685925466737025701924,0.005950829590217971212795511,0.6062046522973362217001636
-0.009222076126753464553331696,0.0050401341336936203441077,0.6046971546953617826503091
-0.006828356411776571009697445,0.002562434627352552871798474,0.604771049196855203788914
-0.007298902894838254183651483,0.003313027860663066061913673,0.607735457347410523709641
-0.009621158545903145051236827,0.0003978106848525874155060589,0.6099235943811450733065271
-0.006671616041855787937464584,0.003524949412317054942000993,0.6047437743276485866417147
-0.007773771557358700491635606,0.004384568221063213019905724,0.6053607724299905346043715
-0.004654000047248437084423944,0.004656370502634518161733101,0.6043335567528399510095483
-0.004080354303204291981088669,0.006540805285835468371735679,0.6060445068758593123448009
-0.004232036296635288165346456,0.01073351845113029376377334,0.605724935709690659457749
-0.004250326296900685044133361,0.01295364268708334293256357,0.6058029549606264163585934
-0.006150184337404708719010404,0.01115475259696010155996415,0.6088833809033050714631941
-0.002968067834231505938008544,0.01690389725259430070414268,0.6039421491263693431150728
-0.002807024707106196056288772,0.01341432991737031774071021,0.6054962643422850954166847
-0.003064141122809650296526796,0.0153720852913685011170708,0.6053987526752370174065732
-0.004597649950180623078244135,0.01882239211841994427909519,0.6049422517950304722944566
-0.004882095985970101061079962,0.0157769574465779528760212,0.6058647452128750332533969
-0.005176254142567200157432072,0.01694146850993196590229317,0.6058746374393405575986549
-0.003885608418895607901744071,0.01823912220415898136072208,0.6061674340600314847549157
-0.004746419349721931954522169,0.01980928418215676528602032,0.605822452293029112269096
-0.009045728439377309984537057,0.01506447714070022030063978,0.6079914346366775967922536
-0.007434274394834057206327138,0.01877196222109588433224481,0.605831809042306712598247
-0.007749076841733654706645407,0.01895620296322388792509273,0.6059716495270907055115117
-0.00603502610786239932633146,0.01796557322875614454149584,0.6052528689222774760381185
-0.007622273963176062067104155,0.01999904758341981836355927,0.6061276852345558463497355
-0.008870805131300067009059163,0.02054177753078222090632465,0.6067853434474018703426168
-0.008085941463082099711634498,0.01226821039665551907327234,0.6062969381606291285891075
-0.007291022325710554315147949,0.01099617768264099168518122,0.6047065626272073446401123
-0.006500439409812762935059194,0.01117554924018626140436172,0.6041609222957756708538568
-0.006897271138922971174534116,0.007782193882334105701492621,0.60652382238061397501383
-0.006070687580114559646349282,0.006367698184180194294345956,0.606967861562215715842683
-0.004507348340410967206526305,0.005122864255042635858727884,0.6059448817891445182581833
-0.006902318712353722185426363,0.00181619081062650610317033,0.611103524031396783122716
-0.004347752012846422577097005,0.006997748670597929432357631,0.6064190362919043009171105
-0.002008190998443135002332616,-0.0009757574310111130329661866,0.6057575674631865414454523
-0.001755355473136279180132457,-0.0003328687525678343289876893,0.6039207788045753977357322
-0.001782553606004707441590185,-0.005428952348440452616018526,0.6093658852603626163713102
0.0004132589130835758774173971,-0.0005981599658547218480511565,0.6071116538116093641619386
0.0002364607293896108799417105,0.001710638226484509751348928,0.6061146443667151384460112
0.001642988381004936975643416,-0.00125446832389055707226988,0.6059666458463605076545377
0.00175564287024768963217658,-0.005048591612016735744039586,0.6090449032728547651416307
0.0005803687174493317663462322,-0.0003463036376000197189006791,0.6061502115537631407704566
-0.0004853308431003038893834789,0.0009831163823840036088824723,0.6089120123536636564054447
0.0003663737632225866629361033,0.001857827800122188168993609,0.6074073923552434361994301
-0.0006764437871818137527901715,-0.008362312663281690205963059,0.6070534303014780697083097
0.001037097300623918832984671,-0.000840526202116271604382336,0.6072676724308975204635885
0.0005283235692503049103080359,-0.0003463462865877284095096622,0.6088528779062818419021141
-0.004995803395222916075402164,-0.002352658341127017785354703,0.6105407492075172193324306
-0.0009688884296457633002810916,0.0001057823913804764603702885,0.6079758081366511968113286
-0.003505055742448858011744983,0.008044194238590077553063828,0.6084632573847391645571747
-0.006661980709052032871564375,1.731922104174719371475107e-05,0.612897974476747098293572
-0.007246713375289740369233904,0.002705168435883169384542635,0.6151827126712260396246279
-0.008230589975421795378984768,-0.0001205476887717241000520796,0.6109154296366208214408289
-0.008436604327834643438088769,0.0009943199126774512116438975,0.6136734235729548458948557
-0.01235579561737555447098469,0.001347168787700679789751113,0.6107415499355621779642433
-0.01463940932175972556295029,0.001100880435631983221902996,0.6126172526105669868812242
-0.01655409392802522500209861,0.001827177213659042205942673,0.6124362873474969992670935
-0.01754409264769234144676346,0.01109897964282831155091724,0.6107948603811247378914118
-0.01976371823742284136726788,0.01248524361843978726371862,0.6107627140968298062873032
-0.02265970570917593893134345,0.01096867142177521126100714,0.6103832219145937099114008
-0.02301331638039177604482255,0.0038433270363127103319556,0.6124863862445842910275928
-0.02389056888698366451495581,0.01129692543086244747863045,0.6124638945921303534447588
-0.02825088557188793272900718,0.009420782877474050825972185,0.6165511685331411806387791
-0.02654507982864335799422228,0.004111247982830937459930443,0.6142839870183381956181279
-0.02740855584636970113110443,0.01158113028683473155755479,0.6126278560499681669071492
-0.02839692644636152007997509,0.01140489886008362943603522,0.6123597388480732650606342
-0.02890495816858030045382044,0.01224670337694828796404334,0.6123863009076749852610533
-0.03024485294516901512373863,0.009374852886598686318997409,0.6141153613145804435191621
-0.02809336861858401437896937,0.008475804755774881890650896,0.6164821349111931914066531
-0.03028419248390021648043025,0.004045698276368219457876929,0.6156115944607408740907317
-0.0269084292740468626614625,0.007148785392081266273911488,0.6172556714253459864139018
-0.02828504995451412359908083,0.01068197790278034922661909,0.6156218027847014662157221
-0.0274318734631873208107411,0.01369936897579765618104819,0.6161205206654176702585346
-0.02604851682939943874339761,0.01370060736693662177543285,0.6152984640374200564494345
-0.02412289129900502260284156,0.01635351834896915310113563,0.6145478200213017050401731
-0.02342047459854249349953115,0.008209009095353114043858156,0.6152191354178635496197103
-0.02087081470979874550653044,0.01524852943613201443351368,0.6147231280793231666947918
-0.0201562819803526478701361,0.0153532127656710714463939,0.6150706073593972256219331
-0.02111113872578402814172982,0.01397812941283573147377428,0.6209669835021269790331644
-0.01857302230562622724630018,0.02143494840206191034970296,0.6155219365851126722688491
-0.01603667153460607702752938,0.01683146131204292170191472,0.6157585255881022900936728
-0.01547237448151706808163741,0.01754010666784512617599745,0.6166265684883984743436258
-0.01538102556565176283476237,0.02155512503287465228551945,0.6158952637281061015528394
-0.0143279875650491866218017,0.01725379870611147212211556,0.6152075898101867501566176
-0.01233859167492317929215595,0.02074839181841839352848922,0.6140958674453289578565318
-0.01449700772027625803040074,0.01931495124927519110857865,0.6162962471323515378784919
-0.01480676704008492342024006,0.02326905258668467840754701,0.6143594847239939316096979
-0.0158824497811233152078092,0.02250991767866106565976203,0.6221625257522649388164382
-0.01488999033587371650932951,0.02214735627689418812069633,0.6157095665585260446661664
-0.015005870670089105009537,0.02252734568846124704744049,0.6171420767846999000383335
-0.01613297960459169483327102,0.02052741262184626727660408,0.6155538586212974117017893
-0.01478275531250647714665014,0.02404319403328307458433954,0.614710203329944304684318
-0.01541327478746743612214587,0.02348682698009729383215038,0.615699703526016439703028
-0.01463874259214042496124453,0.01837422243303740015951675,0.6179249890442366499598847
-0.01556276625143203536094649,0.01824049151137623059337756,0.6189296962379426947364891
-0.02147899488381515079038486,0.02369325975414695792387043,0.6222226666386710958178696
-0.01774826645372993769167458,0.01403385024062062461092104,0.6163457572290531594205731
-0.01783740256741742080670576,0.02206021799927770227212065,0.6164499666498942653802828
-0.01808512221129169109112844,0.01229555239310341392677817,0.6174657475744803614148282
-0.01901149700919129229004234,0.0169578935712955229664356,0.6154628385394461664859023
-0.02058898734917691958345998,0.01541894575820049011205537,0.6142982768786715563891221
-0.02168130069719634636649097,0.005887662905734304501226273,0.6166860995627165831223238
-0.02283582721857704833645641,0.004459934900268310020710061,0.6170074442086556087971871
-0.0243612706426222236366641,0.003700939594377501088567906,0.6163338785194841795700427
-0.02541170505569776902343726,0.007759532003272458233755771,0.61626491088301427190288
-0.02747060660027580633602007,0.005446456672275048691012067,0.6167210867427868059564844
-0.02768851796244957419457222,0.009446552665576765997479392,0.6148779784146568561098434
-0.02801397736647950539867757,0.008485994080133419173450626,0.6203217119147157454506214
-0.03349884389907254594875852,0.003465498594296030372002848,0.6175546541882978024418094
-0.03458454624465211180162072,0.005411608186000540533788783,0.6192198529722143796050204
-0.03501327088422540034784447,0.0124381943709282218046841,0.6155849032512428209429345
-0.03577124834665542513212344,0.01170629200833329074116218,0.6155900045363703609879735
-0.03673893012400562818609018,0.01376354900955300934739522,0.6149565322386519872210897
-0.03912357537086497139000585,0.01747658800881248669645274,0.6151155837647591662076252
-0.04071970486490063267925876,0.01176332457916347100368437,0.6152223929902150834081453
-0.04168298569199967856802047,0.01461943904704588424736666,0.616632651871515058417117
-0.04150742796726848704569335,0.02238279947255839702480174,0.6229935594623667860503247
-0.04015318425855176481809039,0.02223593859032245781404136,0.6142802949692790503988249
-0.04025818723005359506261769,0.02482319642593503600247473,0.614730337782484315134468
-0.04402584883621001032860676,0.01613929541097902306545642,0.6157699539495496976471145
-0.04272993008767033557004922,0.02743300690223938326228748,0.6121699557024765647739173
-0.04675560278245553119669253,0.02679708420271681781898998,0.6186908070305916496067766
-0.0424027582905168176630184,0.02881817638187372451752388,0.6147669058380371698291356
-0.04358729278117359773325745,0.02126423332464690008070107,0.614834491084766954216434
-0.04243068262587137984276353,0.02639383544104959705700608,0.6188908296822596133424099
-0.04170011815524678200350905,0.02733966223800757960882279,0.6188257974792539251041035
-0.04004392488854682102816795,0.02936886236010553472008944,0.6186202724126087515443828
-0.04066865407997521941751984,0.03418586513734824666732592,0.6149045281333226364850475
-0.03863282500184355566785754,0.0304369187290595144546046,0.6127571477483509942985052
-0.03839913660580798748789277,0.02520802888966483176758082,0.6148377424083986131364554
-0.03758723710961985042811051,0.02478042896993115987158696,0.6149478157930677868492353
-0.03939419352513974514895523,0.0323229920626506225800334,0.6186867246859879543308125
-0.0351445577771756639817724,0.03265197273138381595103397,0.6129892868654359672220266
-0.03602969643033317181934905,0.02200199537364675578254847,0.6147385426858028578678272
-0.0334851629307850728878293,0.03133233507132483081081276,0.6131540815299116875536356
-0.03289562279962209012662555,0.03319889841866349722288021,0.6128885204277882969847724
-0.03281399885068550514866104,0.032269423059938580344852,0.6125242470226517355058604
-0.03342026488656697769119575,0.02247139924522536039153131,0.6134235223397398462097385
-0.03252781282861232081682346,0.02419514664398450878857183,0.615509719133242150235219
-0.03126084087100294839345338,0.02507459906232229612799145,0.6151079862713845214372554
-0.03035181897167170059215202,0.02550082671856314375791186,0.6159888304139179426854867
-0.02961990940181242690232288,0.02402826795831011774673414,0.6125690871991849029143395
-0.02952196434308692121750717,0.02184561977459759801734052,0.6136287392423670494778776
-0.02890881064528694199822212,0.02259652723633522736212953,0.6156292883087750578141595
-0.02735596157644748505077814,0.02326723919611492150116838,0.6158906074994230372965376
-0.02540769019026785022208337,0.02522383431588860747130099,0.6179143621728950819260717
-0.02660895337666940863030618,0.02381541068279091274972892,0.617253074954859259904083
-0.02646371212339965889315252,0.02255845078020827024212203,0.6153823549212834587152088
-0.02170820347285790444247233,0.02741461191332460536895788,0.6193266847806663255582293
-0.02580392633714486891327589,0.02453695852295879539783918,0.6150855801159798019739355
-0.02327949287600135364062481,0.02969701427997249038037708,0.6169286367482098576431326
-0.02499070722022982485310827,0.02444669214497913883876734,0.6149829369855259741939335
-0.02342929720680333657845118,0.02620874704842430374940321,0.6163667864953757957735547
-0.0241412672434867213444587,0.02548087543089311290955834,0.6173952233557882252057425
-0.02518913545548698978970847,0.02800776402271271808830377,0.6186084337859952819727027
-0.02501537213455122185545854,0.02768906334887889439388964,0.6170698600008609480127575
-0.02630815590690806921037037,0.02862223342202166800896102,0.6138820186982829607558187
-0.02855453312638247045929241,0.03030497780076060396203808,0.6211352172214769096214582
-0.02915506222229634347709037,0.02286115609112648189293893,0.6153185038605728518490423
-0.03284351010342632937177854,0.02906314935549261790903586,0.6205117694691141272400614
-0.02951297311443627433003023,0.0222102137174390625029563,0.6183303718175593433059589
-0.02917560439218706835884376,0.02414655505939890603461784,0.6174570693528347309353421
-0.03101096355235267304495395,0.02242012402823777977856068,0.6168103372515054694247283
-0.03128107770770311574226596,0.02338696828969392613184475,0.6166666625233407916795159
-0.03335835537822950946917899,0.02709950859374682385904975,0.6198296799733912232355237
-0.03037531029542886451544348,0.02851253698368835451382175,0.615121542714907709736849
-0.03304504776611107141892631,0.0201983565839515336048926,0.6194982364047054712585805
-0.03170370804321734348185657,0.01876405282127555085303072,0.6194430199580001072945379
-0.0314229261072707308222185,0.02088408516906285761205453,0.6187615715045916564562845
-0.03239509287229944134445248,0.02144049365945596696825248,0.6210292758815983971132368
-0.03106517521816423363367754,0.02307891572236698413123079,0.6210875328349877433353754
-0.0306780355309160569776683,0.02337039653279232923055453,0.6211093893078787342432179
-0.02772010828383578845413027,0.02229373540745044346422787,0.61456861095741055489583
-0.03060751806988078194127212,0.01902895232348008475176115,0.6181342734653790804699725
-0.02930128912007102029435579,0.01892814427646658317905271,0.6173513870182195661939772
-0.02700402159975736141039881,0.02112549158667988147275452,0.6196584435303204019263035
-0.02512460199452652698237642,0.02845249769075123766337576,0.6166558830865045415237091
-0.02785187437479907240911459,0.02190420101742406727707291,0.6215986225800164133303838
-0.02651966554895669389568802,0.02285074241229767891270264,0.6201064029516230036165325
-0.02407865850700031604136875,0.02251257157773828287972151,0.6209484460403541516981818
-0.02415307635145251541342049,0.02208734245951338506785966,0.6191090169225846873146679
-0.0260045710539442628816964,0.02005552437407675386848993,0.6202789008884292965007035
-0.02273454081463814613339736,0.02451401555589709235771778,0.619759776831780184735976
-0.02128108455442438012861217,0.02242180787074512030021545,0.6206932885670742860995119
-0.02059146561070470879406535,0.01801546428125539237030672,0.6193972149890927259008322
-0.02036225344886695085011574,0.01966632607271926597158895,0.6196128717493242232805528
-0.02126898625631056666263063,0.0202104329383001532494113,0.6187173924061806218333004
-0.01847433753230123473776381,0.02349298060456720543820452,0.6181522278611041310014684
-0.02101046559138986316583875,0.01813255204016882976558733,0.6196585958823254136618175
-0.01896942696856094429103123,0.02411191364295481656676579,0.6203930233567240826175748
-0.02144013043212803990011928,0.02480961592894840098133535,0.6210472873861014875274122
-0.02005949671428478367496417,0.02571948714063301832943864,0.6226521982252475329033814
-0.02376121567766980441360758,0.02782582086197084303424987,0.6253056049068506094812392
-0.02255158830957656318494386,0.02866038941306975340594931,0.6246444572051038646165466
-0.0222660947192944401462622,0.03068979538051340438808978,0.6233166674523044070710398
-0.02178531915924354980806932,0.02572135689735246741327579,0.618764312289830864521889
-0.02169481194770016968531579,0.02655721790231310719399005,0.6203743394424829915578812
-0.02186004945348557146345136,0.02620976626411878826483637,0.6217665014502911091653914
-0.02143681361545648339506087,0.02774811070955305117302636,0.6225559026129575679320283
-0.0201073526061080996851782,0.02967941041599998774902502,0.6215253693938740386926156
-0.02234224507737283052510868,0.0256105561931135872200116,0.618665271305656960798558
-0.02257948831565074337968113,0.02919189516172742901445325,0.6197684678849356698648876
-0.02372269819009802452325353,0.03159828026045014698341973,0.6203751491476664492452642
-0.02015661951076257174531037,0.03086768630571139898632893,0.6230262882621351305800772
-0.02450965195282838599011299,0.02950344302472639179679703,0.6185862394201725455999963
-0.02400615919137142478811953,0.03528145009442514024033954,0.6194741920367793364121667
-0.02370586826816350328739347,0.03498792732943434291570384,0.6202840911980223026489512
-0.02788130463669439423890495,0.03589982282787083922581672,0.6196378644239178834496329
-0.02833990698076125150373095,0.02978836305567259326587681,0.6198111547823952349745014
-0.02570903739141693414294032,0.03537297839701267904155557,0.6214173341683930651413448
-0.02771070503247894181719779,0.03717047422683657231790022,0.620309997787985900608021
-0.03003890760365921647201404,0.03399005752779454825329708,0.6180375882900466244507243
-0.02913825055041868380967252,0.03173227840521638393189718,0.6173624181573280633728018
-0.0279588995371076662332932,0.03136309928283947945359955,0.6195154196386262190898719
-0.02816806949954261951596379,0.03443114425556650926019131,0.6203408940198122945020032
-0.02776063765821711049053278,0.03689664819282920810161741,0.6201924367064246546021877
-0.02672830188208902627011732,0.03412599417157387987620254,0.6209915038080809912557356
-0.02803979819018594457635807,0.03282206282931565688443243,0.6194512822390394468641261
-0.02486428406629379722625472,0.03208768452556678280052083,0.6191783885070960558039133
-0.02276487540558054176176306,0.03553777040309816920293784,0.6193244004510181088818399
-0.02137925288558033612429377,0.03553444861147312533455889,0.6205595924993646539391534
-0.01974934970408544904207915,0.03555143582316453582103932,0.6244374885145347331416588
-0.02398915918932563451360096,0.03157212668611796002604564,0.6188870028067420259176856
-0.02020751385120483564761251,0.03623325271485660498127501,0.6196476568626806402662055
-0.0186607283855963618224294,0.03422041645356945632761025,0.6199442327528106311262945
-0.01833685569128518794146387,0.03366291453175287301524676,0.6196891443333922833147653
-0.01856991483911926005268,0.03110293787207333432442979,0.6196433589602973190935131
-0.0182615023644060354979235,0.03082587035771833933184283,0.6181845514979181777093231
-0.0182155740117547829126643,0.03586664756449740171229124,0.6191518717613997413451443
-0.01688557573664897434873033,0.03240529874600393128725173,0.6200293886507644014471907
-0.01905596357601417253913034,0.03118121695760926043172745,0.6200508084125726515623001
-0.01966435014568151604108515,0.02684213357188207707548777,0.6201781627269822294579171
-0.0201882364513838764852327,0.02564871928301997242027888,0.6186303263225874093933498
-0.02135108033027242890877773,0.02818517346807377504935843,0.6196554013403794414216463
-0.02400128404345647920026252,0.02301622247074343319273027,0.6200795110379726526872446
-0.02316876275318021510818411,0.02199535478432551247052196,0.618750073083741303214822
-0.02234427796152783571304035,0.02648412316045060249658505,0.619524121026184926286362
-0.02369583937799200554219503,0.02605701558708936951824775,0.620696495731099306958356
-0.02310801309611260415111111,0.02541473344592697428123707,0.616319711192587771364515
-0.02425967951600698294112313,0.02438318662825808558203278,0.6204752605556568267886064
-0.02480416686756448801931541,0.02023927722881731575133024,0.6214779218429393736755628
-0.0254074679623883074863766,0.02549139579696429666610946,0.6209258415408186460027196
-0.02476190347517280565536879,0.02480714967956712188601465,0.6208961262577898931880327
-0.02489884297251605121958917,0.02457412798919052579482702,0.6226577615514500285698318
-0.02470388445181592729227305,0.01987965725743089800969798,0.620443204847222706810328
-0.02373591684528242318208413,0.02037258527642539854274339,0.6203297192080898803112632
-0.02114489543974248236812841,0.02367406500299125415853752,0.6217922898479104620861335
-0.01912605596636126822907009,0.02763225959059561684383333,0.6197394270991192222197697
-0.01941443370265331924695573,0.02265819222588644210603093,0.6210400174124635075401102
-0.01704388872253486189589644,0.0244596874991062467052938,0.6203317778115070568745182
-0.01495008522375839907225803,0.02570144083313219765529745,0.6194491386359011197981772
-0.01108322633601002173142636,0.03141017080711795000924624,0.6181615223706655726232384
-0.00949242066039829128498706,0.03154712307120488556932969,0.6190970241507184335105762
-0.009040336592378489521948381,0.03060138491701539301126367,0.6186862844929962301776527
-0.009035922142463601730577594,0.02664343134517017236406744,0.618733761025014428192037
-0.007396013922387073731556928,0.02954687097583332672234846,0.6188438407115216532972113
-0.007221813117392249237180835,0.02935288958480106527582087,0.6201194114347531316511208
-0.006648538901172736104161487,0.03306056485504691583310333,0.6187352652140328812535586
-0.005756731113336158341120541,0.037102888303366922395643,0.6191574129434403994665104
-0.004476900102368645481543119,0.03581989748406413237580281,0.6220332412720230852443137
-0.004164309251990239157947826,0.03646051752473902785034454,0.6197676760873657153538829
-0.004581685955358389024383303,0.03555273962886566774255215,0.6198971295051814989207628
-0.006666882143686234628299214,0.03786588648907786985864377,0.619832544842604526991181
-0.007516316270276958248774957,0.0354521951327772810724781,0.6186120680850204500700329
-0.007359762417058476891007501,0.03439896966359036467597576,0.6211292703126352066078653
-0.007144757323423176105514631,0.03371884791492518740341211,0.6201184735797040659122104
-0.007365340555533043780112035,0.04133984799952928473887326,0.618799190392778530878104
-0.008931242157339673234939248,0.03352777022188822841908262,0.6196957386143358004204629
-0.007330137732554878327029257,0.03575150456832374562532451,0.6209017904635184548212123
-0.007251268825802386491785612,0.03532036232644755746612475,0.6201150122285530308374746
-0.009620790976954981046920246,0.03834216153927314657545722,0.6213124452573555167589348
-0.01177117691333758389693465,0.03390213650380091009450823,0.6208365176327748091722469
-0.01103831257711296830181791,0.03535995474300206858897511,0.6205070137381480943616907
-0.01182368632805412024533442,0.02770091016863562502492435,0.6208426171271180793453937
-0.01098911339549708127139027,0.03747005715940037590128142,0.6228992551726395543454373
-0.01254126546325540735027371,0.03765101094408940252122875,0.6202199780998451927871429
-0.01398415646041025611756581,0.03807466612076935291719693,0.6219636235555972003652414
-0.01354708464765593846357294,0.03464685234365963428793123,0.6198026321494829460334586
-0.01603002630300167513643927,0.03287398985152703567713672,0.6219761393951886985220767
-0.0140830367078335801089839,0.03389325373791134132783753,0.6208503841541291867756058
-0.01544202710115030047210993,0.03239702032659236285994098,0.6228214963215796817763703
-0.01469100087236090840248082,0.03744437916429872031942594,0.6206695255770846575416044
-0.01629840679276765499916557,0.03268097795191726023800172,0.6218165681842088288178161
-0.01268630628082874529927171,0.0341928193788774148487164,0.6215815281886895027341211
-0.01335340933990805147024705,0.03341757790218985446628608,0.6215064486745193184091818
-0.01212757048095594418490872,0.03121029630742075053340123,0.6208221391833776969804148
-0.01123315341682900279918211,0.02943984675414279550409447,0.6208044973763554574830437
-0.01320757697400636553053399,0.02584999835798919981533217,0.6218880853169517219924955
-0.008991951554866655857423119,0.02992575923692466707826121,0.620925219655455440381786
-0.0109181773806571024570955,0.02627283675447586452911253,0.6228294022607119284629107
-0.009218726885602089929361291,0.0336339956332270470507062,0.6227057633415418180788947
-0.002718265086877710411811249,0.03264185885838138262426966,0.6203654859647729225002877
-0.003626610357071137144546746,0.03217674960668908540339928,0.6197903159960971297692822
-0.005246150254778740411321092,0.03809838904517370838931356,0.621103496026431112220223
-0.004892622309766456525914613,0.03771979872145790613213734,0.6217336481606409170908023
-0.001411779620122922355301975,0.03599582828531097677959849,0.6203080794118939200743057
-0.001348176921837575216109317,0.03693982599210939715694835,0.6210714095601275186453449
0.0006317297524394376159392883,0.03947146569376436264775521,0.6217343498812316626711549
0.001360372271945493784922609,0.03929896765369148697866208,0.6218109942896380415433555
0.001462172856223909562720098,0.04035989499673584002259474,0.6200339612871298422547284
0.0008638378167506340337550297,0.03947373595658700690114173,0.620058290390313904261177
0.001131058849012381338841604,0.04258635832561226408632393,0.6205315363967267572320452
0.0007582590168491065880929103,0.04103870398748828834945002,0.6216742017318787061341823
0.0007560267989991041040140352,0.04446895387094998430832504,0.621671277096864205446991
0.001544569499655335312326976,0.04289829938789144203603598,0.6212771567082667756309888
0.0033389679607596198414321,0.03933396143126502431108804,0.6206468830118805346529598
0.005186835218646324019431404,0.0391093839552251534841254,0.621574480656198580241778
0.006451085640174545818292806,0.03960460994964905973025893,0.621653276184763958767121
0.004626457033647947761356711,0.044191295418814863227297,0.6218934473352852876359975
0.002566578491091909674376437,0.04559146511229902887230025,0.6220419465578874707034629
0.001407772213182066026876393,0.03925796076606663520536245,0.6208878805395450228843401
0.002059645975311350917652531,0.04070307468738035977517953,0.6196740147668747811238177
0.002669200134454926404137254,0.0374105112783004317700275,0.6204747541971473712152374
0.005704778292999314673328293,0.04011244017550355533963113,0.6195252382229055054807532
0.00159897248305176584159959,0.03879734949997334925164694,0.6200476005019586178690361
0.001428905515082227583451013,0.04179369259149731674618522,0.6200595911800900195132158
0.001677363554052121313864276,0.04320350470235552464703943,0.6206236998995928733080518
0.004541088958059847149884014,0.03800120940762687776759421,0.6213095545341948966466816
0.00441624188734165024766698,0.03391965139374239490699381,0.6209731750429722252349052
0.005534093062216359146243683,0.03762972011699658447803074,0.6207139430842749661110247
0.006259828254121514029550966,0.04163203433593549995794802,0.6195336283337780081126311
0.005772571235699057272394707,0.03885129415031771116240122,0.6188945785109993824590902
0.001923728693827628146578723,0.03702738453026636206155686,0.6191130189907088077205799
0.006617116343594698843477708,0.03935147940673094230090712,0.6202812523462118976524948
0.007156367414967097426159448,0.03849591671708769285986662,0.6197883548461839975374232
0.00705000489473145506430507,0.03870036232929019437420948,0.6191494314783427821424766
0.006903680877905030502383887,0.03918995251283676622966468,0.6183323351171654547187018
0.004018801941549120584906696,0.03689148853525842791656331,0.6209077795119636311582667
0.003233486014061559034316051,0.03646262578354496353139069,0.6189856161189282168777481
0.005254489002608660024040699,0.03523757247233751110915279,0.6196926683974801619569917
0.005439147717792295298744332,0.03622740829301501763737292,0.6185316475317422790780597
0.005461843613946189973651357,0.03646865969437845800271703,0.6187952142255470633358527
0.002969414682851505022515015,0.03299816370936377307732101,0.6211635582077325024030756
0.00280451974516603662335168,0.03106055464748775502004108,0.6202923820831335310899135
0.003013337320794169920529226,0.03583065184430555411010388,0.6181354742360097853648426
0.002271156811594102556406405,0.0361082674269233780406374,0.6168310820608979838652886
0.002027438997595083260139237,0.03460715880888885764843366,0.6183299355399733965299447
-0.0002055285495137357991771165,0.02950974054444565827792779,0.6191858687779523418015515
-0.0005182774960219466457364557,0.02994930663968353723447535,0.6198745151311445544806134
-0.000257782080412355071342978,0.0290012514871639641433898,0.6182546216907695013631496
0.0001948964802943907242364224,0.02843797729026738274615838,0.6190994862483532035213329
-0.001540154182428122697084971,0.02855284951691783659755153,0.6185333079183588100846691
-0.001318740671973793118776364,0.02613698423293181472004676,0.6177118069138481937230267
0.0002887450697157400449598119,0.02532387496690730391279978,0.6178640446125400753629719
6.601257589407799445963693e-05,0.02926567271204353476443671,0.6175735453016627518607606
0.002059071180697785285323986,0.0232959763270241919375092,0.6181353276051987366557228
0.002814047346236366042848687,0.02270853245022454169887993,0.6178507359291168787862603
0.003652136673331118129487427,0.0255211379710501805317957,0.6176213138013862957720335
0.005444353076303063559970852,0.02241572373285081326566015,0.6173935614193160059670618
0.008368496430811904820967762,0.03008534535760701289497376,0.6154055480198750149867237
0.01019760454995296238001057,0.02339950335505362397081619,0.6169031574227331615745129
0.01143973781500318143145023,0.0213796274787648732385037,0.6171476880404361819998371
0.01403699323757454792138688,0.01951589796377157376428002,0.6174843557420710560279531
0.01327617785247067749843097,0.01773259183076272837986664,0.6145663028800768534765098
0.01418714667314394974051428,0.01683165630977262808287698,0.613906274767642368139775
0.01360938051481025944100534,0.01388025878897164791525576,0.6133766507498807918352668
0.01648926088189209618328768,0.02025822771776813330246725,0.6130165447118101074153174
0.01831023570436035932673668,0.01484946437289943847737117,0.6130732031110400770401725
0.0147969343673497698288255,0.01539465209133545307851332,0.6113845568161778709637133
0.01676162547772686722824531,0.01477041799703275419541892,0.6139740126299482181337908
0.01785915502229537890621636,0.01746437232839977496401396,0.6127241381605682546407365
0.01602106276727467693010709,0.01903423131604395704408184,0.6111926142673627104784373
0.01112837375212427648563107,0.01647278460303354397087361,0.6131019107472074347597868
0.01485944390917674252927672,0.01755361686033779511362241,0.6114894104702980337506801
0.0125608982645168849867634,0.01301095125224428251942133,0.6131442402583343609379085
0.01207378096452519158909844,0.01797620858102063137740068,0.6168315051615286259689697
0.01302679485686978992642349,0.01921408195215600078764595,0.6178397544629836701801651
0.009742469340494261387242148,0.01838518678347151810714699,0.6157179209511608464211463
0.004597229037540607327061437,0.01580695380362859975287293,0.6121739506089469706751061
0.005409822948421326611889715,0.01981482961655174623860631,0.6131092753862723565561055
0.006200783150841767538130611,0.02177904383986941500017664,0.6157613637610773738018111
0.0009915006118607055246583215,0.01942405583153912831950727,0.6117627744864747585396003
0.004021947848418065511733044,0.02574269220432987004265613,0.6159909343913133605852295
-0.001344251637068790165494003,0.02779841122954700843861175,0.6137008632386902196031997
-0.0004934765613932674474528817,0.02656713747106995149316333,0.6148240655437910984204564
-0.0008484623112614072962603395,0.02724146826636796372977933,0.6151381004787178641279866
-0.00454225237413658378821113,0.02847357245034187051002661,0.613155520345436966245245
-0.002914849962520374340030349,0.02888983875643471102567794,0.6149043990942374415809013
-0.003789857733426330293341477,0.03141024746655003002659967,0.6142655898003240855231866
-0.008861045567270900077949669,0.02660643658865179464467765,0.6102643813968999797481274
-0.008308637385958111618022848,0.0300697967554680589685745,0.6127634756442780217255972
-0.009957096854428384297142074,0.02636102836750920178077173,0.612893771655386720986769
-0.008839633409273293593311216,0.02699119505104887600799302,0.6110869143121273605601118
-0.009318515500219025360362224,0.02347826209512866163509059,0.6103624338798808723893785
-0.009710912333981122634973815,0.02281052185097996037876911,0.6100820524845971259964017
-0.007188730923574839816458937,0.02266632559676437508322522,0.6136838519112706169522653
-0.009328178030409231893949062,0.02137429628334100786823946,0.610127329259583350840046
-0.009207865950998168208530004,0.02008916286049251820333694,0.6106272057641991546361737
-0.007951513374672414952160082,0.01996381377726628297830658,0.610939127241288515435258
-0.007251600041793434571479882,0.01540151499091114289941018,0.6112365016047481836025668
-0.001187774848773030756873825,0.01695088171075950431165857,0.6169084544653163915128857
-0.006039167698797341839178632,0.01237152643899448907494065,0.6114903925959159769476514
-0.004891388932706107646464222,0.01227814595084993770646165,0.6120745046535306377322172
-0.005120408511039728667590953,0.0106587086049915267388366,0.6105382570290994737050028
-0.004575889093461860297751276,0.01222198236514212069114826,0.6106487550356802795903377
-0.0009312788628113652248177723,0.01530697176342572275731246,0.6131275880344059237003762
-0.001827720608042630043646448,0.01216740774374693717652107,0.6121642915025657938343784
-0.002761501254062947302569953,0.01277448960463209610971536,0.6106064469592840104894549
-0.002878154222478483941632943,0.01312122723871755533564532,0.6117941646455649085112327
-0.003403869812150138278450395,0.01275608598869512957940664,0.611216450468804239903875
-0.002376347358297323675985213,0.01678274994946430190290165,0.6143111673292703800441927
0.0006914254583303956237794186,0.02046696272771632296727518,0.6154569234509521535869681
-0.001245997535277748114249108,0.01578841825543888036098572,0.6130398377963858225214722
-0.0003481434129728243169477064,0.01949104771899192248274524,0.6133403657968966582458847
0.000785640042371274233828915,0.02171862387360343205067181,0.6140364361162383710635027
0.002448999398382830944981281,0.02165200737242922029990311,0.6161644170654750896076735
-0.001862510579149763033021681,0.02257651182883655890942798,0.6125094819583467575796476
-0.001443601551017653248851214,0.02359920693430140117841098,0.6148287037799032850315939
-0.003347820086902976183945713,0.02346542803112328795522856,0.6138262006647758894928302
-0.003127938336450867412574794,0.02491450690239963711158921,0.6144381630629744961424876
-0.004282880133135573939850982,0.0209977065521950376214555,0.6133707117152653598424195
-0.003011412046167766427828827,0.02574544698594701669369655,0.615032417277733500782233
-0.004357382600201461370081901,0.02430634027303445188206155,0.6172533130730513128980874
-0.003659022747747641204907332,0.02461867653207857123409674,0.6148024576769287596889058
-0.001494800768201354863526364,0.02499048968142595847363729,0.6182358693366593049844937
-0.0005085437349902836683124274,0.02506008986165487312236522,0.6189069601174510548702301
-0.002371346795892387022269832,0.02364368041160896244390344,0.6162950249984762152166695
0.0007012114093422502870620039,0.0229922775351954558620271,0.6199673023634572066598025
-0.001646620062214187258861631,0.01938372188722631977997324,0.6170562039303667534184683
-0.001142094619742914938034795,0.01845537749424049425717165,0.6177137238555885367929932
-0.0004577219757201723732316367,0.0168236336772630452884858,0.6172607735885764501659878
3.143480894686954388219519e-05,0.01524162993348249922620496,0.6162006531963454269984481
0.001452251302985899062900077,0.01321182357895757560062311,0.6174834896481286028446789
0.004879944866613895870788298,0.01428766438958446391427337,0.6198356447143813507949517
0.003947512505003213101328896,0.0110941446197555682734448,0.6156006104251545707484183
0.005633121478975314753989689,0.014888567637785734068534,0.6203308337400174066189606
0.005148347287501202698689617,0.01390730844562016940701987,0.6202626653878124951546624
0.001752588649032045791525958,0.01067648605194213701219397,0.6180654899024788928585394
0.0007148605789897717046818548,0.01206544304858145517933554,0.6189542823312158548176853
-7.95768665834474010767341e-05,0.01119278035153881828422939,0.6161873626540467219214747
0.000309002343226650992309007,0.009746216339029714278985317,0.6171932288149287737510917
0.001455124587406553217025507,0.0142846513943733280371795,0.6185884454395433884599242
0.001163235872642103202814767,0.01289341936907619119712098,0.6185805256031610133149456
0.000157907400254492978836432,0.01600441085134061275363493,0.6182957000312108153394774
-0.001389578048112927524671001,0.01345360054581133321671693,0.6179529842174106279983903
-0.001831038559689611606995374,0.0143723252082519070693678,0.6183972981546521641149639
-0.001741025998941102791162105,0.01925736035309167162865585,0.6190872340902392467754112
-0.001088967757119228786308329,0.0187296581822812939488454,0.6192604317887864251446217
-0.0006611801906423475389679156,0.0218420017385642234453158,0.6181713373563914037944755
-0.0005249478942753416045238768,0.02275491853770529940281797,0.6186520919449516320298699
-0.0007556317804314924236816498,0.02079898194088463866946448,0.61779979263844431169872
0.0003209467503165428512237889,0.02592269802424302174714832,0.6186077736244514069241518
0.001557834926294593240470032,0.02704206246748637118559877,0.6212195352573679496543946
0.0005250750167983939033916618,0.02605093213649534514275707,0.6203538849838646784817797
0.001164000867704540701647042,0.03004551903095085615968962,0.6205724412852597904333152
0.0005475040896302053655339548,0.02781527024905274675381506,0.619463129426403025235004
0.001586480978440471794471689,0.03107059541587785592153814,0.6207719560574767037053334
0.001387482398646733890851257,0.03177985213891593163637594,0.6209042138576549296757889
0.0001695722906854056730597408,0.02776412350573016427079942,0.6194571237148591702492695
-0.003461662348445729633916734,0.02866109859098102397023666,0.6173974875824143060398796
7.920616797216106937627733e-05,0.02751991583316204525999638,0.6199676500071581441986268
-0.0003698480602085302596480909,0.02629086582704827715351037,0.6194854382868039133214211
-0.0002839179989411649341658761,0.02431037180325730170937781,0.6197504659933261716986408
-0.0001296568598493847747094715,0.02374041180873893291947141,0.6192737495843496642322634
-0.001470231581904749874889493,0.02251722993067144934498103,0.6183519450269027162292446
-0.0003916374574277620818595069,0.01989697685831146381496559,0.6194036686559580839883665
-0.003404158230316678933335961,0.01753645203163160457004999,0.6173875024564916547120674
0.0008099897881334919540891049,0.0188121858409862931227341,0.6218950987690792242545967
-2.972349042740782794152186e-05,0.01286965660205261624549067,0.620413807251867899239528
-0.0001719611369029133923855973,0.01307242459167313498868968,0.620853238823773967425268
-0.0023713666884360002327925,0.008238552355397466345210411,0.6201676830166696907653545
-0.001947433923877397044660542,0.008445173190458654319257015,0.6209478053572627942457984
-0.002099196625603455112346607,0.005626949768354661159108776,0.6213503785699204806647344
-0.003365485664850775653078596,0.002997346955784804724970405,0.6211464801103524502323694
-0.003291521272610078551607016,0.001882523492643102406077227,0.6213389207570969574589981
-0.003122717982961554714083086,-0.001051708752498353282439636,0.6215109832847267590238971
-0.003882968995990393554912368,-0.003371625339182855035646824,0.6220925340538066006246254
-0.003739213093276173589113442,-0.004291299530726006700165343,0.621527840566773570607495
-0.003031869632040781661203033,-0.005268249680029020963478725,0.6202999626452058157255465
-0.003797483418247313020216227,-0.003874948007456070937781778,0.6207984084971690519338949
-0.002897547790603483171267829,-0.003966600616049194977241754,0.6207920643727474763196028
-0.004207350092789718075392269,-0.003435584339050576016538763,0.6209180316733826643371685
-0.003868197552138439004182358,-0.004567281434061456341089169,0.621152662831013335775765
-0.00502932231226234458670854,0.0008549055808210006580927232,0.6228898554919556351805454
-0.004417725940661426306532711,0.004704363944168870291517859,0.6232925716596039444894473
-0.001224473939659582793701431,0.003183261025039943372533235,0.6220923359883625547439578
-0.003672852134528451200495835,0.003199508399269997919317499,0.6219006142367056177988616
-0.002250308197431178085928805,0.008818418757063680585295273,0.623757452166902259804715
-0.002288549427313122351657082,0.0152681406105831304204079,0.6243606573573100559926274
-0.002162338777986920739654364,0.01673291779534970616372114,0.6231036924302142399056947
-0.0009356093684600025328634842,0.01430522138606856417941682,0.6246616743435999818956361
-0.001528868898557199850971045,0.01445966404173515927611415,0.6230205858514373806755771
-0.0006550706574882065669554465,0.01896185443808163020862345,0.624336660713511348852478
0.0005282265951899476957506763,0.01922814750481004544835351,0.6219325005156951524654119
0.0009227098018582810187715459,0.01878501154333040920607623,0.6205335863495413661894418
0.002071048621552889264924024,0.02348363944697994323829171,0.622651911790654155609559
0.001757503845500358197889712,0.02296816694292280400246931,0.6218560644358226419114999
0.002040800146306698693160486,0.02570364643963729892051084,0.6204653870791801972828239
2.457202234563646438660414e-05,0.02832147796621891158719286,0.6205543510832524090048423
0.00363078250509993186515012,0.02933051842681056939343698,0.6228803699652899483751867
0.003825638591289235584946837,0.03252906646165500820222505,0.6223390268756117116311088
0.006209650317639944447356548,0.03503675918209049611196093,0.6224980468268440647605644
0.003597977187086268818783097,0.03608829157968258816158169,0.6192197111870405556999231
0.007045258533927869354362983,0.03811663265635651526297423,0.6201306704863873697775034
0.003868981857675590340511773,0.03878515891119167086076303,0.6176481683887012907874237
0.002865856133645179083802024,0.04069807834797879719790359,0.6182404606798692636715487
0.001619391276982328105316089,0.04318366707279037985944825,0.6197752934280248426901494
0.002211156290243764498126833,0.04227553954836286986829208,0.6209752343064400825767279
-0.0005303968817808349086109776,0.0423385680763256194714117,0.6199019054589467447868856
-0.0007089573322320891386738584,0.04069967044574221426422866,0.620621660735473978931509
-0.0009187429936524136664735551,0.03949331560562568954608764,0.6208051160676488766654302
-0.001205059405677620697552865,0.03804155404606941043299528,0.6206607261747402182194833
-0.002023842790602253891713014,0.03419531098253219408844572,0.6205112423573149182942643
-0.003620332713330934228807001,0.03289146516148314797201024,0.6212634751195438287396655
-0.004866690344902801536319803,0.03132031418614072970640905,0.6201118274902830407313559
-0.003739258664354407502711242,0.02774483499324603349989182,0.6205920847494430514501573
-0.007617861223622792235521395,0.02944553528883165488538864,0.6200055888153611638458074
-0.005528081488682430252867839,0.02494437847903754543188448,0.620461462851591205591717
-0.003653604424516828340363528,0.02177916569030536111939433,0.6211370290592170828603003
-0.00362813857040744083479189,0.0228697424408769237058614,0.6213651203208897522145548
-0.002010726748278876367670431,0.01749704499748478900289506,0.6214501721632592623478786
-0.003839945722371939599432134,0.01595684233416042735465012,0.6199104778444296526274115
0.0006891466292505770644544194,0.01729040193245177589598249,0.6230733192542046161577218
-0.0006958063540977722479310974,0.01262187517667894519346472,0.6209332080640883599897961
5.465953806242341916172764e-05,0.01491787555139214432875505,0.6207862737276472753222833
0.001253406037256080260075541,0.0110639625183512630562932,0.6220089467905653979329372
0.001626143956239282234443877,0.01120168929781515873567166,0.622158085403641814004061
0.001979566386139899446944268,0.01122019135361563765829196,0.6222854316249195605337263
0.001479217750105864259690946,0.008937813995574363581941846,0.6228073706101049378247581
0.003832894392884158250855986,0.0100993265720565085497018,0.6241032467965155206002237
0.002715397947265652239118294,0.007162135017183973891008453,0.6239293134721094480354964
0.00380889926589836466316874,0.01039408403609854217308772,0.6249058450988369539658152
0.004180575849134492497083393,0.01118280389589989577692197,0.6229116486925593276779978
0.003959824059149815930758187,0.01128738983455235614372647,0.6224063451323866846820465
0.002767851438291616967407593,0.008451918764277444387489346,0.6222674368483416262876062
0.002204295349319765600498711,0.008890904263089605477632382,0.6224211162527225615903603
0.001870022126839626522634696,0.012095960760868329497697,0.6243125003179997856150862
3.288234046381960026805835e-05,0.01261195050119450974945856,0.622472587560061074718476
-0.004856342265871378335861941,0.01101272676884161930144224,0.6178762207623744728834936
-0.005700678250756627089834705,0.01445575409878674735808524,0.6184660850973779933070773
-0.002249485498980228516396895,0.01912078185510354688680934,0.6241099898241808663357233
-0.00788402220096519681935554,0.01652458068217611472650042,0.6206482443170645568741861
-0.004655074505868352779947017,0.02235999843269767875519882,0.6243056519541603233136584
-0.007402895611265322695082602,0.02921533359211836433644294,0.6238936285301754924859097
-0.007438087736190409325620632,0.02597703601589041941255509,0.6241682310922177512324538
-0.009061576408658164605292029,0.02435278209761904816277323,0.6239875772883005655700117
-0.01113200844490850119350434,0.02339552601617055430094361,0.6228099383017414725216554
-0.01265753094620671731496131,0.02063043213525448879575031,0.6242005055769853649749734
-0.01574597628921098335652573,0.02597105474576640732342625,0.6257260406769132865534289
-0.01559325074251062016872371,0.02445188311912875611664475,0.6248630826814829397619633
-0.01527169962136606072566902,0.02845142238237665863187509,0.6234875809400827195716488
-0.01618628966832160245847838,0.02545397218679144174524609,0.6264796139579916767203827
-0.01749413777280196119479072,0.02482273976850788571590911,0.6256338126068692329084797
-0.01662385224228323660211615,0.03048121488230530473639845,0.6245379788005863685995678
-0.01622471686317974656765806,0.03123350878445678435735289,0.6243974669983567427067328
-0.01528649238406850317806285,0.02831592413193954882455472,0.6240122645557877323341245
-0.01374170038610993647976155,0.02264897605792573834215808,0.6264173922723964560432819
-0.01387873602990483817842815,0.01888633407331309632670724,0.6259023582733712620651545
-0.01312346109455565443258074,0.01907494842267559373438779,0.625670933493950864878741
-0.0125691993217081805778168,0.0177043076913081104395431,0.6273910546502302620908154
-0.01093755930201890068376169,0.02374702531071734915024685,0.6243933427636790822745638
-0.01028787120890234906001037,0.02178406742050427447043859,0.6242771094015880928296269
-0.009758499255558506987884293,0.02123108010685382379678643,0.6236860489804143536929359
-0.009110038493887277419314152,0.01161700891841329144615891,0.6272951195052112183248028
-0.006785623622440808272449075,0.01298243873152783549318467,0.6280506321453218632200333
-0.005753555278390673835553493,0.01868704626490615833267483,0.6245965831000265255923409
-0.004179561180833611146179241,0.01763884808300015052950904,0.6246498383292520273357695
-0.003526005364038309938118365,0.01216270685617226732233576,0.6252216289239312940750892
-0.001721079533313667241437028,0.0148225020868470828971919,0.6239755937177022815376404
0.0001766325999406888151970624,0.0143175187742651654349002,0.6232734852389797408633854
0.0007775015688937843977290854,0.01337574495517254193066581,0.6241191389758454777236807
0.002540267035411963858493323,0.01319129489428141899232116,0.6239296937510721008379733
0.003599041062154745632128972,0.01636581017706576282599862,0.6242760195400707257107342
0.004325542128733045853239414,0.01533095791502153172614076,0.6242996007101279110074188
0.001105337348633355547614099,0.01534500534948484741504249,0.6234763054883879496159693
0.004052970758055326333524349,0.01919685851622408498395878,0.6232955713522848606444882
0.003779455222546358652419007,0.0163104312922311457667579,0.6238814811908255375527688
0.003723543592535410225868864,0.01507576269075600050584285,0.6241648157932466745023703
0.003746137020738577166206751,0.02002416430362693663957963,0.6241713268830966221401013
0.003819239840068849433513121,0.02398136065899234350973224,0.623866871832779890105769
0.00413762727432179060194084,0.02450797753066006473554594,0.6245504396810831471142933
0.0003138273773204810958986632,0.03061007183633892084206884,0.622256193220250830577811
0.004036933714894947421158999,0.02623530011016715277061273,0.622765465244989879778359
0.001983207109872581804660419,0.02086497171461880462128846,0.6256828501391579200330284
0.003436826219913310682257945,0.02740335192391533253308822,0.6233164721131948526888777
0.00255754146600604623240649,0.03392661193332650870768674,0.6238965851491143910223514
0.002717841107834203726034694,0.03221507612438000850429987,0.6243079271088524118127339
0.001626550352934914627986429,0.03095168290218930362556193,0.624382669427904879455582
-0.0003162283912681835922574292,0.02993310764268414247979422,0.6263121178297198499151932
0.0004865849621741240955616337,0.03187987830846897296943609,0.6226465337224440510510703
-0.0005526509541140667411060483,0.02922449423036285048871363,0.6266310725199899511750345
-0.00051050845609495174894088,0.03076423453342716496372589,0.623405352309354787720963
-0.001563542109888646589738181,0.0313836850373481954235011,0.6220916987841421663674168
-0.003500502197688660967894725,0.02907389318000254060936349,0.6233344672123877217018162
-0.004546330465260460702847656,0.02840875382322613496022257,0.6226138040281935515096734
-0.01001972613037065834573625,0.02438978285650930666328406,0.6252854496968146547075662
-0.00802970631761204881038374,0.02566607303172193169094051,0.6221489067704428777005887
-0.009109974981278195702016909,0.02282004501896749484868288,0.6221888357837110916648271
-0.01086033832468636349533053,0.01923602575210521525850282,0.623312102717712313015852
-0.01117771448848764795358512,0.01833190558538451420123039,0.6232267990399795731804033
-0.01357602158786528311062991,0.02020259661736188358527322,0.622154581359449010413698
-0.01266495938947933760920783,0.01870400570050877175898307,0.6221478938387817736455077
-0.01516857836827594299689004,0.01784156946255305298265625,0.6219325488413586233704677
-0.01572510048823634945525107,0.01762781402029565611111472,0.621446612062525494124543
-0.01612265093987025332822327,0.01550348551382103867712914,0.6220942356208072343548565
-0.01599759485653170013041979,0.01337007637579091558210909,0.6230107384359029332188129
-0.01634679873651494891317881,0.01229148219212646345188666,0.6230447285411356839190944
-0.0159736178792013114313697,0.01211897776993141502555051,0.6222085125775070890696838
-0.01723033516038550289062314,0.006808388004282760197494184,0.6220444277809994426675644
-0.01481163594056018190103785,0.01523951880622992013925021,0.6199341851690206572911279
-0.01424913018763995092852426,0.008078795714749023582079701,0.6212660569604981919411557
-0.01276912498075350420323471,0.01534450702782995390460741,0.6216567010150697569770273
-0.01055314935110656521244366,0.009434889670746446355131809,0.6208408391560857886304348
-0.01397169398048129541900497,0.01125598849449256817767395,0.6190175107747152294379589
-0.008611076752804451214795556,0.01793516233269360632407441,0.6215589226530511268720147
-0.006517780312254571085939236,0.01580542885447623613348611,0.6210495089623462305894463
-0.005976953936036683186217022,0.01080669620430803855304358,0.6201550841989580398205817
-0.004092483483763491997065032,0.01616652410544006449044652,0.6205727169925396857763644
-0.003575890663786416429070769,0.0151930684949561130986373,0.6198031663706725646889595
-0.003502398237209042655693203,0.01636236930901088446055347,0.6197721624681399310574648
-0.004655702450231350743303782,0.02262373572170413640880504,0.6205564351818686485984244
-0.003722123745404047438778417,0.01701515735122882330698779,0.6208308606685135622171856
-0.004982475626985650996036981,0.0192708867124300464723774,0.6214981048737940882986663
-0.005329013726278553422788242,0.01965755321989729603737729,0.6203371476959207431178811
-0.006428647427814207677976288,0.02334532746684511023138597,0.6199043129343496660865753
-0.006066055836009470736414073,0.02043167359374656669168679,0.6197373659136296009108946
-0.00640833510956865734509158,0.01314040695699668186147147,0.6206449337799087029310385
-0.006420960955332218576818715,0.0164247652183985085039275,0.6222226939273207690916934
-0.008026702876389825436209691,0.0185349242507870728968733,0.6205292662275165849194991
-0.009415698366198132704396606,0.0177475037654815856469348,0.6186900642867898536536586
-0.01011694960151093315714466,0.02017211702214937243948789,0.6193816570171037927394764
-0.01074418567811282615442892,0.01984937336969198884428778,0.6200255427361457405410761
-0.01145968546956283549975719,0.02391389073572292717217991,0.6214994820704620170914723
-0.01331114456100316797981797,0.01558097894371267104485224,0.6201594678754324130309783
-0.01334278599735195386388753,0.01626066217109270808927057,0.6186075553759472489545601
-0.01217720151840219824923572,0.01791464534264201186042342,0.6203286449717440032003424
-0.0134295139942766997287471,0.01344769843342306578359846,0.6190770936833649429331672
-0.01188781850555505580080418,0.01637025063049107193036136,0.6193847725147089144925872
-0.01096232418179077239273056,0.01412768047165761410577378,0.6194816876643456371454022
-0.01028026612771401615553657,0.01494637000111257926771025,0.6214809679905136663435883
-0.009851647509394097917967414,0.01621795116808081096970717,0.6215552974935926178190471
-0.008562955966864691306761337,0.01513296369942047046863731,0.6216205812258125407154807
-0.00851554497697434853442644,0.01386118128384770074867927,0.6212564622385803314585928
-0.007571685856958686178241891,0.01089145991143773001263995,0.6197794768781528240708667
-0.006509791046478950911347017,0.007789852853008165725623435,0.6228395906614366817066752
-0.005937846231635607492649331,0.008001722949263467485336854,0.6196076984708056567541234
-0.006143131240568172612981357,0.001936357804452015730564685,0.6207099702213569880626665
-0.004746927186174876474311635,0.006808694037617109631743695,0.6204218326116504034217769
-0.006582341638577035233814705,0.003774821087762063494264186,0.619139477289958883865495
-0.004356839538648789138253203,0.007011234185841322234800099,0.6206222296778305391740105
-0.004436577753107806727783657,0.007010890023654368051475583,0.620801701197871480530921
-0.006830093853953843156812109,0.007645182036001282183113048,0.6183483733779026048082983
-0.002780403138726820697068653,0.006020471842054920912079563,0.621060959706206450192667
-0.002950158017367054009288951,0.007377247000943145706364223,0.6205830168953365699735514
-0.002238875265064560124428361,0.006549048397405611912636125,0.6213499576149761338683675
-0.0006478177803668236454243123,0.005898109621197276247750452,0.6211579616201643450068559
-0.002881592966639309055798535,0.008463780798427574664222206,0.6208718147455691838132452
-0.003852602541946392820243483,0.008786516515805543534045619,0.6202169474044412211810595
-0.001474934581813826077467677,0.006883104153179421536012939,0.6213922264830056274576009
-0.0017129877348504398467538,0.007754644661103767856735747,0.6207832408444958760540544
-0.003527159745255901025090539,0.001105475678232903293668477,0.6223858388427665477848905
-0.003120674986662620026267589,0.01062694909845688859273416,0.6209509642628808778752614
-0.00378791788109570726553188,0.01085704949506521681257265,0.6213806772143042334022311
-0.006531145624790425478767286,0.01746502515458429882766467,0.6221100371333141421104074
-0.006905157673611830686233315,0.01675005593945302559411026,0.6217116003090734643876658
-0.0100149535570597039702001,0.02056953856806310876326194,0.6217492019112554890725164
-0.01372112929825324012522714,0.01793032625266708507405511,0.6238979408297440354402852
-0.01439254290895662126426036,0.0208299116171857638668552,0.6214369903628554903107784
-0.01653784531597409998560089,0.0165339669174087572356413,0.6235867719277797815990994
-0.01690215499548187311207315,0.02222847442471119136508939,0.6222343217608580223654258
-0.01994578677348735062935248,0.01616317569311078589100461,0.6254322077949250324735431
-0.02274829025506024809955008,0.02898256118552686513845096,0.6228419225801846703660658
-0.02086628130584871135266845,0.02423475614876279687903704,0.6237972307051385945086963
-0.02335346355846406804501747,0.02538825098952848108302405,0.6229002519613217048188858
-0.02410345827181676128803112,0.02886775461632436548531366,0.6219329987125402636749527
-0.02470948337563821581297496,0.0260937602355184317115544,0.6219127244630178186213243
-0.0253561956157641564535421,0.02742681735258381547915008,0.6225820229712534237265231
-0.02518028493755741781257029,0.02739271841562363959954318,0.6218300408209961327443693
-0.02498870897361963466787316,0.02865632574263904386313584,0.6222202609834502906593912
-0.02873543886876132533170214,0.0235829920803148490593415,0.6284348871350503573651736
-0.02560420889216148687683727,0.02279225312006345760540427,0.6228894399499024236988021
-0.02442251489545751302889798,0.02401148288980894940358723,0.6240947225088505634360558
-0.02457292723581729412818397,0.03161308267232690316639321,0.624667400860199117929028
-0.02223737940371513926995917,0.0229684269975723200085671,0.6234844134724065733976772
-0.02028225477550030936280123,0.0221223485260964615461976,0.6243953325237560081362176
-0.01931567304322432884755578,0.01717255330622675241203368,0.626376714062799599957998
-0.01849745642791097294255209,0.01525607073756386419804976,0.6250525920623267728259975
-0.01696113884730805418388222,0.01241763233349178589814965,0.6267275435195179822400746
-0.01745600642018891104911837,0.01529440781354651605894457,0.6254871773545888080647615
-0.01604847489427816895068979,0.02327075417811037133519747,0.6253894624291026493878576
-0.01193069032643177124208833,0.01715695971190157875785331,0.624422640817041352256922
-0.01302457343157607631833894,0.01499722960574015155621463,0.6228380244921665198631899
-0.008153554661539648071300057,0.01200577313902092581321401,0.6250409504124051496276593
-0.00757259076159511740344854,0.01471128730101232615079532,0.6246255846886179519117377
-0.006574122855522996147770165,0.01538432680782019640330915,0.6242395230307773434930141
-0.006852097132391626876923851,0.01438783570506265568900162,0.6246467607340916439184753
-0.00805051210945429036869303,0.004267775116343444120892148,0.6273288096479724407217304
-0.008404008727264281053415118,0.004008693233401939073901055,0.6272946808919747097021968
-0.007452028093038967453132226,0.009403613072378276885321391,0.6279549550669523139134753
-0.008521568131726475411880095,0.01321361261862909197706273,0.6256799710429340466433246
-0.0115383530218752250462444,0.01543691872113012869549564,0.633831366439779553267897
-0.01256424616488875656283852,0.007842361116522216304969284,0.6266605111858039034444801
-0.01355309783880668736411046,0.009785677883865940077101619,0.6273749987503294267554566
-0.0159370865479128709374379,0.01087544362747027738846928,0.627399325043931255230234
-0.01579032161143966925265225,0.02038151439111316257091211,0.6255859572682880287430862
-0.01761596653760767045016067,0.02107467569596217088490064,0.625008631218089139025551
-0.02103059370719760276524646,0.01721426416458786065599718,0.6302291729230248273907478
-0.01974525614229684367106898,0.02398058254740910791302788,0.6260203249486803178669447
-0.0206551355104273443030749,0.02454383870054457211784538,0.626360093913250315367236
-0.02237761484628148986320006,0.02867911453221241857569623,0.6301417658438708269130757
-0.0207118122489117761908517,0.02532386706702040649052954,0.6263558704136994448319342
-0.02112401231658800684898303,0.02785330511667380437579311,0.6262801336416596864609119
-0.02157373358668605856092171,0.01794601058786848488124654,0.6306001766876150327334472
-0.02155175118425167388180874,0.01782969246208061450675864,0.6304323929772355228351444
-0.02053005562680328133229324,0.02065736613002438701314212,0.6332832904453503664043978
-0.01811887721412309623647552,0.02235623737080465189830392,0.6320315755389116496587576
-0.01861739948303914315985708,0.02149589335969152165128904,0.6296913606931542339850694
-0.01607117471151447291033421,0.02084480158857465736943482,0.6321145538831580701355506
-0.01571744066526933186755954,0.02407582806856864779398997,0.6274797168887411569215828
-0.01492410889492352434049227,0.02460559857671601458051214,0.6271727203803523220670968
-0.01306595992341942277792377,0.01929558726787998848561934,0.6308538086155817126154943
-0.01235365202988607247203134,0.01459736456213631128342456,0.6276904610670286377427374
-0.01170811964165453453179389,0.01337506217619182855016469,0.6286533129739068082031395
-0.008724359761157464421277297,0.0178996163364551728880425,0.6274977541888048238050146
-0.007680775682526861346255398,0.009845640215332684963556176,0.6305999081771075376323665
-0.006905959119825911922407879,0.01422465013347271912957925,0.6287682501404066037764551
-0.007390331040912218908689457,0.007795537273416949623772165,0.6294724581314281586230663
-0.00713838845198109476358761,0.009068483855385471234522576,0.6306680642974726858085432
-0.006684757132443201743665639,0.004932175060768591128013139,0.6272594492325673787291862
-0.006662746291808756618491039,0.009463720215816031830491362,0.6289956033279419100878727
-0.007179766754487980524868096,0.01006933384426253290377939,0.6289713447517792932472958
-0.00996616354881010683974818,0.01177296906277248977890082,0.6287489594463550046654632
-0.0101481692771202107461459,0.0008762623943139343082528447,0.6312194378431955632535733
-0.01071700755214607427012741,0.004226119502287391770101177,0.6323214070509288742272247
-0.0124152120239871630730244,0.003302882509112276248480766,0.6316909949313987970853645
-0.01253122166454257412071538,0.006660635968346603243139814,0.6313746609949246746396057
-0.01535873473251055110200269,0.008568873346064270410393782,0.6308839712028091462059365
-0.01516994034670317986757127,0.008434674201906047080745665,0.6319375667016634556816257
-0.0171384579854738892945587,0.01168473995344729461642874,0.6327957327955936461805209
-0.01761661817316359859852959,0.01872494466737662302535661,0.6319291118728217471200992
-0.0194700615661971970782318,0.02146832150551150272810297,0.6313556070701222822094678
-0.01947526795488637926800912,0.01823540143701803811771001,0.6362406566341052283064528
-0.02245729113096884763112193,0.01914425999041906648057143,0.6345794365335792885929322
-0.02198287588189390406867574,0.02281415503346053905153745,0.632027434048176628422766
-0.02169621036639662534084572,0.02379581412969905551690886,0.63252201942124197664441
-0.02018567450301324631145583,0.02491391765774237168629135,0.6316020800227869491649813
-0.02009776704384357015609197,0.02584653868347258978688252,0.6322268084578064328837854
-0.01992175427732423981241894,0.02718272501154902001663238,0.6406971163287566994881672
-0.02087217280782988418352808,0.0290625956918435755793606,0.6397322557348094074214373
-0.01778395340185755582607108,0.02963011859712948517509012,0.6330317100847082656400744
-0.01775017398333955317979438,0.02951607018581125715939173,0.6329545831752404483339092
-0.01800042847771768025899597,0.02006359289256215081009849,0.6348913524945772879348738
-0.01619225755138423844536888,0.02213950355267924052782291,0.6354112932576396755024462
-0.01426023467204222232307398,0.02120317382489390542477103,0.6337652437333799460006389
-0.01196188338069822769405004,0.02231486734522546491743533,0.6365777993877225204855108
-0.01243803887659150793354446,0.01862561251890865535174591,0.6356958244623603926370947
-0.01220863491998205180300019,0.0168514997463645559150347,0.6363458857129360435322951
-0.01190375597126578852136269,0.01845220258606043717275469,0.6366224049975213183927281
-0.01054790287972067613919691,0.02672161277275285698462604,0.6348891995622364392559689
-0.01132124610133637861164591,0.03362555995764680838444605,0.6346971942008726719208767
-0.01165137075992632789689374,0.03105535394313458860682253,0.6351763231853956304107101
-0.009586663691838881798390481,0.02692727364258093447624276,0.6345348161586586988036629
-0.008852574344776605042017792,0.02903081364017729218418573,0.6349481276719254330132003
-0.008024377610057340654003966,0.02632318972223563618983988,0.635581231810299129847408
-0.007879780370620703688899766,0.02455938473041355263326579,0.6369908484329783737720732
-0.006156440396217185799521143,0.02260562450162322684077409,0.6378470503161719484808145
-0.004382390631730464711224293,0.02343423272256307116068186,0.6373504777161258516571252
-0.00494563376173260370316509,0.02374527393092761354265186,0.6360156294960087608458821
-0.004254750797435983417082994,0.03336279386923907824824553,0.6365233335639702838548715
-0.0030910311276576081691847,0.03175842454506216938625585,0.6365231563146098725525235
-0.003642678842317662556149482,0.03558856241228206679361179,0.6378564674634784603668436
-0.00195245324776216846486554,0.02743497653972535449407033,0.6365718131016950831480017
-0.002647841372078572983600475,0.02223751376070197058321121,0.6357031441722497122626123
-0.004156119936542780612942494,0.01931146943876108426629834,0.6388969289079571289846626
-0.003736243109250636084545105,0.02480918682543677492025047,0.6365384088224388392518449
-0.005736892012108968721961766,0.02011331710038401221485316,0.6378253357115654109676939
-0.00658755541884761732646103,0.02051174526554367522068745,0.6350166226581189787836479
-0.008090135061760173398881513,0.01969839364767844019921128,0.6350191591807876623221318
-0.01026125169081542817806074,0.01117096187828777592576657,0.6355641732421087874982391
-0.01218654605450180013204164,0.01182326307177113816626601,0.6387945587086755194761167
-0.01256805889335376597015781,0.01484146471144908926986794,0.6400143394713212474655961
-0.01529470102769689594801594,0.01162754921776618620421484,0.6380461571605415826979879
-0.01518659818133476224755185,0.0188268692953532899847513,0.6365875423704395741353324
-0.01497395605648955095590136,0.01856394624537627616178703,0.6358857980304595258758127
-0.01679801182804102968604276,0.02537932415061112251253306,0.6366661331869403195327095
-0.01537531054685745829369026,0.01610821228289257417420899,0.6363386412513455381301242
-0.01545895394398306803285248,0.01680643127940083594862308,0.6358921927356713243995046
-0.01528442095291307131765812,0.01536677202253873553150498,0.6362487209999130310933424
-0.01822165344926445287865313,0.01185960951284141355610569,0.6368943998207081680362762
-0.01543335548774271703820204,0.01490851671784544467402878,0.6365035400594596382006785
-0.01463009108326159338209216,0.01668067870635727908967816,0.6366869956113662132324293
-0.01383985640222016103018099,0.01766239757265015627996085,0.6366967364625799596922207
-0.01280155538202695786331731,0.01898216698923331155479666,0.637116984889900206390223
-0.01616823742011997203094076,0.01642622518349442714558073,0.6387893662356444179906134
-0.0107334856568648932817478,0.01915792316997694949565201,0.6365772379785705759047687
-0.009147759233543308055036647,0.01667535685751989765757131,0.6388139812106615744724536
-0.008093346707940171289030751,0.01946363808669837949794079,0.6378256551609020608140099
-0.01021383969491965193476801,0.01241814765140261678233458,0.6381701083804892649098406
-0.008802385547253191791505778,0.01320225705169288110685244,0.6392157559384371579014328
-0.009032389661435009237111515,0.01074039861649624463812991,0.6384588656633491954295323
-0.007388202132838308892892609,0.0137908956970027220950703,0.6367034298565431571503836
-0.007442061752885381457900404,0.01482194257807249899994151,0.637562064248088478102261
-0.008381751319314418441352998,0.009120702780666328085557026,0.6394557721595810484416234
-0.008310836742937175586343201,0.01399707962654228587950911,0.6385996572941834426018204
-0.0101831967408128973989756,0.01492088613138753579179241,0.6382648019913590431428929
-0.01063967184551537284442624,0.01524426785901693975899818,0.6392174821458227462755985
-0.01262829309555105021523058,0.01422634091218365204323248,0.6382037791876582488725944
-0.01370365641084597685406266,0.01647807480260866583310353,0.6381413539313492977456121
-0.01631211498511577970282893,0.01259165860672134713837966,0.6399065464427005078817956
-0.01678576407917806850855769,0.01206838943124021248931577,0.6388086600875235721019862
-0.01751911234156898131142377,0.01677846682896492330749894,0.6387806752582092517656065
-0.0183264632932526143338503,0.02032710501343152828535032,0.6390112273927986974442206
-0.01882135481025547923961128,0.01886081979255877297263488,0.6390581526310525894984949
-0.02021490046386820865764733,0.02432159291632213921063865,0.639992582880359317520913
-0.02066718005093434382124506,0.02283256464293746679228292,0.6398488768648789015713874
-0.0214152718444423767474305,0.01530823370667999325234199,0.6406441578410175807789528
-0.02338735711463402547338752,0.01735292662798627524867179,0.6435295665298401690535002
-0.02068780317472701871239771,0.02568022953875679845192614,0.6404468103165101844354012
-0.02563464130615628056020228,0.02419157876074024687840236,0.6443409135542890187053899
-0.02565331354354673590312252,0.02561104976705935037939454,0.6436481792136270474458115
-0.02360691484158133554571712,0.02527696054330735853099554,0.6430734213450370884146423
-0.02221875054869551502356728,0.02666242825789609180442419,0.6433966145575022999025805
-0.01848459312114654126690816,0.02693262379391546390561274,0.6451216179249320559208059
-0.01923412772553249189266822,0.02871413455592187330411846,0.6434732281754921290328753
-0.01828489426097573700147336,0.02931512429960424562236376,0.6437032254658872076902298
-0.01503828692882597586888416,0.02949114418703014869893586,0.6453715628565839246277847
-0.01480369863363815638446219,0.02705108982344015672305559,0.6413649165125159257172527
-0.01122331775924227670326871,0.02523507595387206731141205,0.6428218557363655216718712
-0.01000715220451965994929999,0.02566075538832620142604135,0.6466463478351156535239852
-0.009455183496312653118609504,0.02419357557431655106339186,0.6452341989644805320125442
-0.008061475538741627935857004,0.02326798595583142933995724,0.644604013757622995584029
-0.01011348123369019968986748,0.02318626757284159359273623,0.6433348829118800127346844
-0.004448527631505113690002506,0.02620314602499207445873708,0.6390928659180897808411714
-0.00655621998742183121483551,0.02216970775873699020519503,0.6417164071648276957304802
-0.005257382201922736024435334,0.02481886181412948366720173,0.6374566603075776383136031
-0.005917505441286208950346648,0.02238088771263035958725141,0.6380604137706753498093804
-0.007760195131521158661003224,0.01470780304102581488578938,0.6410253730735196997514436
-0.005959081088778469571798357,0.02421668044768888333750922,0.6386177574174952686902884
-0.006299648373694905455211224,0.02192254371112068583871135,0.6386585835516942477596558
-0.007550574771156786865744515,0.01372237223762754962375077,0.6395829096489188403396042
-0.007225195235417865985416697,0.02071594240338693951319904,0.6378504396370041629182879
-0.007928448162735451248961382,0.02098700747723739740147053,0.6372617890083543956691869
-0.008459838169263730542346558,0.01866457978462537914410291,0.6382653060089169549939925
-0.01346653261604166540443828,0.01760273283485060472064454,0.6378171319996196464430227
-0.01058578178854080974191643,0.01888642073767961629404688,0.6384873083818765060470923
-0.01329153815281374981238649,0.02003271762247282872237975,0.6402320058960186965890671
-0.01344785688524817099387398,0.01981996942079149170989893,0.6370194098039346775053104
-0.01484742383938891623074152,0.0174323092647065136517881,0.6374182115897186751141135
-0.01643327707192639153266356,0.01247047615110226381762715,0.636880666060184230659047
-0.01732934989559429747596475,0.01669102326676223657653253,0.6371064105684293155107412
-0.01797183064031929525250497,0.01398850553722214874741159,0.6396405272313279155582677
-0.01941879917719146683707798,0.01423847164024230442513907,0.6398271758461087088676322
-0.02089994210940532975984141,0.01170605884384516050256142,0.6397133158592693824573416
-0.02621327780715769842356799,0.01478925260740569097572816,0.6410817336436240854169455
-0.02406542540409527600187012,0.01070264924449185195420853,0.6387443462580268960238072
-0.02555733353279990641149233,0.01160721364849224071513767,0.6370907977536690580677714
-0.02654074747433068232060904,0.006414784743576967124267796,0.6370716762165901103642796
-0.02724147917516802144821675,0.0054109362866755460197421,0.6365516463360594290321615
-0.02877706990018533139696899,0.01030503483508280436475868,0.6369082734272967227795448
-0.02829196372087857888621976,0.01009504050670356409269424,0.6335594554788067656048156
-0.03091309028421137736208912,0.005717513498575785280131356,0.6375211127912159270181292
-0.03070578774963152179910963,0.01377807088475590559240036,0.6340505513851206753628276
-0.0305998525524971178024547,0.007684208361392167591086277,0.6373437033503447368687489
-0.02985760141850990478928907,0.007667528425619392004608521,0.6363602539678936409472954
-0.02849506132708403555175991,0.009441107844108120872306245,0.6364402355445568648661947
-0.02826513859227598041146123,0.01458320266938929223032861,0.6360677394444782528637461
-0.02712884015364478221266076,0.01311694501555409758664084,0.6345120800686271378410197
-0.02517702851659261650829613,0.01703442164146463586038571,0.6348268897662472376453024
-0.0238816120871070819431381,0.01633541363248701416832631,0.6340536321404729447337445
-0.02231297606444380271506489,0.01875833608982282324495472,0.633925330569360956367575
-0.01794298615610225716698878,0.02352796377154042772872344,0.635140792333418358062147
-0.01752852941234534986381099,0.02294766314501490295230113,0.6330440121688813981393196
-0.01348931714625806015106502,0.02926892536204651895648254,0.6350224698366064846055679
-0.01106279061447368143589198,0.03123906425704330372394857,0.6334616171761793257388717
-0.01052866920345430987171476,0.02838721101577434263729671,0.6312440908091994096196231
-0.01027363368483023668698007,0.03118134112276042466116444,0.6298490271332612966403985
-0.005413207273524255937202643,0.03214088948341264212471557,0.6326474687196728119431555
-0.00580718263048938566905921,0.03380399913822686175368659,0.6311657946063600199693155
-0.003871433150660139391185943,0.03396428730559354625118118,0.6312980559440453109942837
-0.003982157492322863090450369,0.03534844665518444700724743,0.6289652719217542209406702
-0.0002181256814478562625764235,0.03551055608355434961564967,0.6303104352489852235663648
-0.0004021815697799261389057401,0.03441689907345868437715808,0.6281592250907573893314861
0.002787942344024152765968871,0.03506820977393525912146899,0.6296288012962627522739467
0.004315071027586983229418216,0.03328667790432431050628992,0.630468095140690687472329
0.002979834457866417304905404,0.03428808275886960355016697,0.6295450928577303040256652
0.004079923374639389879736662,0.03399400145531232542150946,0.6299659198952322070041987
0.0005796681428226978759210564,0.03467004594913283832546824,0.6273652790471834217456149
0.001781981022594879933082512,0.03355876136338107468271019,0.628777979658275421037672
0.0003483849184434538079867261,0.03418890614051568743736453,0.6270179936579634016879936
0.0005086726439926190493009961,0.03720953274986138481494891,0.6318470964758016172879707
0.000310588939443528762405361,0.03334500002355252068486635,0.6323084650684941410148099
-0.003442917359445393787886758,0.03450635762622214497419293,0.6287853387654515069371541
-0.0008970902571503217796250462,0.02820683337164054185763895,0.6273891086221698998315333
-0.003538938920157932641052945,0.02875086661977259080980041,0.6259571789326041635348474
-0.003746096309379986881438196,0.0270335260642450662948999,0.6267893728824827093148997
-0.007813213809171314430668254,0.02832011138834636745920115,0.6248837003661934508258469
-0.005539147942769459195822002,0.02631612512562557168460664,0.6279981897113008360022945
-0.008178301615361404861004324,0.02566099686606983579229002,0.6241064566277962910589849
-0.006774152308295344412925054,0.02195711193123104504332233,0.6252896341895238796482204
-0.007001721990018802861677205,0.02120818044006090100084272,0.6257730198901350071594152
-0.008526583479028673404065408,0.020050111519219909056444,0.625707721870422339804918
-0.009662046299484758696274334,0.01942946327301341147286706,0.6252749071041489026256954
-0.01137294798208461805988367,0.01764579829662426060932212,0.624311758108450853832494
-0.012409630627023628818284,0.01797106395604277165323204,0.6239193087145469274190646
-0.01442078768604371924455521,0.0193415837797501870276573,0.6241928249347422630322058
-0.01244074504855716307993863,0.01977441964953792138959265,0.6251030276565261445398392
-0.01557623893783207681684733,0.02268357836590099291251832,0.630609511287428592396509
-0.01327601596152270732598133,0.01867305397169594094464173,0.6261597420521317625130564
-0.01535363559337375380375867,0.01311028365686895021113845,0.6228773486333010200866056
-0.01636051787008110935950356,0.01657570475185142500063051,0.6230339547598423566299175
-0.0161726483221018117741874,0.01993942857790526393402253,0.6233148530513598073454773
-0.01706266919375873727937609,0.01867439999788562954297078,0.6237024006256897123989802
-0.01786855913411239740740122,0.0207774753705715006790733,0.6235845136003493882626003
-0.0178270138668185362806895,0.02120548999374725213096227,0.62433052352744233814974
-0.01794940748903404645342441,0.02061096989443124069540936,0.6239566043682366336398104
-0.01794242519349524903060633,0.02348806253114648495694539,0.6228134089174630627638862
-0.0181550519146179215046466,0.02416764169014579827221567,0.6226524289469927975204655
-0.0195352153387150541397066,0.02842038609129729498370409,0.6250902918908832761601957
-0.01801961930891683369426737,0.02407577025108842416756261,0.6213650917819836250188814
-0.01719868654036498314963133,0.02426446403814644381391474,0.6213351393705817127255386
-0.01555214739531081934165169,0.02573858412964236119790939,0.6214611401272175372767492
-0.01579580642087351910474169,0.02876571767345967312046184,0.6213021615806488817668196
-0.01159280936232776754168938,0.03454010371086893571579424,0.6219108171175778965178438
-0.01117516847988193375018628,0.03501043889956466370616539,0.6228691440967234482783965
-0.01519992260619936787213735,0.03306900827775750145720579,0.6184033044412046153937013
-0.01114989218602564606530603,0.03416171009518285950345984,0.6198834151032790451552046
-0.01107150279827100701479647,0.03467842231524059098957125,0.617429424712965357890937
-0.008003776013799233229883967,0.03671326550208166977773416,0.6197387563006681032717893
-0.008673837554772077448883572,0.03692369296146261192781424,0.6181260688396631453045416
-0.008183071600246149754354086,0.03757519353523974120490081,0.6185451173339850949872698
-0.007594471696516619761696543,0.03755413496983690119224164,0.6187401504708326394066376
-0.004917599952071295861533162,0.03706515459076942936578192,0.6206187206861709659833082
-0.004867919652534592397929991,0.03673655618595820376848238,0.6205944396438254351267005
-0.002859740342744712757877545,0.03460545329193231989250989,0.6220920324402205991987103
-0.005399323236059806394027127,0.03619803609735804117431002,0.6199376079371979875176635
-0.003469153365476418653806645,0.03526971042124833061182088,0.6267980275071433071687466
-0.006392464518503934711723957,0.0343266893865101507810067,0.6242457526547571244890378
-0.001774213418987916589253384,0.02817190714068762077970653,0.622331940814258466332376
-0.001942457832378630729758262,0.02672758439358318902079326,0.6214177911561571399090553
-0.003038565511114563449240888,0.02893936050526777284397362,0.6246661121171606101398766
-0.0008492601320146211420214488,0.02408871887901940095355613,0.6226051399958516530119823
-0.004377390181743561273219889,0.02657885879807918641515307,0.6237760421682164713175212
0.000547670431022125644288101,0.01974234549700341900813072,0.6228786769369822895470179
0.0005506210971350654521938583,0.01992640935375594030132262,0.6228415834511017434849123
-0.0005290489712908285355533189,0.01615466884571825287308933,0.622368177042475712035241
-0.001349731055649404419874426,0.01468185165193000747685392,0.6227131950487982958719613
-0.001339736903266625566918946,0.01564768254697400731711987,0.6241437084730245832275841
0.0005340979017683123450735416,0.01788159467083612341742338,0.6253857684823503904070208
0.0002117454997612986961758041,0.01908868085637146355670879,0.6254169562208246047063653
-0.001570414986798097673609265,0.01454580642882728064302356,0.625404117949341364912641
-0.001271089739926892746291198,0.01426824377019213913042606,0.6260962460545373975406847
-0.00120642508193831194014678,0.01468894013139996485017846,0.6264571760494499486071618
-0.001969711841628267370157834,0.01253593127694006131855886,0.6260895570420578204462458
-0.0002363927506373642332352519,0.01791311906829294239851258,0.6276515140460695585389317
-0.002350568595504164137732772,0.01443518283019664706634533,0.6257964187558663349264521
-0.002658971575709348673932642,0.01351033206004192445404133,0.626058148408932257922288
-0.001761207933496503497822205,0.01500874258625788798537926,0.6270809276837507884039269
-0.002325011392893839515944032,0.01488734757639798705897149,0.6268862880702805728816429
-0.00307341259759739884177554,0.01675207210364674376146255,0.6283065834973808883034962
-0.001967025914352529738365893,0.02112074656682947845776077,0.6288358132423376156694417
-0.003742971762757949134858837,0.01829920438865172832576533,0.6277547841814460349851856
-0.001392888820149894724825801,0.0249688744523818700882245,0.6268366673249139431334243
-0.002182939945670956533030349,0.02597000012028775201011754,0.627159674225775010114603
-0.002288487987326908237872836,0.02622252186043448965446778,0.6269918540684460417367063
-0.002400757076876664213721524,0.02625099338856400066344321,0.627703208108575272383689
-0.002845563390263544743113977,0.02429640462712042217607866,0.6303640932785830042206499
-0.00469896020278458455277093,0.02350636102916715472477271,0.6293821950575839707653358
-0.005226786416643287337679968,0.02487683586701660079509857,0.6299076964001153466909955
-0.005423004850438621800290395,0.02763595985053672599018881,0.6305067857167189204758984
-0.006087164746222324326896391,0.02947952707724577764425433,0.6301046113508029788974341
-0.007455886869744543857252417,0.03358951161207208990777673,0.630259050550647792476866
-0.00723690934558535430703996,0.03433876455990814841046088,0.6318298311597450034327039
-0.008639235072408863944093405,0.03829371247396333444168448,0.6323295653288624196264323
-0.008607514692342754444864816,0.04288694424548102068772693,0.6337923273657046774332002
-0.007401608248086035714286002,0.04188181650276669165666732,0.6342577509825900738960058
-0.01263634596473913601633043,0.04185714332797089293203285,0.629870133397883114056981
-0.006939250589577094716076111,0.04592982293096237872420673,0.6337615775574049203910931
-0.007379326850516777086541609,0.04299862499611876304195235,0.6345000611497206843836238
-0.01055642522877309197326667,0.04570030249906434360873675,0.6369113770789023298846132
-0.01054967544445200786085159,0.04428986070926404366998597,0.6353370098894548512191705
-0.01412032672090074089665812,0.04576792687629603617605056,0.6362045076152175182571114
-0.0108627948314656969097669,0.04712663034887604185385612,0.6377674098493766319251108
-0.01130523087571521333172253,0.04361078425963546556509698,0.6356198571578043354790566
-0.01188603719543169547068207,0.04448386440072553404956324,0.6384992600487668923392448
-0.007810782375088134651952565,0.03855198987528753867826126,0.6349135761395405808116266
-0.008636097260742218312268292,0.03311697369188225381630986,0.6334167659479056355920079
-0.007841378303019091999814805,0.03428610181649990179542087,0.6337953952618785580241934
-0.008121309019172665358277108,0.03190717730790786771377654,0.6342448072985683582558636
-0.009038187366080327120321236,0.02755472535400148997863923,0.6336054871132799082289466
-0.009353584810997779205865577,0.03030243376211130476582944,0.6382133101681729536736043
-0.01085748689224440635681113,0.03071151925590382206210371,0.637127413011413290533369
-0.009769485957748576254733308,0.02714485522979905723905958,0.6386375256092076124758705
-0.009206304477398983415747935,0.02610098315023344148211315,0.6378612910298955274157606
-0.008380834229916835770302086,0.02041311152275268950284648,0.6334529573757312626014482
-0.007248252275123581202243006,0.01884348029425171947015549,0.6336952035419350925948834
-0.01055179070143249034363642,0.02004484489586559961549206,0.6348177547065123604852488
-0.006712259837474546242397366,0.02570867686986739661381129,0.6324913737909861888297769
-0.005362272185396498892784312,0.02008922672129918526873205,0.6310545499858321027986108
-0.007533468106677045431074369,0.01024032531736276951939146,0.6332965355785338257277317
-0.007801329044674988610896804,0.01035734795505939206949897,0.6337706991846360216058542
-0.008342364504681626033444353,0.00932246826273833845144523,0.6338042344743592959588341
-0.007932817098441378306228344,0.01079222841295013855800189,0.6340286442385392184917237
-0.008526826060712869997937347,0.01076534931134350871195782,0.6345472160219647328460724
-0.006637920819582527123814408,0.01646061173733140425845534,0.6330250174998197643105868
-0.007407552500497835423765025,0.009428210610114890269373156,0.6343958382546097674037355
-0.008680078087401453187932354,0.01496227169840713168424973,0.638462783549520684900358
-0.009312602176447391105762463,0.02206043053941583384491842,0.6372660754991912313016655
-0.009599711294673650419095878,0.02458299620441354790822963,0.6373406392107032747418316
-0.008475297251038632281860963,0.02415144636944812142620442,0.6384124823598398279500543
-0.008457214563964853340505279,0.02610597248448629989492353,0.6384468245602527014526117
-0.01080509359449413273046581,0.02417469666575931819263445,0.6321458401841107965779543
-0.008992812998494874657251508,0.02729386824596649954721705,0.6347294732344491707820566
-0.008592101357263546429487988,0.02936966055678198045386651,0.6360505997569794178758684
-0.009261624895568877288698495,0.03511999758831891443877637,0.6384991696888485668281987
-0.008031464052042920631624412,0.03581781332585243921018403,0.637060306756289773666424
-0.008219660653658755755657239,0.03524247820373237888302853,0.6345923948434424310960367
-0.006799034799572931109246099,0.0370685624277610550891815,0.6356206889246722724351457
-0.005942800021624829349964347,0.04000496340337929973562936,0.6372112430112071290722042
-0.004047807001554786301977806,0.0439532799123114187311856,0.6380257237270337000722975
-0.002743481881136520389441458,0.03895570695392468196782687,0.6348769786742435305981758
-0.001147889125684997376278251,0.03841669025235259354866812,0.6343634765570724809435887
0.003265646886205559977500723,0.0441425279018549873710775,0.6364381658434820066005955
0.002197472088642718392875741,0.04117852468396394211014311,0.6377876583763897322398861
0.003082055678169695524942773,0.03751593354740280494841187,0.6337884726901317211655851
0.004857966578581629675526177,0.03592642858307519559968313,0.6342593020539062376172978
0.006211035907313260280571132,0.0339764345274191637003014,0.6346265813087114127100108
0.006690228081077044704205736,0.03218208227683078126446503,0.6339261024494666774131701
0.007652595991269127428946462,0.02865839486543311429023184,0.6333342598096517450656506
0.008214452574893385192189577,0.02693191597248598481706416,0.6332474852488011451967509
0.008136290977703880544780191,0.02491569724833922472306824,0.6331088065668584174972011
0.004131883096176174920144408,0.02337966618961666645515329,0.6296634507072248476688969
0.006784121744595782328712819,0.02033393703086743692365346,0.6320932532902004963304421
0.006218611371934230566682622,0.01850378202001918062635788,0.6315753165667743473932205
0.005630936972525282975532424,0.01651546438105612468749683,0.6312936756936314841581748
0.004791644262347771396348683,0.01594050138084839376984014,0.6321123801174810541425586
0.004093221948336627294406931,0.01173280927905324087789918,0.6312671768427967622372421
0.003068527255426326937753911,0.01059606986115550937566088,0.6308308763955643438947618
0.002476709913433329090376445,0.009897375125555234534613369,0.6311184275498430418238627
0.00104530070609354006593017,0.009039691508736404437773793,0.6306670661632082230951823
0.001124024313041825911402283,0.008790553186979931099553909,0.6305648819041639319138426
-0.0009347198093894515998764083,0.007701144439917650963423057,0.6291367803213824272390298
-0.00195800026672071202787917,0.007302712288385445997540568,0.6304441043708746139628829
-0.003225369039967336797641861,0.006564509142415529512060157,0.6286747081690140515064513
-0.0009059551182053063918958591,0.01074003453024823147299305,0.629214486901459646439605
-0.001654227229995768174916626,0.01222802293507256957139084,0.6295295773475674261376867
-0.002001421795937432905609921,0.01002072607777378804305712,0.6268884694653079625581427
-0.000888698084937751759185276,0.01291604670284098033139486,0.6300971845748503108453065
-0.000814380162804615457053381,0.01252794739853293343179175,0.6300745788081890674803276
-0.0004308858672149099011683404,0.01470582343783338394316296,0.6306999002532506226614828
-0.0001960244164958765435407412,0.01541398008982218514884011,0.6290537076217621592633122
0.0006027367865953898269301692,0.01645240327129358220981103,0.6293592621162886757701926
0.001025341049784218340479303,0.02038146597068036733335639,0.6235520757746366715679187
0.0004240776214570203647875879,0.02269756356998049035000875,0.625695888784845277719171
-0.001003976786780767229897982,0.02054952780395550432368523,0.6238540354126305143012132
-0.002511044357650776652490787,0.02239263076141781091954464,0.6253462119867491120217551
-0.002683250068205139324262198,0.02292467581519967712022634,0.6249758297760278358268238
-0.002316959977078738176087258,0.02492438076634965679612144,0.6241595156200285821057605
-0.002843506250141471757009182,0.0279357659906881890254926,0.6246113251089357998324658
-0.001341933351178133462799913,0.030277624074159081163371,0.6242996692401899805346943
-0.002374147985215241483253346,0.03140272471171108581433629,0.6231101862676953206943153
-0.001142588853032446916460629,0.0323663941049180253761719,0.6230276504568609263756684
-0.0004760242679356933479493941,0.03167666258025061271075273,0.6228573051899133350417515
-0.001984228486330145199006969,0.03574363625745846650971771,0.6250820543900722503494194
-0.0004704808788992036953750808,0.03249016306219031785529339,0.6218778482348352731889918
0.0003238013230769477075916829,0.03202979433286092664223688,0.6220769607096574560500812
0.0005245668846085264772419188,0.03033511868657098181634169,0.6216840850856890643427732
-0.0002382663722451510432756572,0.03093213959150550862453599,0.621775126135783229308629
0.00196439127606419343397004,0.02907512592815187160710799,0.6225369975918397802416848
0.002639383049772521094150646,0.02680666594678523043104867,0.6213152341206824580410739
0.003682861895519908175533619,0.02482553431761551701595359,0.6214164941040050127440963
0.001732445741283060100523805,0.02297946301995273943319376,0.6192413953914361890440432
0.003332694710780776878311649,0.01940153864661994104201526,0.6210680092431313248368951
0.002853389979386116923065764,0.01692341102987678091995605,0.6199941789237732869821684
0.002990783176429373177440674,0.01393256766072699902314636,0.6199311740054064268079514
0.002408332641417007188855415,0.01138607867945595417125126,0.6197176690070096416462775
0.002305066844477459461065783,0.009835299629541657123743548,0.6198070049548199955680161
0.00215925253614320227651957,0.009801210337690508672681133,0.6214314746481232054620136
0.001339669242541947392910462,0.006096956870012353556231854,0.620585515198858850283159
0.0006252923042261046516696044,0.003405812277165424974828545,0.6189374584817289859373091
0.00100370777831473596136691,0.002124800039083886774027299,0.6189621548803996287091422
0.001108160924079510355200195,0.003278115446940912079687447,0.6175296690514237019087318
0.0008806163837014053651780499,0.001786414849518760733157463,0.6209188252914683570082843
-0.00109177346145922292246222,-0.0005076250580109892881347511,0.6202061174186831449262058
-0.002967188913685669168079917,0.001958327865285307538972814,0.6198859970197223567822675
-0.003597500962502767161282913,0.006197898648592811698954108,0.6240651748372852969382052
-0.0008819611386043521789393496,0.001369945372974470118934698,0.6191728389446136127105547
-0.00299343357107280773690694,0.001726222315902249367439159,0.617700199330006305409313
-0.002054676364947932189208846,0.0007021248426874091529137356,0.6181459486200144848311311
-0.0006739029916101232095884677,0.00324905588262305389593565,0.6197262497937868763742131
-0.001087167315703444500987751,0.001625470036083644272129067,0.6191203048004811915205892
-0.003216767515021179066336821,0.008526782219313881402977806,0.6231999857943292253636969
-0.001178608469494263170929127,0.005129208251346548293192473,0.6184576586559294986145119
-0.0005813826428089674839758128,0.007910819772150306725122526,0.6181551974442210939386655
-0.001944399492972698770612561,0.0060785728305360817169678,0.616476483400131947121281
0.0003699464131471398836009667,0.009638907805675858003757739,0.6181544907733762528323496
-0.001611605628643015142992256,0.008690367742042863843932032,0.615951386991752447563897
-0.000411580972175296035293901,0.009097943762790069652246494,0.6146954623659183214456903
-0.002113305489167084227214444,0.0120125339620953466845954,0.6183819707168494161919625
-0.0001200709787187481295640465,0.01313764144161371459629262,0.617034971921316732768048
-0.001200476513026549427870515,0.0123332060050174892318342,0.6166764594717957237435257
-0.0001521435827020182931894332,0.01833837971290910862087742,0.6172186424356488343434535
-0.0008283591059257080667019291,0.01810387656515103152465862,0.6158874604721900070103402
0.0001495582189358514565904329,0.01906482958383727208118152,0.6162076294673066723106558
-0.001570980224822075919238751,0.02749583430444047307816824,0.6184161317203112906426554
0.001947227867486793061874151,0.02733803791226693466476227,0.6144628358089372355266278
0.001737004926608037586738265,0.02311722129954736637547086,0.6159784492353829188360237
0.002466052573247939395939543,0.02510247741486041836433962,0.616002315289857493851855
0.003096828008387504053283701,0.02512768798729459254759355,0.6151284719574879877868057
0.00282995715024489695108012,0.02502794336411778841622322,0.6153300539441287630992861
0.002676805451695462266525904,0.02436121356308111954303008,0.6150958428505964858956645
0.004143382844581714602449907,0.03469555734153657172713636,  0.614931675497340957115
0.004801955137962313560628935,0.03241614992269180317574495,0.614268072311749735447961
0.001631400361938283678428507,0.03052578031659886406701254,0.6193610523860699768050608
0.005744662402460878197762995,0.02820528735716454002413478,0.6150596292987066115998118
0.005815841452979049648608356,0.03060624525128835538012595,0.6154132281479642863075696
0.003729032089833047864529947,0.02635834586290039180389577,0.6132307424759894098897917
0.004577498337661055523295506,0.02809255063791437148634778,0.6160175288652752767504239
0.005890896182687972021385647,0.0215034821062393723123396,0.6156026293197959242675665
0.004899124888693756098290155,0.01884716175837421875405298,0.6146738385546851590746087
0.005616651638700293457107104,0.02224893027537900441759078,0.6148350048870686590518631
0.004637112425867207475549403,0.02158538582846545456073173,0.6149811984240037832094572
0.005125726236345978098496445,0.01410173996327052092780718,0.6170122730039827585457601
0.004040910758145694649245971,0.01988338365854094499929339,0.6160455438435269437391639
0.004386732562730826304187026,0.01309268193901816715318809,0.6152323601686655596409992
0.003196317445074479176442273,0.01575291294805294950442942,0.6162552658918891701489429
0.001345814019014350505429323,0.01689416219963232879130999,0.6156023820217183528669125
0.002780555440690985966045723,0.01346007659444637544199352,0.6148198396651726183037567
0.001780277961748555608928468,0.01115515650112976556163069,0.6148347823048652127653213
0.001203711495406317635165072,0.01072441408955616785891873,0.6141116366847743091028633
0.0008002165671571180062537909,0.006176168009220132579240037,0.6144838428346867109652862
-0.0009648630439810818460594222,0.001809232408580061304825826,0.6154873582400606224496187
-0.002300779165103046010332211,0.001508112886261811372637376,0.6150240033858240806807771
-0.001310451425151798335658193,0.001906251398667766199651608,0.6159495465024400484566058
-0.0002524129742785316391807948,0.007398738682220091372743198,0.6159108036139587794011163
8.809134175926155031332437e-05,0.008477803120167382022742686,0.6159396115818367434258107
-0.0009124234672151104470066985,0.0158734073620213148037017,0.615353344302956073441635
-9.48883684975148001443726e-05,0.007321290009119280246807637,0.615383219613616416765467
-0.000693858370347166884123391,0.007599979355727856655811081,0.615448288649898755942047
-0.001504888335654543888436629,0.009000143917355775055599842,0.6154705111572099651695567
-0.0005057715613518989038188689,0.01011393174573656933423749,0.6157960803414940231803598
-0.002223027496519825937926207,0.01126639675478724629542615,0.6153604206430132173011316
-0.002621180690616193003500412,0.01370493576830373629038551,0.6156336789458589642265451
-0.00226357412703437127152184,0.008911264511075697725139833,0.6194228279117743873882773
-0.002755379217397655941534929,0.01600935677512657986931721,0.6166445103922483239600183
-0.003403939651316021872129447,0.0169995319413228790361714,0.6169076625048224293834664
-0.002903366866882524637699658,0.01721811860159580889750863,0.6159386825089121497711631
-0.003816617386336398649177015,0.01292886738089060738587932,0.6174024933754529431695346
-0.002962986439154342149793209,0.01994914210517370264930115,0.6165968108957591287122568
-0.002963670391885259332298563,0.02357099569877171493792467,0.6165390280208403739337086
-0.003071860310677254797540048,0.0222600040590149109154261,0.6163837632543223143954947
-0.003063449973612313373405591,0.02336538486738624909033746,0.6167713365485553156375431
-0.008114650691485475811348671,0.0200260995009785176812489,0.6216357172936668451512787
-0.004799766089968446336477825,0.02418968141605213478806391,0.6182455657831372741739528
-0.006976284767417583604354192,0.02756632867799276714881884,0.6190184825173503657680385
-0.009356813111856621470452389,0.02449099062786677313829919,0.6202262157021285471358851
-0.00763173581904623334754012,0.02427947044284255867507838,0.6182870445410016957410448
-0.00714035319800494956699044,0.02466021570402283230594165,0.6190274869485168363070215
-0.007501085978414457310081698,0.02533115243457988510766832,0.6194090490623428424399322
-0.007939249220148819966014209,0.02297522430586688632625503,0.6185315284748578168461108
-0.007744275762414129342381397,0.02413777442479614343540106,0.6192856199448342202629192
-0.007786291915989362356909087,0.02922782903226063544455116,0.6201689768726531548637126
-0.007876700441973387076255442,0.02638124198557365018835696,0.6195082017754806047449279
-0.007595827504823349229923224,0.02592689328253346137120872,0.6201638361571414348460962
-0.007597809396971984437219039,0.02702676687075125996906344,0.619688168545468265335785
-0.007115431704774008436764632,0.02715164263306099265427029,0.6195443721816996651696741
-0.007530754374133655226764006,0.02473635658770727621669216,0.6206465868017666531741838
-0.008616410030340838910323242,0.02427634824925928302974398,0.6207101647879140760011296
-0.008107151106388904571176113,0.01681980484651007454188765,0.6217346378598006539917264
-0.008530270890007164708013221,0.02107978741108937695281078,0.6199321933745679524818684
-0.01160249931199287126704078,0.02531121992888524935283456,0.6208710795167028395624698
-0.01078186554458693789670942,0.01921619974323428292617422,0.6213632667312444235463431
-0.01169559492030997766010003,0.0213051641287876035446569,0.6218689469094128563497748
-0.01577397798873653167461839,0.02055257447703929402083034,0.62033679099871463780147
-0.01275281541156849524076833,0.01606706939370997413996101,0.622498006728609776239125
-0.01253302532359041286669221,0.009250854411250295297741708,0.6219486620426947220963143
-0.01378095093393246102497773,0.005380777814784469710585046,0.6231706411855126859222764
-0.0145163165461923166638103,0.003853696286038139993262996,0.6223659116281837766493368
-0.01571568633236974932287922,0.004909244348252307307833853,0.6240744786038099345404362
-0.01710364038734204714109488,0.003668322303914863663498735,0.6241895741771611438863943
-0.01835789435816270395718242,0.002413523423103145718743301,0.6253225380343483408296379
-0.01892274388501283266528219,0.002773530150040890915330571,0.6258091438587093380263582
-0.01935179758065649555098808,0.002523719869697067623437459,0.6261277494150018219087883
-0.01856482962454832422172224,0.01210311274085335009331743,0.6243467405626874633384205
-0.01767289508874762826717841,0.008265591103762041577662778,0.6235838704726650583154424
-0.01831219700145837736560139,0.004164333459703216562541872,0.6254335886394755128492307
-0.0172979599262498701106594,0.009395173357801146069023801,0.6244846952337766987639611
-0.01728775837729057407443634,0.007237993207274766652159492,0.6239020744608261281882733
-0.01922055029629952602188148,0.006688035817121222408043746,0.6249520111851535331126684
-0.01894576439246308321995294,0.00546428172462748353716,0.6242137318037053184127672
-0.01840197899524574631779927,0.01018572370426262460596512,0.6266845052243740221697976
-0.01812335300422743614157106,0.0112717924505960458148035,0.6244988632447050491691698
-0.01748336615488532350126683,0.01434476694804620588996613,0.6248879825189720405020921
-0.01656090795491939673955706,0.01450420489681194038955603,0.625037151594725393088936
-0.01591305728328934465665156,0.01691237197447089529722675,0.6253288309743640915883134
-0.01550829763194999134923169,0.01517084560719141571316637,0.6286684073521470184076065
-0.01403676321691603098851253,0.01852563946203416439528766,0.6260890200823067130997401
-0.01441953759120005208738124,0.02359591122945951108258456,0.6275059950196033575764432
-0.01333850438345477590340593,0.01527252262567002465132315,0.6275717622889983582368245
-0.01165618489806774689399038,0.02348746702306255332293183,0.6253963728945624023225491
-0.01504914213547731312303757,0.02587232228154604657399673,0.6318699786592735234691531
-0.01057624023885797050203994,0.02394338571495653947285298, 0.6257382399510900139461
-0.009450608319860109851617835,0.02278618827944328684154129,0.6255671869554958464121341
-0.00865383304981322439008995,0.0231350063281745912946441,0.6258162308222916525579649
-0.008153747680558542931805732,0.0216668176573171465670864,0.6263969458691419633922237
-0.008610648348468086243912012,0.01553603108950876547644793,0.625927835905098817192993
-0.007941978703288450625041861,0.01166209846590070785266047,0.6273097180612259293752686
-0.007894740455518144822688598,0.0103082130569150404869605,0.6278728017156303131685036
-0.006839734938339192028833313,0.01767169965286259983305861,0.6269374737148366572014879
-0.006199208231045750562560048,0.01671729375163246225644009,0.627156129878077450712226
-0.006310147116510158617208592,0.01505262963351706832770827,0.6278212658753955510704259
-0.005568734033400120006507272,0.01482271075904900703434919,0.6266387522835999979164967
-0.004859227029968297625894813,0.01417313807823554136500199,0.6268538398188800986332581
-0.004569465217910947084367645,0.01576921756957089248984971,0.6263509881611095675424394
-0.004008093828262461986999821,0.01321724097728700468568075,0.6260889601355371647528614
-0.00333456813021627048593265,0.01409327467712327523752247,0.6263164874766043999088083
-0.00448430891547348543096918,0.01569146078170575997479119,0.6268286315833314636947193
-0.00297606098130745715807377,0.01354882317345224365667811,0.6271514925766008552443509
-0.004410441394982141799507858,0.006371203063093284699180963,0.6287288355287472541021998
-0.002834982421108312063140477,0.01006549061494167382480036,0.6306498410082221894867871
-0.004341307054270980916865774,0.0100712106821752456903285,0.6269788989147798696777159
-0.003866835582333208020527904,0.007232470504508202099880343,0.6299820457895216607724365
-0.003016777380970404962706732,0.008243627437589490583591534,0.6287117958774035564317728
-0.001653796483979510243203515,0.01402803803538181688648212,0.6284302828450453182185242
-0.001753227433218896083588767,0.01624070571507472970917973,0.6283325911417696474359218
-0.003404709304457348775785341,0.01971929672233967145711375,0.6280982066799534191403609
-0.003325752441457208424119285,0.02149223037207302969275879,0.628125832497922309549665
-0.006318209913741830441313851,0.01912559869653196117922356,0.6266983151063166834759954
-0.003857135820446008257766923,0.02148246277050845642886401,0.6277361151770856073639493
-0.005540598465734317308595269,0.02555542162394849881046355,0.6279763397657234236248769
-0.005255250765468314974593333,0.0192124396590773391380047,0.6271019016416776725719728
-0.006083787575435521503830483,0.01879359038751843291592536,0.627152552532077356417517
-0.007009462493819712709808289,0.01930249424461667751007354,0.6274960145688793788920634
-0.008943967000592358343458166,0.010805009137477464276067,0.6280087706967805161184515
-0.009641174741520581667475476,0.01157169416866813717315043,0.628076780294220315958853
-0.01022525380213455507838471,0.01352962403440881831995224,0.6274581912598200528208281
-0.01162182839480791624042766,0.0121091980254476646455819,0.6305931825391251077661536
-0.01253138606944144764487881,0.01599944316793404375243171,0.6290448861987851802979321
-0.01334937295959474565232306,0.01572236319789971706328835,0.6290291610436028468811287
-0.01430209241899021120614233,0.01510512037105911711809547,0.6282432801495790863910429
-0.01626906123114324476119918,0.01408621614818889901388221,0.627544339547074114804559
-0.01726536952729932489214448,0.01536735297827082277755117,0.6271954632316090183508095
-0.01863643118651796271034726,0.0127739477379066618950576,0.6278263640783968702052675
-0.0221881483985153712956695,0.01297932557486179867833886,0.6284490429997316995880396
-0.02156420820446204589249106,0.01373432271912491606236095,0.6282331409068244720828034
-0.02250107092581518988816391,0.01264181781646969704446803,0.6282012539114381066696069
-0.02253713973711447132730612,0.01333281175726563037853278,0.6284084399331192338777896
-0.02248326991385110260046609,0.0119050750278082671795854,0.6285357454397949572566517
-0.02496266843436451693394318,0.01043602408257421516879493,0.6351304779950245338326908
-0.02364873754289972818121157,0.012729270708801572117852,0.6280036150779106929320506
-0.02460276593502252334699776,0.001453028096846123223481739,0.6292622782610629572630501
-0.02460742080262151923464309,0.001086325790462282182488596,0.6298293080930700282848989
-0.02341580626159339012515304,0.002827883642010641049996389,0.6299804535118580517405462
-0.02497063169477645172555924,0.004911813221863453073068317,0.6299779051134921648014142
-0.0232789142676779227392192,0.00359661613076102783595478,0.6286431605471921590932993
-0.02327978865264769547938073,0.003641056192894403728543828,0.627803360690503242658167
-0.02134323110921441599141524,0.01049049268396650726187236,0.6287102057335499649681765
-0.02044910564899322588661157,0.009475424056641972014869424,0.6285478682671720163099849
-0.02323321458179370552210585,0.009109965646458512839034327,0.6306013748352188308388122
-0.01845605504164860022342509,0.01338632386108250596490343,0.6290962833982667312682224
-0.0187371291426889630127306,0.01175918716434110229684951,0.6285154471782751217645568
-0.01777943479002922280707288,0.01314026728152084023959478,0.6290576653252130112647933
-0.01813063489115720322564229,0.01363910942462293919563709,0.6284058051718507398319957
-0.02076051698287195018677309,0.0141930385403846500563807,0.633155298829324419962461
-0.01746678815831854275630874,0.01463639585963027317516705,0.6292557041770974191052801
-0.01700120627788065733043688,0.01635854642081337184666978,0.6286714841847735879554193
-0.01666204140073975978331156,0.01732562094382684644844339,0.6286185256273980614949437
-0.01763617408498926661386541,0.01946800016172344632847668,0.6292856548429297536273452
-0.01554746283649868429654894,0.02137489422438679231852632,0.6287985021096120785699668
-0.01497200216106780480684879,0.02347312352698709830844948,0.6278708739572248509475116
-0.01369880827005019556519283,0.02574972868334205258755709,0.6283335513788469439688811
-0.01352758013837365540232849,0.02859063771302327444656655,0.6286210678374117843958402
-0.01198038646230526090008528,0.02819571072072041620359961,0.6291985008155215330916121
-0.01156759643941477830320075,0.03013626296887321476258847,0.6296364517500044888365096
-0.01193580802186957820487656,0.0241865725456362860856796,0.629766412693662847033238
-0.01105888166367222265329406,0.03341208458669864267420735,0.6278657293729011934502182
-0.0124634593155556593763178,0.03147744717306546341495377,0.6333282123376524630486983
-0.0121179152943348671794821,0.03140662194686764940865231,0.6335026866165422987364764
-0.0117106307316527692707897,0.03116855166883445923953211,0.6338808247567120357501835
-0.01119426913545277374462117,0.03071451383733542206400102,0.6343398605826634506499317
-0.01084502950305961388455245,0.03170174881737529426484201,0.6343743266725029306130068
-0.01072879436924968621358545,0.02834255500409870592859463,0.634761393984314525873458
-0.009657197203650776107242137,0.02478210963563076338345148,0.6302159285005658473366452
-0.007664489757968958455469632,0.02171796589725827689165705,0.6308258017549758234210344
-0.007960720260816357349287209,0.01812297065653872135682079,0.6303186635280413341320127
-0.009549899060923471710848887,0.01881237787338754796628848,0.6340667721028229175672664
-0.006563940573517777418710573,0.01652545277466278828004675,0.6297315911360705786847802
-0.008005550777474930088106753,0.009288180499898766526167826,0.6307118187727380753671014
-0.008086949694896237300634212,0.005731449034187244620519586,0.6315478258444685577543964
-0.008822819301764947205746203,0.01116711126210917157108859,0.6317471905097552520302884
-0.01025338163647953985957439,-0.0006060163867042517565203452,0.6326009453211894895119372
-0.01008482969480123218886103,-0.001691449387729813784442268,0.6332207569166030669549627
-0.01057622979248908252902783,-0.001334036094260857832280442,0.6335301310761921600445135
-0.01151861174143775645717369,-0.003413090351983382245149024,0.6334866558780978262888084
-0.0131036057796803644820427,0.001280730420052356502425006,0.635685552753202154363521
-0.01114514641557918551983963,-0.005304958881236410475623622,0.6332308528084112930756078
-0.01095565597544776413607703,-0.005697792044653364473827395,0.6332889369912287902408821
-0.01138341125670853243301295,-0.006716925000514881866076067,0.6324107818095087152343581
-0.01135403682828176920305285,-0.003138392775275808659757315,0.633361661878865778163572
-0.01075357104409207543993521,-0.005410200084335737603924432,0.6329774885498395953220552
-0.01318841638733781948533696,-0.01228883663848809836005582,0.6307805024303402285923426
-0.01319339798205975897160691,-0.0004318860175222490375111783,0.6337785239031252793040494
-0.01209597766949745481501743,0.0002594396575556568774502397,0.6349598668675022761220816
-0.01038634714555565843885354,0.006317074915902423128122312,0.6323609318876312057611244
-0.008989365329664364412387556,-0.003578097774953435325495654,0.6315490336478570831957313
-0.007916631463568430532307119,0.000482086027398947699392634,0.6338289790322847450099175
-0.007611542063932141485849137,-0.0003817747646637594839680308,0.6324031937297277528031714
-0.009660318069380660274680928,-0.0004857264901374893154017975,0.6298685339299792129708067
-0.007920732970680379597672172,0.00583177228236495415886198,0.6324017379695663354510771
-0.009864358765872287618248215,0.002577651149429911834470852,0.6321495593154952130632296
-0.007666677449503297644972655,0.008072144118946867827335545,0.6348670892427477063790775
-0.008884889586983852130530614,0.00490980642452698741451389,0.6340150857814756957253621
-0.007119560670234032807857094,0.01575938439394599169252054,0.6319062769328841477900482
-0.01033290500129506635229593,0.01802610960660841823988143,0.635323823248787444839536
-0.008145889082262753808083566,0.02361227903615586640184709,0.6330263522901266037834489
-0.008493481132700639313348745,0.02118406775545075143574181,0.632500688144664646728188
-0.007919411058590050678240857,0.02120319717178774029942012,0.6360017872566029462078063
-0.009648698133836113022265835,0.0267396256710464227945856,0.6329239657470688840135153
-0.00990397603214167136786994,0.02995517277542689496550032,0.6334480699429994032811919
-0.01102528760105896121768154,0.02931824935785622837647324,0.6347695592735197456235596
-0.01294128248496150511426261,0.03029339304283089687186425,0.6354371463183199342239504
-0.01352362392674363172906382,0.03313996045016092545365538,0.6358579099684631419364678
-0.01337707407670141873667902,0.03633517172468293116027738,0.6393217122599426094353703
-0.01600890003970111344355765,0.03815714700595762565171754,0.6373082212003465807370617
-0.0137487489247138331555087,0.04024101234227714374291907,0.6382309932762283422036376
-0.01292236037241180010570751,0.04182417094381013500381528,0.6388027492812557994739109
-0.01595567208960445987342425,0.04418268130348106809135444,0.6365413903365849668247733
-0.01161579633353636981096813,0.04175014695931463654110516,0.6364166473677735913483389
-0.01571444840293746356141291,0.04457102259144216094277624,0.6342677922054458239387031
-0.01360701350826883787581423,0.04327633086849230065196181,0.637767539381908887818895
-0.01361653757927495586588229,0.04284924967058708483724772,0.6384361335207846543937649
-0.01478500976539624117700455,0.04533458938547097610838321,0.6406380206738900850993446
-0.01318577855961323812283847,0.04074613397799333597282256,0.6385739368113868552612189
-0.01398191833346467370657873,0.04153144117098515192276764,0.6378515094506660432216449
-0.01202837497481946960053989,0.03574795243841131370254871,0.637713488306458242682595
-0.01162281698130519617950807,0.03496382332897950834249556,0.637814040163810602734884
-0.01520301988885079669255873,0.03695755990595784440388982,0.6395148087121533819754404
-0.01154492857148452754356693,0.02870513177093984846788288,0.6381770869635143839104785
-0.01316833953051995895200399,0.02676154311366751858969337,0.6389704445705584046066861
-0.01191030227269820364333075,0.02307245869821831010804125,0.6407595595858155412827273
-0.01224979518173148484994073,0.02140318461440138611551198,0.6398762597662445150703547
-0.0120220742306165837703924,0.02182101585993654127570984,0.6394145772143918771135418
-0.01283128710322640336771727,0.01840116695462065340982427,0.6398058205264691711278147
-0.01074144023982056932176032,0.01693535468591968531915093,0.6414624221919700275407195
-0.01266906968163720829945174,0.01463459157208751859613471,0.6401799864040220722216645
-0.01328186130435905776270289,0.01404361598422733739544022,0.6411653714723523078689027
-0.01038142189181929728181153,0.0107059174673732535043591,0.6421624170818160948215336
-0.01100403156172954748093229,0.0143336364574742115840511,0.6414874633361351552451879
-0.01113082518932995666760544,0.01515480697029747587933901,0.6417407999147187735999864
-0.01127049227691991756250545,0.01360445144193444047542307,0.6423007931423723171349138
-0.01415335062169851589042313,0.01062192262113913210352933,0.6403534697194999125713366
-0.01415584524341840372274604,0.005433832162633845178079106,0.6396370902457422236153661
-0.01347522622668350864016951,0.01165764056939575139815179,0.6411649513007715572854295
-0.01357055093889127442285947,0.01607924757770389997957317,0.6410690987093506931771003
-0.01451567267367674836375802,0.0148297394925953601035884,0.641219560450525749573103
-0.01578482336747946343513682,0.01507477153909317704738591,0.6411358573355537826543582
-0.01662410615789721574087068,0.01875836122299184491324375,0.6422629003443089956704171
-0.01930859702920974252382535,0.02451126997942103605265807,0.645063848076440238266116
-0.01582816225605233537154781,0.02693211098374655512732723,0.6419998825061004055214653
-0.01706330883933133979457608,0.0281586777814856886736905,0.6438970371732513076068471
-0.01462594537627207036400989,0.03018325606678276540328909,0.6382757877740193874771535
-0.01551903013121667430918027,0.03142604787951708972260079,0.6426606571741088069771308
-0.01537957811197760912835797,0.02483086042592766093384249,0.6409548747223268172490407
-0.01602131703188702793738685,0.0277355256234359699718528,0.6390280680648250388742326
-0.01302033785724842664122125,0.02994090358819358546615952,0.6398862495197943367486459
-0.0146697566076596022655032,0.03705878060543862928533088,0.6413097575240470638036072
-0.007067740072643663960805238,0.03904979013965213796577558,0.6423688017418086593224302
-0.007754164860447649784691571,0.03591991496175588050032701,0.6406557615755450463268517
-0.01004099885121275369248561,0.0383774630170989408672888,0.6388625877245083239941437
-0.005619668006782711083824111,0.03740833404049492827425638,0.6417287502854406300301093
-0.005807473494527455940006355,0.04221739568586562602048318,0.6419606489754168254791011
-0.003417316122531381412247287,0.04706335107125413780293499,0.6429524423019391532463374
-0.006365980215340121851907984,0.04870697731525618079384543,0.6465217739063480184569244
-0.001922198344250186262047175,0.04650640791623675274202299,0.6451994703704716505043848
-0.003786421801217901804414989,0.04219420198423274454002652,0.6403572822401102371259185
-0.00311399657891813863921926,0.04188245905460483142768169,0.6400335029401589270747763
-0.002483502903442726290894615,0.0454085791719912729158537,0.6427541274162313911233468
0.0002879454761054021276825421,0.0446680669847122902016423,0.6418864735468748916602522
-0.001127551768962877171489922,0.04847652348356209367485903,0.6460773674909268127208861
0.001591035056719420151538635,0.0456709118519589910012435,0.6462684056538491317311923
0.003915605682042197846493004,0.0431272197138448526443355,0.6460490679666596181007776
0.004145250545433593752919776,0.04208651936433002033188799,0.6453181766269937558178071
-0.000435838642152714219376447,0.03975824448922039150433605,0.6423725374348892014353396
0.00155161032496374095418501,0.03582144886637276398611007,0.6425467112361473720483218
0.0007671010021220672379579919,0.03850362400520657146785197,0.6456232276955420346098435
0.001300058695621549497908886,0.03211322005922105649045051,0.6413268899148930612952313
0.003612958033894201996527595,0.03267065840776915003340619,0.6475958736391987935476777
0.003661119471617988157391421,0.02621229787860925725118122,0.6440422750027998688437947
0.00356501101264625457759605,0.02499951800411725696959842,0.6449915546405338151458864
0.001751763856086024050140448,0.02391840522829728407638861,0.6443235991676018459273223
0.00114453214247257559210702,0.02223077527659822472116957,0.6453211325674427234488917
-0.0004743366390095514429844914,0.02135448268041598499089595,0.6450089601863269184178762
-0.00313188434756413516812934,0.02397322715541413268303117,0.6484675918734928989906052
-0.0007341120732232749718226827,0.03027139060730013944700012,0.642526796017491852452963
-0.00161956868292744619701462,0.03039943318261954449677198,0.643200363001507624538533
-0.004351078705981922638279524,0.01903497907040373887666007,0.6446425803278252875117005
-0.004948847546105029394925001,0.01975864671171045916509001,0.6442401300215838677587499
-0.003960880866329379718093762,0.01920760429360253082609056,0.6464959427871855845992854
-0.00510737992063138145776291,0.01930768264303246023461114,0.6461213554660094615655908
-0.007665146566000867987822343,0.01971822943798967261996857,0.6466931497749616175596543
-0.006927311621527684586119289,0.02765080081319403609851904,0.6455783089870426039169615
-0.007693544905333427226523657,0.02600061947811558443754976,0.6464411608748276139024824
-0.01023379142033667942024433,0.02909054527260132930188696,0.6459244662819385585095233
-0.01003157953981545502664119,0.02979655850544842346505625,0.6467119437552556471260345
-0.01074891556378795680337657,0.030460589340799187202391,0.6463821789996716526971454
-0.01234910515629333675746704,0.03156031114881616139733467,0.6458694946414766935305352
-0.01184624081797416676742341,0.03162250276846179097844924,0.6455088174152503466274311
-0.0126182859369023282064548,0.03300950391314978055179452,0.6450340523030266837167801
-0.01295243108173452749320997,0.03466253005281408339222082,0.6451343022502509239046731
-0.01344620845166120438884949,0.02900534671931835964397983,0.6441351365957824759433947
-0.0151717364143841935281154,0.03787128127065686467034311,0.6508545384099087005580486
-0.01275126745041618020470864,0.04027536002122607261544118,0.6448782096646297201658626
-0.01406619303360832906601985,0.03133241924352297286260338,0.6455562978370974480668565
-0.01230471494750534980355816,0.03608355263626639858332013,0.6505275495496510851367589
-0.01370468331254404495411769,0.03446897574569892513940417,0.6477581635445543994933359
-0.01251376176077672978947941,0.03657820365786203231639462,0.6479345291106100024336456
-0.0125438593075011435573618,0.03470997661724453675624602,0.6491995577945048889745294
-0.01208401251490998605520044,0.03478932273888797610528201,0.649581775258723737032085
-0.01032096263481032012709893,0.03722607758675097050504732,0.6522188418776907470331139
-0.01320738881883554323437568,0.03356110361488524179707227,0.6510311669029302805711268
-0.01098685158875899181563085,0.035567709357893141641771,0.6519125250291318840467625
-0.01223981995717965745584799,0.0344337339234382991404182,0.6492836862743722736723839
-0.01022655746225438998242563,0.03365996415827712806567718,0.6478328081300237517581309
-0.009576027500890142707401509,0.0296271162095591150675844,0.6489436668900447902075257
-0.008154445804534738925783977,0.02781728071303862792618133,0.6490917387056668319544883
-0.006015449735138017270386079,0.02937135330444550634920731,0.6540215857890212536318586
-0.003912305484508296800350013,0.02960483581675163108903881,0.6545422105605225304714168
-0.001534675757912007561245549,0.02285145989730534218931091,0.6500852843346403009405776
-0.0006994716605885426463293242,0.02114120535769262176906125,0.6495947869856107947938995
-0.0004640950015511144150122391,0.02108133573029183360780792,0.6495662223692184600309929
-0.0001298533430815481477717949,0.0208173694362688219139379,0.6501850672204647629826013
-0.0008907228809016641546403292,0.02015636414311984189740024,0.6504330587764203253087203
0.0001342070902987681755864219,0.02320772954296892315317891,0.6508185028746498179685886
-0.001041229986231493242695989,0.02153692812920448770852566,0.6503056915785531133522568
-0.001301739801991181689003185,0.01998544620278320388395699,0.6513626492935623568669712
-0.002206813067464358929514745,0.01532148939167347727330348,0.6507076867949692644543802
-0.002282101376615222002725014,0.02003070552344880447814823,0.6519582983275549192825338
-0.002599766617968046842485075,0.01938430552584408106397973,0.6517709021493381937872869
-0.003222073746596602894509687,0.0198326262253653747003046,0.6520042782841066753007908
-0.007174018009680797718086165,0.02567281956495677877616579,0.6555305586958286578891375
-0.005116412612926921760214682,0.02771856096450921180807114,0.6507939576077073073889778
-0.005509756090562129178522799,0.02625408862828326056471084,0.6505997447642977160597866
-0.00869678174357907743385887,0.02718976723603618028679563,0.6555736979684985143990161
-0.007160963234739945587614685,0.03098768224927477346608562,0.6508503276331140119381757
-0.007637827145397868902620964,0.02740217309130327585919851,0.6521548442382809618322881
-0.008769534563228799373124644,0.02627335096586910431759598,0.6528807557190603461094724
-0.009600030228524774472687042,0.0253645722183923026660235,0.65312418522328341552452
-0.01070843061637139458086576,0.02947910404087362296055019,0.6532077800940876421975645
-0.01023533511595339437483254,0.02891824153346546008580553,0.6540328640380242974927683
-0.01032992644010972266288562,0.02932876934317990569311974,0.6544891719641534599816168
-0.01054002104887111213038509,0.0293993393574868110140752,0.6535533307104345324134442
-0.009730602822649916591735142,0.02819187208122522769748741,0.6531712797180043716949172
-0.008282642037560475345436828,0.02820155344107892758653833,0.6523014633922546989808211
-0.008033643352496478221014264,0.0271907413698749302055635,0.6528665172406833416829386
-0.007620219281239195251165253,0.02638771079699584604094653,0.6528522734818427153413722
-0.007131872634668193905449485,0.02514247195533465470407286,0.6528897669518082258477421
-0.005903526328549810707480017,0.02500790739487731423329464,0.653476842060703888570572
-0.005080370832353409138448797,0.02366817460234062892032725,0.6532949873983261435128611
-0.00366225016968420953242247,0.02293020227394996363168289,0.6533347041599385507382181
-0.003836498903153931668008614,0.0252837459373555090147434,0.6567492277966870961591894
-0.001286690323483017988834276,0.0227163544843375225790183,0.6531971704827989055885951
0.0002201843715375787022964227,0.02726817446923522972324072,0.6513229924924667235686115
0.001191404167492718770351989,0.02557016094776252621012524,0.6513151553185030362413954
0.002408017699857190573042853,0.01519941932075295765169898,0.6511951427996394148323134
0.004100702749876539675299991,0.02094157215062674576300239,0.6525026313418057499760039
0.003813288186265418201054134,0.01299614341957249473435976,0.6528289013494433801199079
0.00361125229207565762168386,0.01197949909858760965397639,0.6522582850890478178840226
0.005267928019614886818444699,0.01835077521794070687377598,0.6511580089816826344417677
0.003695064356505075968406526,0.01115510817800098239405138,0.6518133279109186162258993
0.003169129869004742427324173,0.0132009403195393632685084,0.6508054962776322893702741
0.003061229965529624515163665,0.01314621739194932192873466,0.6505384911977467599086822
0.001742228151572046543002492,0.01395676229246792243721131,0.6515159226017279703313534
0.001638355630427455657954772,0.01374985293290714900849014,0.650980212870125751756234
0.001412037930188332277015029,0.01422286332048681121997813,0.6513041903499008355993283
0.0008409669782310656618168343,0.02225092381535458477270772,0.6510261476672641878238323
0.0002066020844403345920001908,0.02283847733277578895272342,0.6516466167771428619204244
-0.001138982124687756836145525,0.02203652026055956739125641,0.6524311926836710018307031
-0.002822519940118222749048105,0.02219540092232762801272017,0.653072447904576525168352
-0.002583462495566785002004684,0.02108880111163691575826284,0.652304907620147367275365
-0.002600896857473496831536508,0.0213010503640245311973711,0.6506789009285919300751289
-0.003114809195543708029291219,0.02044609844599030307188414,0.6505228937261950949988432
-0.003196725611378980948934503,0.02147931929784084592593985,0.6520469645897886135088584
-0.003493049546367952857411909,0.02080895523671081812078221,0.6527797872892467934136107
-0.002499258327495399584217139,0.0297621879666766266103739,0.6508718401908535344801976
-0.001840756055129974403175575,0.0295410618205294052407428,0.6520380281279026801755094
-0.001653614780203756717477659,0.02891428417021915664442133,0.6520393671521890199826998
-0.001987323092455968269465227,0.02819901858726869478544153,0.650921738784456693771574
-0.001478918922133595032983311,0.02727709977361611470847436,0.6503898111588471975252901
-0.000923066197944571705316652,0.02608641800076794831086957,0.6505618088850765312614044
-0.001005883970651331831003272,0.02609071018750758544357815,0.650250130095932354912236
-0.00169957116292866468147682,0.02173214603387119830957275,0.6509185682675980855194098
-0.002804814012342922782683452,0.02482411497249483595117781,0.6523197305381056576578658
-0.00241653184695308055965346,0.02391416314424844175023921,0.6488855072267190049473129
-0.002093302166509745671635345,0.0212812557559967016618252,0.6484131300543618525722422
-0.003558603604280227879208542,0.02121349762505636213361093,0.6521345306443747658065035
-0.002904679623633937314564069,0.02134662767775074090903509,0.649511172019653248987936
-0.004055717909883235078316588,0.0195930873779617750751747,0.6505207298536441751224402
-0.004239533260198821880415654,0.01871029886461183719403856,0.6499351710735775666805125
-0.003602386162078315134937867,0.008680871951483865381349325,0.6496321493670946800591537
-0.004684491522316557889082933,0.006297391875760166048137112,0.6489851413840067584359872
-0.003595807959901560057341952,0.01338136041626455594033551,0.6479845699173933937231595
-0.005186955029955199816815714,0.007183648929541357891492837,0.6478395766159641411263692
-0.004490006805598037442628367,0.008688405765326395746583898,0.6487201052137806511765916
-0.006126778442400686655600062,0.006511588566755132853614008,0.6470775201771252760352127
-0.006922872182325907897126882,0.005662145380586182732973732,0.6468658943220315649114127
-0.006917564572360453481469911,0.004927203976725887460408337,0.6466641453395546301763375
-0.007202388277452950043899804,0.005059008376053818548112595,0.6458736947441664488778201
-0.008071884198286255127086086,0.004923828303872288328357776,0.6449293562803317669818171
-0.005753330138468514508287566,0.01282550398778963332557801,0.6427894531466843419664769
-0.006067161079205346876919158,0.01481219775755433787356452,0.6427868747359628542881183
-0.006811394146531725250770517,0.00694110210727634860394808,0.6457132655882168448258085
-0.006534253275303276119190254,0.0125968579758086417219598,0.645665789777834508988974
-0.006606524670711879168583103,0.01267573518493750155122779,0.6453054711578321001042013
-0.006059922342717022868130439,0.02106184269912670867230808,0.6425283346570419551468945
-0.006214970369094521655817243,0.02002616308221371807518629,0.6424344326372376512424012
-0.007548224071807406454492906,0.02357611728883615004326302,0.6426889228790686470205173
-0.01041316329961928383029957,0.02164764923214929429051701,0.6461274124442234478848945
-0.009513071420196889116382977,0.01728026316325858777189772,0.6443086112176675817053706
-0.008715455804801429048889183,0.01824558906547443445922418,0.6434276286457289995013298
-0.01042537964401647233858572,0.02012636160005809582429492,0.6427193689926739006423873
-0.01029667949403647100869996,0.02864111384881761271370415,0.6415678853676790582838407
-0.009941752777175667452058683,0.03050091114318627741330836,0.6401597830755367812827217
-0.01401040992102369799054973,0.02944284813142407711272774,0.6449878779793905003714372
-0.01224436010955121632848286,0.02900328151773323009932071,0.6470166094170555215470131
-0.01306000329838671175641807,0.03103416125912853221202603,0.6452001197730369286276186
-0.01252775456217599184260969,0.03149545723799390684050081,0.6455791270198292242099569
-0.01167599943928117854630155,0.02713522131343032786632286,0.6414566124984911743567295
-0.01285527847180676676297484,0.02848224476867009316571888,0.6398690878790295188949244
-0.01182844213065059255085565,0.02995415716407240011576185,0.640630606968672799972353
-0.01149952198397196506673978,0.02963038496786597406074115,0.6394449818295457887984412
-0.009640460757264714478087519,0.03574938491091717712722087,0.640811138085484510718004
-0.008251398011758658349035223,0.02977480671096828165889114,0.640756116225233984806664
-0.01069197369475428927021454,0.03035853461293183327973644,0.6396194395547253330747139
-0.0108275591581041535221841,0.03195569053191077424358468,0.6415678109759437308667884
-0.01120920904633143817819008,0.02760833466781192901962072,0.6363423214525188997825467
-0.008170819470101974013598323,0.02463332165962014985716166,0.6389512612569338001478059
-0.007871939311617431184187055,0.02337821185645596114288658,0.6388256690776306090384651
-0.007602063201696550136243768,0.02145330899635708790662569,0.6378729434208892934421442
-0.006476156829398159800459389,0.02125191679475687753231306,0.6377540432225429212209633
-0.005967613942813810613829961,0.02363149634918475933131887,0.642045134041201781549546
-0.005696633776831763404380204,0.01745769488044224271305893,0.6371977512802977638983748
-0.006217241304249855431141025,0.01708343618091113721990659,0.6360013886021959050864893
-0.004774281379451726127494116,0.0158244045616592367287101,0.635903694976857503107226
-0.004709350452306488438170007,0.01501676290399052773882893,0.6353571467876728551260612
-0.003070992863302310534046047,0.01165589077386505224842583,0.6351077347681894913478118
-0.002812678657536256225657478,0.01180686882268180623589693,0.6350851813719853300455043
-0.002004991400313607154137774,0.01211549869710110659271063,0.6369100098763291750714188
-0.0007042450889193700670418141,0.0146711165029960594052838,0.6375275011509861089464835
-0.003196367077917580245410845,0.01090439255231649869071209,0.635815176125493097814001
-0.003048184124221486185346564,0.01066691743825274284185323,0.6355201189106826076269385
-0.0006720580397914369726736217,0.01496216339655277553777335,0.6379507420476296930544891
-0.0019194727923038563954794,0.01224070541474236821499755,0.6364233446995474219320954
0.0005485183631010898943833332,0.02015960830306440590420358,0.6343754634070717379756843
0.002044036210352466725187481,0.01895999492630241409218961,0.6339869962307649320365499
0.0007628964085377174311752846,0.01264290643100046164504224,0.6354584902924450551253699
0.0007774314352091514631823421,0.01417189777005038384127822,0.6347125718485010503755461
0.00174259835149476335035279,0.01560387550967981193372758,0.6360847949920561683612164
0.0004494487245379815017719272,0.01439758528805159219776666,0.6353604983391462068809119
0.0007118277148049069425958524,0.01479954666716863653785907,0.6349128102971329790094046
0.0001335795708503655023109691,0.01540146970278149715638527,0.6348448229512888563164097
0.003133961792120771965020065,0.02428810762751532070780058,0.6347124892821298658418527
0.0009618738920243980567922892,0.0157418483990177382469966,0.6351254789725899740915338
0.002978752143522110738121933,0.02404104757375383899509202,0.6330324652237773186413961
0.003158068607644249573690454,0.02023793766076262962139154,0.6321424743112415978174567
0.002251333430346059896048905,0.01960546015362530161696419,0.63443207931604095328737
0.001607806515462453355452821,0.02211557600798931891294963,0.6345262211957666265149669
0.002675751477391458913596134,0.02108026684961411545415899,0.6343766741104811535123531
0.00164387914121200324514549,0.02307122674537462336807891,0.6341434174169429116574292
0.001780611967492417430092289,0.02698069431919450367196589,0.6347674499573430217935766
-0.0002041132963698103820228413,0.02213022421432625855275411,0.6350476689181123735039591
-0.001930687704419485357237862,0.02353092514716735236812717,0.6342076495342843234226393
-0.003290205437815829202924389,0.02503955081496269524654608,0.6343986934410391631544712
-0.005605261188807922692611818,0.02353859533673418810706401,0.6340250001894072173769246
-0.006916613370133913377135748,0.02596935472225072802365808,0.6322550169834464384166495
-0.01017533154476512637087726,0.02293889360861023352100574,0.6351919772061388469452936
-0.01250622522556789177616832,0.0224530116785980858595817,0.6357804702747603675661026
-0.01447362486137237190531035,0.02175503154343633865908103,0.6364935054184026608226077
-0.0162121660129732579613826,0.01911013369212735332758335,0.6365903148421668822365405
-0.01817835766415615630919866,0.0175081150114527323014002,0.6368631222781645506714199
-0.01973931724891230324314684,0.0166453318366573017883514,0.6368085797967161232335798
-0.02122768704277259999013694,0.01723451687757654449129063,0.6362006037193517204997306
-0.0192121692390572265662918,0.01482891756558540018173797,0.637359603698440135843839
-0.01813965891201899452433999,0.01811182136321776506293624,0.6387093666081923304389534
-0.01945772772721866133993629,0.01558952768137643503376655,0.6346409381234400237659088
-0.02040759566558898036037206,0.0109448124111791011275896,0.6359407350621917309752007
-0.01919788110389541654909884,0.01619043629099993497622023,0.6382406736925357870759967
-0.02158965054042137621248543,0.01353079190880578618061403,0.6371139247180710452056474
-0.02019990329127917608187381,0.01118037141571106424242643,0.6338933776791831897767793
-0.02114771323239429332008221,0.01359841215523904627004992,0.6374063371742022532373539
-0.01808694511721735398435129,0.01674446503069881159175836,0.6385001098483356063439942
-0.01924920355961852805326551,0.01442625943144385490535253,0.6389717645017073399671403
-0.01757445046779131450631617,0.0150849257644677103851194,0.6402170876256040310536832
-0.01567742732617566359110128,0.01455894463524422428879479,0.6386298726447007245710097
-0.01255823553326702868293552,0.02602909365424379076192629,0.6358204121482475823512459
-0.01372148667710241902450985,0.01324352987879330763310026,0.6386235046741851606455498
-0.0126099192656263358464086,0.01414697303497570481101153,0.6378969949103002745616209
-0.008730379568013896252054451,0.01893408550207330981463016,0.6389321928322988508597291
-0.007139387005596061451517809,0.01694024597742627147312078,0.6393758834079245056969398
-0.00885703985956840661453171,0.01516745362627873114358401,0.6378343290216653693747162
-0.008929224017443211300348871,0.02379035505108278297781155,0.6431998834135239651033089
-0.005310009330859504807220706,0.02342217390327420989404317,0.6343784277863183662660163
-0.004714214389075586410238206,0.0262347797641052336847789,0.6343725908602925178669807
-0.00795005727533975442566927,0.02595012667064821448859036,0.643766569113355946463173
-0.007330925751033347780027949,0.01883969667802930930688987,0.6373975468594794691057359
-0.004229645565066767441686491,0.02542617245874839032593329,0.635621706565893007656598
-0.004236079948359635846677484,0.0262947718181108583412886,0.6353211865864638596690384
-0.003681454159430964760690852,0.02880791217831497885715208,0.63597629263279942257725
-0.0045273543120402928371937,0.02787797624993671591342448,0.634950242316203450343437
-0.004893648592896784194072879,0.03053503878792662024066473,0.6346569618444687366221046
-0.004197587561766273275831729,0.03211473911513906126513618,0.6342856377217698238268895
-0.00699930873857548818683938,0.0233047860465713241318042,0.6342685188129736362228073
-0.005231986282767680900007701,0.02652224443575005793927168,0.6328062488323464851447397
-0.007608659811166441563901053,0.02544521530063333092375188,0.6351861676580429216798507
-0.00781553248763905417106912,0.02700723089089092712744566,0.6397711565964829816266501
-0.00925419581506924104896683,0.02325591502465668841681534,0.638074701995413273714064
-0.00671556363774127723642593,0.0264848965579184830732018,0.6405572219612746254213675
-0.008985760813575478442305489,0.02482932410530063957465607,0.6377089872202605924655927
-0.01056444596014894689306463,0.02819344136981476872660934,0.6342106074646269853190006
-0.01390065471305460508000262,0.02085313817607789207975166,0.6369286766739660210490115
-0.01393533817178074438181135,0.0183067590420266101958191,0.6362762284074240382025778
-0.01447648552387558254506139,0.0178641331390527145772662,0.633894773979684633680165
-0.0153332539898724026089516,0.01648224846104732327356501,0.6353993344371270390880113
-0.01459565804458713179914131,0.01711338861384647733188125,0.6375987869862198564874234
-0.01592842818591567663477626,0.01458548443486042296701743,0.6358248017131057361339685
-0.01567308676697796998578127,0.01624460593769645050388206,0.6368470884407548826544598
-0.01696170399280611668091368,0.01398885072307127878932231,0.6365102564403788409919116
-0.01684335513626209965276637,0.01629838200187290475628998,0.6357348585451245703836776
-0.01844945099708385216619178,0.01479094500484934640582857,0.63448944707858623281993
-0.01873082025162507713300641,0.01636156593432966724344091,0.6361364074922147837654052
-0.02070607705184550340060667,0.01011075442604370856758411,0.6353745881865334732552242
-0.01993841429483068569683546,0.01138426121096416943068164,0.6379696582944904825751564
-0.02101213616036659570518452,0.01120197275809077346042653,0.6375765946937943517980329
-0.01803322855894174889246351,0.007814940620276222132956079,0.6366132542222341372806227
-0.01797018993448679449742578,0.009251133803980635464392357,0.6360010234057289491005349
-0.01669859141855525863640253,0.01085105938681567988579602,0.6360600600097761070372826
-0.01468187512757445668809542,0.01075047547953864382486167,0.6366014920324580828037142
-0.01253597474820299269293589,0.01936673106355139145628996,0.6364077067146715060985684
-0.01201943539161390121783324,0.02150757050183589244585214,0.6396303700135106407032026
-0.009724175640253858443617929,0.0193515740654969618794734,0.6342511904610500517165406
-0.009812089195001386099370677,0.01830993204697705517558504,0.6380718590177451021716593
-0.01030006336838264376087881,0.01595584620042186235755466,0.6382471736009119878119122
-0.008356201738879576179641617,0.02533804072333541157480141,0.6410628491592493816142451
-0.007394281914690665168110595,0.02386998998262162066663628,0.6410116498579160326798387
-0.004431467373666409144405964,0.02597937630109102905007212,0.6414150631958019932454818
-0.005212602653379199910133046,0.02403768474564510135293993,0.6427208152084185055485932
-0.002390217874260790967971824,0.02808138189962675057564923,0.6372730121204971398540806
-0.004152819402027115025521908,0.0252897767570481601939747,0.6406309231968695394598967
-0.0008393293674245838002084819,0.02154416473523031172465636,0.6342436362222756418560721
-0.002515997027894237118850196,0.02535550937730396761637941,0.6413365008625317997825732
-0.002658421331933348650405913,0.01290149003399614427434194,0.6361184880595008861448036
-0.002906348876069087937973334,0.02146685190746161139840886,0.6415029597130189609188733
-0.00276010846969532543451753,0.01924438192987880727469197,0.6426580821164579182536158
-0.0001083727381098021589353811,0.02413715921645026227237985,0.632858332147612334672715
-0.004305656962390568866239082,0.01717980755436929185542283,0.6348454232172604516648562
-0.001294089965160826046983167,0.02155306022402906154789015,0.6360328834724408020306896
-0.003121220316070352253368103,0.01665833883956538766235589,0.6358180272197743176931795
-0.004586124788948138172872682,0.0135330577174467940604341,0.6328483758382227319927438
-0.006489382576143157624337654,0.01669607943797572768840354,0.6379922310664311035921514
-0.008740433183383425341794748,0.01565064231745922143645977,0.6347581895905352045161862
-0.01380804353226121848619012,0.01705333121373626276140456,0.6338753349665701142257035
-0.01040139405587364382355098,0.02147416110940348135671663,0.6375930820534756460205017
-0.01433128621599196253488806,0.02359609623059862743010839,0.6384366849994262960166225
-0.01674069057533773483004147,0.01853671710192853275267488,0.6353420501556238386697828
-0.0166355045080614771801919,0.02353328947065826473594718,0.6385923196199093654357171
-0.01755325990222145540742282,0.02849657333673216372260661,0.6316856374695103415461972
-0.02074033308960368526818741,0.03627816777729641478655864,0.6332144928942016193218478
-0.02019555175841036484540858,0.02992554100003923592265842,0.631680999220227246127024
-0.0202146241440626962815319,0.0325137712910258044884948,0.641116431801882824537131
-0.02131607629541010587304051,0.0299319162049600309694064,0.6311951280027050525944787
-0.02134295930786465553263831,0.03166200413853127726415693,0.6312139142914627853997445
-0.02433993864311934096633649,0.02547779109874988290318498,0.6341995759307986757491449
-0.0243428883062920230206938,0.02437553222063186530998991,0.6328141134466248596268656
-0.02331528116942813838585735,0.0289009348281159747506841,0.634425123522206813042601
-0.02323498409662314370671687,0.03115859523554770360576072,0.6320165987783170624680906
-0.02544255894812222709711058,0.02589733915469826994182334,0.6351482622962769664098914
-0.02422739619972054739283074,0.02763335083235093567188834,0.6387472502018085585007157
-0.02273964063634638724242798,0.03042739341935910696301804,0.6338328003712910829747784
-0.02218154379484200272587557,0.02606329503747195283636096,0.6356609389949947619413706
-0.02230843083817021441084272,0.03081078583852178698343494,0.6359021691602053660830052
-0.02081099027105640791868169,0.02723812467495168032627362,0.6311580894898868310249895
-0.02013789912782878999131242,0.03015588537214137707098693,0.6315300666875041102343857
-0.02286365539311705982750134,0.02690710290652372979613993,0.6386593122647272746661429
-0.02135634629518700505768081,0.01661352536945272587165512,0.6330069010548701191609666
-0.01738923695775803496266221,0.01922678418034054828589241,0.6357225675830746602912313
-0.01702392260488479885927049,0.01879001624591170385714101,0.6364577292498339033954835
-0.01835390529732549083630211,0.02711178669752681291704732,0.6309133978895071770409686
-0.01981792954636477435692576,0.01367454924524571027721898,0.6313822021335955270160412
-0.01839204955133809035738857,0.01918484358207848614052971,0.630477461013733697647865
-0.01694393879542539782523392,0.01629182950978055877122586,0.6295544038824094634776429
-0.01882876969922290047443347,0.01696274861074595699528267,0.6361495280614959391130014
-0.01652657603349258139124878,0.01464170526095448683634448,0.6312706710171843704770822
-0.01648495063984671896162304,0.007810160654802642682392744,0.6334781804939128013742788
-0.01418045330452270824661554,0.01213254528889364664001604,0.6332539910496177704146703
-0.01334134859670358004557489,0.01075627049713918058360118,0.6329103221317078364904773
-0.01261720808278757842424422,0.01201267906821247739845848,0.6333713922705411780711415
-0.01317859119642093672364336,0.009440742227217937404537551,0.6326607076520839312294697
-0.01026007269546955549821554,0.01610032349995657238728164,0.6311089927848415603861554
-0.0128562512825257536236423,0.01897455515799741782023702,0.6381195954324204722141189
-0.01245342099837790962590933,0.01976408512935000014176801,0.6377333816979814384851011
-0.007937513219049813217864653,0.023229114346152639897225,0.6350418175263902176297393
-0.007541392317627292583848142,0.02657110896888354237277419,0.6299316037374517174285415
-0.008906155777381165317141409,0.01819824423251053049921389,0.6309199798840364747931631
-0.008824058857689491552900307,0.02016746297972618617855289,0.6310117156532977222838099
-0.009696658768063009387061513,0.02168451078725778038980287,0.6310731752699306751352992
-0.008520661713527692346370479,0.02273486921019315584735487,0.6320019315446181451534358
-0.008728561696492867852392727,0.02490208036561404256192809,0.6308099455419582390902633
-0.008138455920377467983639619,0.02519418488664987645919702,0.6310161208196020110605673
-0.009421468092759557530491143,0.02952298017115051464998032,0.633051247784400583640263
-0.009407836855627229807885747,0.02770563372182269570864754,0.6290796086099565975757741
-0.009290383630485395810572058,0.03180206751643049195577007,0.6328306958463710829576598
-0.007481037037977381932984944,0.03196218211174260692697402,0.6340477606734726823134451
-0.007090311752255868890659762,0.03445051733961032591757601,0.6336364021343858787815861
-0.006159770951276102336768847,0.03298299486328669372081634,0.633556233717023964402415
-0.006029166888520257235051236,0.03355468406012587084807919,0.6334417935539055077853732
-0.004956967682739854726137185,0.0324762075553454640508555,0.6337653148170753203416439
-0.004403440320420488537922488,0.03071161629356749731001308,0.6332264257714979027724667
-0.002669370959351257625163933,0.02648929341662340300467271,0.6294585349857558798092327
-0.002663170175996313737004639,0.02526318675580965789073673,0.6295875463592420784308956
-0.002779049753864764032290635,0.02307964000682033098299506,0.6299042693706486950588896
-0.005517143384572051681424831,0.02387598131157231406973551,0.6322251296678530474437707
-0.006227252445993304748317332,0.02242913112892387303420882,0.6324940013545995443067227
-0.00597884511903063690235749,0.01939643700193929842789942,0.6335531986166783591230001
-0.005287219168317531907408391,0.02420035715403650450339157,0.6328672126602832292974199
-0.005974612784974104619239998,0.02225076793191504281876902,0.6304325663304233273720456
-0.01008086017481214444191373,0.02181747500790321911412484,0.6348187668248693737993449
-0.008826454599635146294756005,0.01392397417263063937042933,0.6308206394010095197089072
-0.01131498873893209411445326,0.01419352196917583568136489,0.6302090776702344854243165
-0.01484031257052704534660226,0.01133306726088534333030111,0.6307279965519579922883509
-0.01344745449205465674669124,0.01698680004596981457654081,0.6305701221531505584749766
-0.01751613062151995137138982,0.01246052404819804164393116,0.6316137653312465793931096
-0.01663260265714086930111115,0.01513395039038935296904498,0.6316438315387243873644252
-0.02015755537749456052787345,0.0118148203813300892162097,0.6330560810853052000624075
-0.02077994975027167359749036,0.01169426279760563992804467,0.632960677724763498552818
-0.02136579874712261906122279,0.01125259699056887705004293,0.6321179852125705656007426
-0.02207361850551024795574762,0.01227390241920986099777302,0.6329156714192318844425245
-0.02135448250843083317640492,0.01213044527910402126114064,0.6316288484935259628372251
-0.02214588046443975721810915,0.0130092550603968775541075,0.6315834881478700202350751
-0.02021890825528678894973389,0.02018792141206794676921987,0.6331086263063737673562059
-0.02068250582870184359207677,0.012991878856010606255178,0.6300192147698688849288828
-0.02025028988320174208603852,0.01642301809499128670277734,0.6332198055279314452548078
-0.01871689309019076985496355,0.01544438205275288321371985,0.6307975003319440387983263
-0.0161410187042025747572449,0.01869285160394362418911918,0.6317564518748326474195665
-0.01425441152238379749483954,0.01817904125378584992422937,0.6292300166545324868749844
-0.01083701499108325090603433,0.02554018674173525599302437,0.6278533606577604286869132
-0.009771636809571559306730748,0.03351678560248751159722502,0.6279770831918337625765503
-0.007906848874505031932180543,0.03009479378193887985637467,0.6268556300210500475955655
-0.00736138439563005335386503,0.02835216464803302915953509,0.6312773714697988980404375
-0.004899276450715592604034931,0.02985124375058917020608895,0.6275853929009401754868236
-0.001975027485790830164558152,0.03262933411071324701913099,0.6274347435854177312819502
-0.0005895455740665953882351236,0.02867349214138167554088987,0.6268652913117318536961875
-0.0004142094724895859403530907,0.02528146455798379113599772,0.6296684806538511702811434
0.001208410749860316241166558,0.02555499403183452214460836,0.626913210160252032387973
0.0006316194803201766834119257,0.02248038739569341998292273,0.6291512217540945473004399
0.0003566565116292006571395434,0.0198600742749081328464289,0.6296318194599264117528037
0.001502776898474388576898431,0.02805938600712168037865091,0.6282731567745543088676641
-0.001356986538791642073892296,0.01694181515142217930858237,0.6304636394392310050349693
-0.0001534954912805177793238415,0.02235772769523110964362544,0.6289241108496327337107346
-0.001095304619808610104361724,0.01757240846134174722115162,0.6325578702915166662279489
-0.002840270213593881938607399,0.01227063887734334592105601,0.6291588730180159849680877
-0.003880402702684155030049551,0.01656317501360154986755902,0.6345647849902285031475913
-0.006231691468815931528313357,0.01178980481026523779997106,0.6332029925050671748110176
-0.006669831248037701686148804,0.01469930410415083883723941,0.6354367200846299246208559
-0.009365831482369652710717745,0.008422307943343818395498523,0.6318473651013674086129868
-0.01241994836108573259381149,0.008242463723639547809596273,0.6325921276223250844239487
-0.01106768428227160837307164,0.006556433089533370700552339,0.6353378543659338184568242
-0.01493089840511814363199772,0.01266482237963194312779791,0.6392620482089013123072618
-0.01437458725027822466213667,0.01422705853481638985091884,0.6329787230288085320140112
-0.01578982072871008834891171,0.01159138610300798621910445,0.6360816270802023275621195
-0.01808418258996684346850969,0.009476987287734611395406681,0.6348134181644023987800551
-0.01812268816648871655461406,0.01121454570472786224644146,0.6388377952019402838956807
-0.02077299585532723161240831,0.0003335653292701245349778649,0.6329917753093661225705091
-0.02046114473430239374951434,0.0003344817411060378373188762,0.6323328419778664333250617
-0.02242467772044302865008802,-0.0004733800790012515830908202,0.6333259196252365441637266
-0.0186336582804684548764218,0.007605214583534179208224035,0.6358719766788037963678448
-0.01768762729488981833014805,0.007494118631654076399806197,0.6372316534425901402016734
-0.01713820066070660674828474,0.006515638560479881068177033,0.6371255378226189369783583
-0.01509211806458732318958482,0.007240866937707975820037731,0.6370755054903455283366043
-0.01655672828558535716880762,0.005470257874610304389684234,0.6350202194473002492713931
-0.01400401766401969047559639,0.01342511495215529052082992,0.635676062433887190117332
-0.01350624423200466953098875,0.008213325473076765748103867,0.6355480010657807987684009
-0.01321906823842767739196624,0.00784637445952977678753637,0.6359615169076376917089988
-0.01256793081026432931657233,0.01075179819004359708933816,0.6362431653513354046225459
-0.01139315823555457282689751,0.01039043243738477922954999,0.6350821023327352099485665
-0.01073473036336665409340441,0.01188163426125229439611619,0.6354041974161047656721735
-0.009664089354412571178376545,0.01387249389405681605780263,0.6360964909583114446078866
-0.00727962433482349374758158,0.02529803281004566056777705,0.6357366217431085209099706
-0.006256645217104432436794337,0.02491263005022265053511887,0.6346933701685630868638555
-0.005657455676591997308089166,0.02279308155225409290856042,0.6341243296404429630186428
-0.008483454929489351453719692,0.0265445064329530161506554,0.6413468872586840507921124
-0.004563818656636024068129487,0.02568383302310557267378321,0.6345688284082799945906572
-0.004371282729951984913352447,0.02905850036911639816539221,0.6339483714095371924557298
-0.006362340453025506180340098,0.02293532276314396226024606,0.6371768970488539407526218
-0.003746023818030642157234089,0.02783217852753451862501954,0.6406253013006908414439522
-0.003053242956994595830311212,0.02758251039708748547640838,0.6348552829868053803963335
-0.003380764596339362517557481,0.02712769177788434266096473,0.634710802024764930706624
-0.006752112117443188205045956,0.01869936155589752013739258,0.6366540776314796312718158
-0.007009553828551802652502278,0.0183416012421552705735639,0.6367543627624868696202043
-0.005740767923803867522902777,0.02544388168192975377412957,0.6357791876035384648346849
-0.006613128404157802946172762,0.02370557284345159443361695,0.6372202458398099622627342
-0.009496280372978064404643206,0.02596452138862250999529202,0.6375912321377390501453419
-0.00965883128962755771462767,0.02376952045070154784234262,0.636467332165229437990206
-0.01257656277780789741416179,0.02978950881298236125216405,0.6378879032352356981405705
-0.0156073819102084641874395,0.02087626547099321119849158,0.6420865879049887370300098
-0.01653847932409249765761672,0.02133065048469421839949511,0.6415458201258412707090883
-0.01659575017129308327490378,0.0161069320306540426923636,0.6400900907842242970602342
-0.01805080810907250948860181,0.0163191463234140382576598,0.6396392240508761428685602
-0.01924201283048064883840489,0.0153267934186251363060105,0.6397925793720604659142737
-0.02185054667633769959200762,0.01160484477382068072004451,0.639649065732013411000878
-0.0254576845541309160214638,0.01184664872870522592251952,0.6383466981568700626681334
-0.02523216710993872458068665,0.007286864469047313677685374,0.6386946591618533064504959
-0.02273394676708495251715725,0.01727669172281222700893188,0.6371103877052923802892792
-0.02303372955279456638089108,0.01773048934466506243445849,0.6375978503576609224268168
-0.02223419002800053334567565,0.01755937052800261508056501,0.6375085475880942764703718
-0.02366430992839776634162341,0.007943485808294389882711073,0.6404040088982423384322828
-0.02107487967971218359441998,0.00994517832561396704360579,0.6406807677827770497458459
-0.0205793680787027047363047,0.01230584878514328316112536,0.6397719601185489768369052
-0.01920340395940299191290812,0.01579612920364753883561981,0.6412028757702736836421309
-0.01771755513345108987155463,0.01670506338980363644775018,0.6413501095036110433156296
-0.01719968516062556074253109,0.01730783807118528583313122,0.6408043894304591425736817
-0.01455632926672096975895254,0.0179352497062403200278613,0.640599744337210341704747
-0.01203700901682346231791332,0.01807494843411163593094315,0.6415160156814208036735181
-0.01048383614716762168850295,0.01772403755902637878527628,0.6403024726299690883024596
-0.007899013893780552908463477,0.02305277607309020107551056,0.6417648628907699492884831
-0.007960988886830508773351234,0.01969026264116693902828104,0.6401702297171525390950819
-0.006650444123788073688685607,0.02097878445114651976832754,0.639424163089596264697434
-0.00288474274763068786256448,0.02239614715363691041516425,0.6380621533158330471735553
-0.001831196287350205691504823,0.03252548954427533778321902,0.6384661344833726381864381
-0.003754139622092142209580645,0.02195631483118917065544551,0.6402569887716792473852934
-0.002983829291837678931303968,0.0228583969262979164183136,0.6414724967104115105342999
-0.002640300593149831273609429,0.02480246679663884387667672,0.6418208832604060942728097
-0.002686525527641585742860686,0.0260710674179649437576245,0.6423130159750806145169122
-0.001563557280565967084681733,0.03068477072510570127783502,0.6423526827595081867272597
-0.003552189309723871851048882,0.02788059989057714571636382,0.642412660199328744425884
-0.001979661581403086879904496,0.03190047462560635649353458,0.641377477945661911284958
-0.001880801353185698656517166,0.0335324939357445200860397,0.6387956516214551294652324
-0.003045718888516733488525112,0.03514848252885735546691137,0.638929755350562289528682
-0.00328474485880084947700408,0.03562755661541307239392751,0.6408675834238405366605207
-0.003133397044152459471472172,0.03540716754411066952146214,0.6390092749265808835801295
-0.00618828617337229946321342,0.02757840903580180066945182,0.6420129154541085458873795
-0.004365842798427071839995062,0.0327566687755786109526035,0.640702824311394247835949
-0.007072803294349154328013451,0.0322502241468491310238953,0.6422678710164941850990772
-0.009453503195583167970084126,0.0234985311287580073136283,0.6419711987039906642138476
-0.009268688236101720392956516,0.02754148501538417406764303,0.6434136337886129375362998
-0.01255248512203600147474347,0.02285991389294121656217129,0.6417721507786250390026339
-0.01444634023041787250496437,0.02229690149328044171395113,0.6420130587423187318307782
-0.01234684331632059615946329,0.02480319687910820941612045,0.6434163489965293303285421
-0.01483939887467497498185764,0.02721223228764373808230559,0.6456331549503769862141667
-0.01755492540463898798464015,0.01640377480641399057792462,0.6420135842808877280063484
-0.0178453148594141346172659,0.01513503829330398349484188,0.6402343476951538603358927
-0.01749837818000886044411679,0.01565125461595557113114729,0.6414495967279282284678743
-0.01913691177750665925461071,0.0220691920168622698894545,0.6411062466753840727307079
-0.01699191315189830728260567,0.01513250947980646424206874,0.6380815828055814709074411
-0.02037467802254156953867259,0.01738456982348878659960789,0.6440045869872604855643772
-0.01942784146832479338917743,0.02029076810009877718243843,0.6423240306870623417268007
-0.01785396482888400998545464,0.01647406064523280339040312,0.6389098935431728465417223
-0.01880989564705189825977172,0.01699957816417024120125845,0.6431477420723995530593697
-0.02311621181246655692964609,0.02126845923903289761747182,0.6438022828591231094819136
-0.01999649350070166475834554,0.01928062290520542870764231,0.6366681991701812481920797
-0.02314206570096751999776608,0.01508851062374341918392862,0.6392808237640420498948401
-0.02416579759184925638160202,0.01684559392766894064807914,0.6383141585338205636901421
-0.02387297337767916444173366,0.01699380369310944660643514,0.6379224083643473264260138
-0.02205922753548138562362801,0.02288637087960114502305231,0.6394777741894824840684919
-0.02294248875326505496263785,0.02559957850686917293914213,0.6404236484650044358701848
-0.02385024977199562412621958,0.02334315884010398564618605,0.6400970585087947251068385
-0.02411743064728631355531085,0.02918065809338256724747573,0.6396880283224480878701002
-0.02279011212211943734895492,0.03045282788201939677685814,0.6393152286179623056128207
-0.02403455869887966694919967,0.02991506970525896480506134,0.6390192478553219368464511
-0.02267408402427335128992425,0.03192218548376028058877196,0.6393714022074244995863523
-0.02165329052046922192475975,0.03136517516297383095791318,0.6394311521329234526689334
-0.01916201718869774139886175,0.03229768343886415399301981,0.6390926797492044730830685
-0.02005606521090516972116724,0.0288649847943577980702301,0.6382467562985911779804837
-0.01722859242415485797605967,0.03637556131374094364749894,0.6388949895960103209091585
-0.0155508167266636739695107,0.03740198323531084695359183,0.6392871189887695537734658
-0.01700809619385332260854682,0.03432464684556460476905215,0.6386904728224812588521786
-0.01386115427425436627539845,0.0350621879903844288484116,0.6383296727506618806202709
-0.01204320980244870040176686,0.03474389282371796033865863,0.6381119859788257908661535
-0.01142175833313859370510279,0.03853597817444368717199055,0.6413529833227379350901742
-0.01072488772131905895856896,0.03794040976651714275336147,0.6396901253957134603211898
-0.009533890496259677174717417,0.0344730420035128173883443,0.6359538125558353849342552
-0.007828218255300004729813068,0.03774943286021843064093062,0.6406894318403372201586876
-0.006303019250517601437810988,0.03456615452810547078899006,0.6380309814430668025053706
-0.005370030377801569138052074,0.03306631886615052362543565,0.6387846985044484116045282
-0.005016766814799807246150198,0.03371025942478073078589773,0.6389567921603254152529416
-0.004699081138639382010380174,0.03061633770670126736268557,0.6390272530862473043811178
-0.00491918356157465107986182,0.02843757571878131537590484,0.6382716105314532040182485
-0.00458324843832225246181844,0.02803415242979182681049011,0.6389585707881209053482507
-0.005328529096450638526116794,0.03101421983691153572149091,0.6414070346540194922368983
-0.004374068401364001115738667,0.02603817375614546347772915,0.6382905229265519730930123
-0.00496568406259433308552742,0.02953196870105761345781659,0.6419462990294229065568743
-0.005860931834696572924336966,0.02457278502825342020310373,0.638580022253380397145861
-0.005508191957135318873872709,0.02487434385726155008922156,0.6386282694453963015845943
-0.006355455481086702898552154,0.02271838588399398978223687,0.6403398563070270554931085
-0.007522513944713762716609562,0.02544400453981050455598556,0.6392635726284610075964565
-0.007387964754509784848224285,0.03182847049828368274360102,0.6367641170013055296195148
-0.007747055125419025946309493,0.02432584410309691913543162,0.6367293965198733696198019
-0.01066601213798262434706565,0.01864964447120854434958304,0.6396967296295281713014447
-0.01274423249725828606593314,0.01832818056419193569750448,0.6386756072146121399057961
-0.01309818890333530258529571,0.01533139626515921637162077,0.6393200966731921175423281
-0.01389338539348213344415406,0.01543104606391830155298628,0.6403244117618833719518534
-0.01220070569881723417104968,0.01882360410761179173033675,0.6421198286666341958905946
-0.01377999690176151016685058,0.02057491186320670531473276,0.6423332359348302711410383
-0.01440768686749355556586671,0.02268692742692102540247312,0.6415416235505098097036125
-0.01515567517276515674407023,0.02096753087716225760761546,0.6421991529085470107318656
-0.0185676915595206458442501,0.0169340623282858912523885,0.6401970264539581512153177
-0.01865070348848266862384904,0.01824045493934962902660146,0.6407465934267561058490514
-0.01864915341082217306589719,0.01947835883580825364069788,0.6407990827538352363035301
-0.0181099504556494483864526,0.02082815666458875600297596,0.6409755337331097813091674
-0.01823062627677227848232988,0.02279252451949407773379441,0.6418361399290993807298378
-0.01706432493500707400779781,0.02438532407228220788564244,0.6409652887554023736882414
-0.01743912986207394114068769,0.02654251703329344597159789,0.6410162365728334643577568
-0.01698716501519566268729733,0.02822521527233070801066184,0.6418467598152617359374972
-0.0159089093100051037765752,0.02921867376756643111535006,0.6427700531389041183061295
-0.01549453635888143297749675,0.03085576893291353678394628,0.6429303646785510251149276
-0.0110772026279760578415523,0.03625612596339741061646222,0.6447149895622842352693738
-0.0126876807236037149329011,0.03365482249577347872993016,0.642139799727551197072728
-0.01180926116413977440544603,0.03363217241955686331866815,0.6417310673566996026551124
-0.01075453298549261353656004,0.03514737926928832717488049,0.6418013429902708066876471
-0.01170818370509117863076387,0.03820401581954899900006595,0.6408537823887261453137398
-0.009676912001621098408099542,0.03644292989307285762778932,0.6428711060057268333878255
-0.008131167207618836961779962,0.03635163286596881232481948,0.6434137591842638004280275
-0.008753645265819733414791592,0.04043159118410726005077294,0.6464692960690248124677737
-0.007753146493380304316023199,0.03449565602063426467127627,0.6423016141874070550343845
-0.006112830506364134303121105,0.03425455867238579726885561,0.6429437776364738121870346
-0.006613154305009898842326876,0.03325636530287992553844845,0.6435937667068966083760984
-0.006012705993664903096618257,0.03033422122323672573407372,0.6437704484174815444674778
-0.007192085852837521928182518,0.0330346541136919899517288,0.646626996718415614218145
-0.004440061587044405629065569,0.03100510172045386342309925,0.6443091419221523841187604
-0.006903623991408609078535008,0.02449264939865048590350582,0.6432126579252693820976106
-0.007709869979502839351659382,0.02377943247923894332096495,0.6432098696905090839948116
-0.008021351037018597737726644,0.0236411201653896167751423,0.6448572744017063707033799
-0.009271013890734026291484682,0.01792196833145949172449996,0.6436847692796190401054446
-0.00916078258619370915105673,0.01989553079741634630805969,0.6431459659262381833855216
-0.009546607249464046998643774,0.01678021674789989536868973,0.6434642311885813148464308
-0.01005522063609634586534014,0.01324168194270629317355059,0.6439759980880556122784242
-0.0102291456930088918431121,0.01160369455735324635548,0.6448184492487668562077374
-0.01120011266261109784958538,0.01082783300644521613798066,0.6440268136368981766182173
-0.01026614896227027312614055,0.01110281382397757671265381,0.6456914855238079509192062
-0.01101064868483784923991475,0.01274845731388263292416241,0.6460981388796228630511109
-0.01208839469246082362618999,0.01080268734578803888068954,0.6441051887923001650904098
-0.01133646777798519821034429,0.01222303989103202224997258,0.6441309257521082853870098
-0.01171660689356041409880937,0.01132335194285688517723543,0.6452161410520050877082099
-0.01232164102019770758611461,0.01259123202502675058223058,0.6438888689999110459538656
-0.0128647675801981126869622,0.01442887195859008167553306,0.643368879509865432275717
-0.01296140735715610101119744,0.01540329122893593742638085,0.6433406609534130238259308
-0.01298839487477789454705768,0.01647733994147440594879583,0.643710188032291630300108
-0.01216481806796001347015235,0.0175712796166057408364658,0.6427383530516863618942125
-0.01162907728763837647556478,0.02692144676273222625439985,0.6428165356680619613172212
-0.01056805345039484554658937,0.02679814115005147573400635,0.6410424750538440408220708
-0.0117394782605709201150912,0.02618676381065298749972747,0.6443306352351949595202996
-0.0110554985037136406511582,0.03083193630654890160514014,0.6454748515559456389922843
-0.01158660999139480944630787,0.03508302778206066202537627,0.6426267882112715046361018
-0.01034134834875674417709046,0.03755516145856616083698043,0.6419902974901706693700021
-0.009275105530683853266582517,0.03469555906554467467062253,0.6414714026542917002515765
-0.008721197125229826485615092,0.03446552491034175075279578,0.6411581511976636171823429
-0.01023126225400906516571631,0.02939577558840345689050721,0.6427424181560250637801346
-0.008276665644594224241492597,0.03062449537117317710510633,0.6419927916535845824341777
-0.006485536286534500198530662,0.03206984278021107748202212,0.6410187842536497759837744
-0.004958244905794162438184003,0.03666451979060551813471847,0.6415387396759093530107521
-0.003602340269855432153267571,0.03465911275813474828888516,0.641034354249551019400144
-0.003110686865074885950471772,0.03406879538014331160189485,0.6436414737511549910564668
-0.001201847867799918758227595,0.0361866177214261036665377,0.6417845147346661338616514
-0.002332724541902864157094655,0.03103250684894132832569724,0.6414655057996796472252754
-0.002487357569038270866529361,0.0294850683219073476937222,0.64108866218292381855548
-0.001073099664142300934885355,0.02910308009854309721498034,0.6426980068538865609184541
0.002034655662810265237122609,0.02906321323701182776644281,0.6414712823610705383359232
0.002726082687583751117815778,0.03051436304637231491931892,0.640713473074133399443042
0.00324728528955198041117125,0.03063763498347724795189961,0.6414844423346303114996658
0.002250992191749400916228607,0.024150630594032111014835,0.6444277584533556479939875
0.0006380056231211987107995731,0.02942951024288288294772364,0.646291389312755537588373
0.003434968517042906802072544,0.02630211947423951104885198,0.6422415425030201241440864
0.001702990809065474051009481,0.02341330561778868710187673,0.6427019783492493587573335
9.087258791514857801403099e-05,0.02021111930813022580788463,0.6427730186729913031129513
0.001531479339967029007496535,0.02362139269439098715475112,0.6440833580079595721556984
0.0009582259817152685883734353,0.02389995469440601982835659,0.6443640896284631436330415
0.001341460200619202939101293,0.02664632045578837690746887,0.6415313476633346390087809
-0.0001030694019428548391771952,0.02352299096005803016873337,0.6422250368268560549722679
-0.0009930075987781296874279402,0.02413331768190640075344433,0.642190567006429846586002
-0.001923095199957530450698973,0.02426793831170504997518655,0.6433023920932378070247637
-0.003407257208796287024921146,0.02666112178278560659872021,0.6433855055787486287854904
-0.004926777341005036947585438,0.02387851591529603634267431,0.6464227405576044027668559
-0.00618751919176653477489003,0.02279961490070899626791956,0.6439215350278312266496528
-0.007589570663392703094018987,0.03067277074755296248365077,0.6448081790449310402024707
-0.00885560807852600780087915,0.03009303696270832981229937,0.6444584742616352723842965
-0.005726814763476058625646381,0.02918373547181602953304314,0.6425638071318626742822744
-0.007407477198004688151433683,0.02650172156859190164546192,0.6436242888593185496048932
-0.008986978861750769334570954,0.02676018444363466655677719,0.6429028615394376533487275
-0.00604028769941901931550543,0.02873387826253928634123724,0.6421932319106263831187675
-0.006681661000155842550229934,0.02653215545788614737610089,0.6449354071676067778895458
-0.005774296842002997649789808,0.02736179099864223529525731,0.6445816937767866461328481
-0.005603147940080799825623981,0.0299135929187319474231721,0.6459916418707224439188508
-0.004251515562029412574618359,0.03173710749170246397943274,0.6466199015084024281918573
-0.003178066632122254937808936,0.03380731288070806112022737,0.6443831831041144653227093
-0.005214064905855769760378848,0.02865866959905627453508714,0.6462922157397030797909565
-0.003484943824954213342781628,0.0313211364123416671767508,0.6448179938405034228310342
-0.004098117705121947888791123,0.02621808321378393466516421,0.6450813463546049009167405
-0.003161878541498108416418766,0.02541171169718267272563672,0.6461189791890848965749683
-0.003712122258060689995728954,0.02659420577590576248439014,0.6473398383158067703746497
-0.004405803050087973501969252,0.02375750429517198628048824,0.6465871306409681773530451
-0.004235257929932184292609598,0.02337450879140697337921218,0.6466188380764424925573053
-0.001979459128877627573095399,0.02570568176929906648031654,0.6455283595500621585117074
-0.001940448216282811104427264,0.0268033938506723502792628,0.6448356822776201147107145
-0.001997780279383812741117454,0.02313513167049436811129048,0.6447762673607170258449628
-0.003894138698560273108284502,0.02344705668344517976442454,0.6462174278824008855082184
-0.0055629411148031063238939,0.02053657700132990870933725,0.6471503673005079004809659
-0.004433914712220397846831332,0.02152380863724822485094634,0.6470425405887954006800555
-0.004091669088444139200377858,0.02319251460155236088667152,0.6477241367529691373761125
-0.004749320158342541786655744,0.02174183962536497399797852,0.6481918866522502487015345
-0.004587556881727509160151524,0.02027112593865744091803371,0.6466132108242574894063637
-0.005252279052546401580392477,0.02048481642337829020106277,0.6471279612851911222648482
-0.00681350267731988500086171,0.01910788935278196973288622,0.6478353063779033194080625
-0.00750460919041165668702531,0.0190168365443588449625878,0.6481415954460358896938033
-0.009624033554093263179152196,0.02106858049111999531266548,0.6497012189251911706833198
-0.01229397913787951164554801,0.01908562404853529972936776,0.6504537776281789085430773
-0.01247990117149988011091555,0.01939235885414908322488259,0.6494806667068820926758121
-0.01288294428709476496797137,0.01750835732203376987614618,0.6495404801913692294235148
-0.01310180822916095361163613,0.01942705363558960840464351,0.6501604695434550773569526
-0.01289188801954420024453718,0.02113620659978176011262185,0.6497267550480800846202101
-0.01222098903674805059349495,0.02047115285963637884569799,0.6524463928698340797751598
-0.0141856329633867645628742,0.02389385119543445748502286,0.6505320060434851558994751
-0.01260532513173632726544149,0.01985743965219816109524231,0.6502113290100028919482611
-0.0146411835398271555214178,0.02167605176018292875705917,0.6505898476819534925752464
-0.01202914921759147548474544,0.02305672402614677984900027,0.6497245600767070916603529
-0.01140729886081299007671852,0.03280458653165812393792677,0.6489434783775329673716215
-0.0142020497926447011871609,0.0291695726347429434843761,0.6513476113888372331928167
-0.009347898355349437693462278,0.03160876261571332612732022,0.6491679252488204987514564
-0.008419979835772492191003913,0.03353348820562917359522359,0.6498326168071016928351469
-0.009416722770809633769051317,0.03551815586192773321894123,0.6489184540866541617276653
-0.007663189833636999646893084,0.03762026201146358161953032,0.6491638388910001555842655
-0.009517346183276405649498209,0.0357357435544182547304537,0.6521887443644464044112397
-0.008806423690308103069401824,0.03809416620872384251494935,0.653029230760133860833605
-0.005442647270770820805418921,0.03822591569942157541106553,0.6511680055845980863438172
-0.00544548999298133037938463,0.03773830486461109134932457,0.6573485745924150247532225
-0.005421156540797995686264965,0.03647274022178581542874554,0.6554441136492682451475389
-0.005477669861132601104858342,0.03902547187494725261514006,0.650378776307715789073427
-0.004215125097506019873072614,0.03541983198018599371392767,0.6506769780228636168573075
-0.004196232673486900190129578,0.03439076258496117505236711,0.6510626975776709901566619
-0.002327995833722674035720646,0.03185282348500750176922836,0.6505660815774474414752149
-0.001767966599748271817535428,0.03149796495685110858664402,0.6499113950753979684904493
-0.00232199641431500396204779,0.03522572834154524129557373,0.6505924919016528029658275
-0.001480699869760938435642172,0.02871616722743090821534651,0.6504462480899330101280498
-0.001419145179400804236691247,0.0285173890066837930346022,0.6515746665716730667838874
-0.002504896405617209904220788,0.02619113775318449716111857,0.6529038055238218785092386
-0.003640389143954183594209528,0.02837873093201194116264041,0.6522292641005636992801442
-0.004934597621125609047398886,0.02281299902063775933425127,0.6535716089776685278067703
-0.007200452228724800798898009,0.02173907596059311553293725,0.6525100773226824024675352
-0.007495315387916983047855712,0.02079773052138664604648888,0.652678859876517414306818
-0.006940610770463136701413642,0.01917179986174389477726621,0.6534928317984138868013133
-0.00963348250616385959332888,0.01763050346656180877857878,0.6546031744293305809634376
-0.009224771734545221188450448,0.02095902102685726769992769,0.6542380582818616563400838
-0.007779917709655381242994654,0.01640940708766966751874783,0.6526840983415835850678377
-0.008696867486043841077858474,0.01321986789173991948265208,0.652133390717507421818766
-0.009703891913258036114320326,0.0145706893135792714399912,0.6509118165849596682193123
-0.01263057976950204656929611,0.01531217824143340025533355,0.6552906187933814630142138
-0.01203429796260259768136969,0.0134023194244229388455425,0.6543685357573062466585156
-0.01441215608557690902591375,0.01160677819010112396536094,0.6550486610692770605979263
-0.01378649451993355957990506,0.01183899622323226173692401,0.6546995211637559597406266
-0.01399198799449798656657773,0.01256658012215976227832215,0.6536573038767029553142152
-0.0122347334785789518818433,0.01334199751802097981545625,0.6547144202625465592149112
-0.01152892787158909387867922,0.01125882306719897668623176,0.6536976539747008096981062
-0.01066742980821549190151298,0.006762527052695739213095116,0.651927764537279297307748
-0.01107224514836289974706318,0.007147738378169273508466741,0.6540486846776834006789159
-0.009922475625481813957251553,0.01240202907278869885743244,0.6551025346788990066926317
-0.01051542220144872398501779,0.01316954389426813060159915,0.655087459615743106233765
-0.01023188672420692613140858,0.01703892957100978239326494,0.6548390252246131248980987
-0.01120680146890434651651969,0.01917086551152762455285661,0.6545653785514851108473522
-0.01255525358830663490428137,0.02065948641110836384027216,0.6542446262992804850711082
-0.009678445766477432668506431,0.0231879106400676160415486,0.6607221234657019159897118
-0.01156383233012775978154618,0.02225753902764162489580357,0.6524209356948533766740184
-0.01264826905532520813502106,0.02335401671851745908359277,0.6511243699368058912568813
-0.01419514379119160042697079,0.02736726610017391203566461,0.6553663812101115926367356
-0.01348635005716662151054042,0.02479528617681003160866382,0.6526340996622272960792088
-0.01758478654757144113429668,0.02840280720492639396357326,0.6542931493612964555239842
-0.01569528472811189401259213,0.02603220240389447423523528,0.6524905482920192456575137
-0.01675733882474290600828049,0.02596296073065991472095249,0.6541158036099377071082017
-0.01820763560747897316649535,0.02597419818194426216484416,0.6555994484787982523599226
-0.01653982689547435491750349,0.0279576364347950759303707,0.6546620571314403225215983
-0.01625163596105902094612894,0.02792425518115176225064644,0.6530085336073109258947511
-0.015580575060908298523632,0.03324863452646823619440752,0.6595727266653754750080907
-0.01425915771340431799363291,0.0318211767873979242682303,0.6607843215166395722803827
-0.01637171740914859091597933,0.03168040233162643798392466,0.6575535459160449791582437
-0.01289632130435059038930934,0.02966852466942106539282697,0.6545907822678080911771303
-0.01171578190377720388171134,0.03158289430447801943158126,0.653809658751161815182229
-0.01219175664603860606560737,0.02858484443754621615041422,0.6539975332797764995262924
-0.007648037821591163916423728,0.03086720355566262979918335,0.6518345115424450941787882
-0.00876786926363259597194677,0.03643816584308496447919268,0.6555410492036267688931162
-0.002904097441677922115943478,0.02920574355484938794402794,0.6518468942257241716120575
-0.003247475333083521802784999,0.03567708378820437509215679,0.6539867326734164487689327
0.0003606239976164774029346316,0.03018541317331613696439696,0.6514149124948424018910487
0.003787438776712134021890099,0.02869522982731438631720522,0.6575716811284547658189581
0.001024193199006393027034045,0.02859425227784950784837292,0.6511641460897669153595757
0.003741490267204557185198865,0.02583158731733900537186344,0.6510451037669887641712307
-7.581097891302196673576214e-05,0.02505252532622011599205969,0.6543091921968213764415623
0.005102207486991151494382102,0.02336127916764902182067409,0.6509207606187691341759205
0.005912369511705053981565072,0.0219009188437673946170392,0.6508756755577117525390918
0.007420497486513629586957208,0.01768482926341749528198477,0.6523244053757704108420512
0.005778803943527311727523799,0.0208789380989215928030589,0.6542371201411691927773973
0.00240344241636050118954282,0.0145002524459120520072819,0.6515000026411358335920454
-0.000379230859389543238386483,0.01433227672592667957529589,0.6514154220140918605252978
-0.001460160994965835476108729,0.01535211023098162312627846,0.6529907451961759479175385
-0.0001608122961039401186376929,0.01828351064036530179701678,0.6509694213815592211958005
-0.00147447055874517824088088,0.01702280327746642785147202,0.6499559072215881361245238
-0.00308403422072838721140764,0.01581630869135521033630454,0.6494690570041747879059812
-0.005091031186995310063581055,0.01462214883014428985774646,0.6480824562203709726659895
-0.007395237705674544657907798,0.02230823905636651616202215,0.6481512961990081311824952
-0.01106409781865990912819164,0.01749531185119911069758558,0.6516416793777103366736014
-0.01285164714940627804506956,0.01573956896110725867110602,0.6523047799636018106994584
-0.01134096912910955226583276,0.01509583173778387965580094,0.6477345284400287672710306
-0.01233018879476509462034262,0.01353614286887415071869434,0.6480146395229983147245889
-0.01522734587517765927899838,0.01219181254348372309137538,0.6484424332885445618757103
-0.01268275028267058963937775,0.016969928100156024541878,0.6489612483324653791072478
-0.01284435564540120644494436,0.01618790029575340599921063,0.6485873439029178344483739
-0.01506555387715674022841572,0.02219702488057547981603612,0.6503036689821505289543779
-0.01642902869236456675494651,0.02063864275350609650550027,0.6527439577475427912034434
-0.01231614872982457128958167,0.02198143374965759455630376,0.6484889664792011787497472
-0.01233234325871951711506291,0.02254017204757769246570298,0.648678593004068826388675
-0.01275939411469267752152756,0.02448091415049634747558294,0.648290844797621113038133
-0.009880771156568981736234569,0.02596225061071702824855301,0.6467221696168450328912058
-0.009107033474939055586738768,0.02717470615924128668483561,0.6463677788899476750472672
-0.009135629083953534373963024,0.03248664494966657656505049,0.6461142147336041974270415
-0.006778077018411853178758708,0.03028680229085280867229457,0.6468904400565742562889682
-0.006332856583659686108833675,0.03209852725088124802965694,0.6465785426283015002724142
-0.005597237102868230125551907,0.03390015312651437767721418,0.6468592054359484366798938
-0.00404069693845234435142233,0.03447664996989128344262454,0.6465934263476074139731509
-0.005777620331286575233731284,0.03947944300660827937621278,0.6532481122689869357245129
-0.00202434998547225061815702,0.03790745234030221122445425,0.6474325812661624324206855
-0.002574707483158376452453409,0.03965587240427204118731197,0.6530966350948186338598589
-0.002274874103935389021285962,0.03953566643323806056864456,0.646788267241698577869613
-0.00284799943891572574297677,0.03592651313444961136411848,0.6478416779234359434980206
-0.0005812322391744664676696552,0.03658080638769745096539054,0.6466801078434388783122699
0.001891682785849316175003088,0.03732362637024184276457461,0.6473615126848859535613201
0.001199447401464421572234165,0.04000924691317091913544957,0.6505287373935986217077243
0.000712748262916383244942875,0.03692422703196412275827853,0.6524856900793767344737262
0.001295656692963095173512511,0.03613844556016270609388741,0.6522875110721908509248124
3.200280681358402378854783e-05,0.03557431952426044069470734,0.6502444459648667463014249
-0.0005676091233180413858985802,0.03302403871187021416888641,0.6503071225383154629895444
0.001362051787059232865056968,0.030921149486924856542025,0.6452629928766003830631348
0.003431733584294445471574164,0.03001377858056486144788799,0.6478426035649543779371129
-0.0004502208151650420034015077,0.02896866943115753573190219,0.6451304443369410002162567
-0.0007638178719147055515531486,0.02724639542267416614240716,0.6439790407859254939282323
-0.002967396551795503569642909,0.02704905616546138952260847,0.6502142323927361244884082
-0.003066187752251955771221059,0.02399647166482164403755739,0.6429252452494750302847137
-0.004919967634508920148461719,0.0227430343520410409297039,0.642138878118121980698163
-0.005722750074623416359498318,0.02207645820985844678507881,0.641749780239632028333574
-0.006735507377974724388391969,0.01975014341363188000166851,0.6412142521471575484781624
-0.007477484513616110967104689,0.0168672490473774361330328,0.6413792137417553274048032
-0.01146183415671500442634123,0.01889581855398712179061604,0.6452562107462430640580919
-0.01239174983394140602821487,0.01726576162886479109959126,0.6459906949506167839203385
-0.01068900957615979974146825,0.01394117519735233248767692,0.6402649354940830317417522
-0.01147168180612391681638673,0.01322858254533564037469517,0.6404859905387377816410321
-0.01330641342323039127970574,0.01483632971038953071718502,0.6412309243706745265356517
-0.01549583912150932774043355,0.01047111079105995760929471,0.6442101090957527143032735
-0.01231745695664156897697339,0.00995377308325576248826394,0.6407190303236629524974433
-0.01210486968163364436545937,0.00749816169619399279511196,0.640070686234842534112488
-0.01216206999781276922034667,0.007871286288800226696449336,0.6401199026858436225140281
-0.01310356151296519257309914,0.01418996876438464310732357,0.6430296567935149809613904
-0.01043859408979914624171492,0.009029451424989346636218457,0.6385782811275708681364449
-0.01038855562889735330289742,0.008750148326345175836538104,0.6396675373462287206294263
-0.009438602745797030832419772,0.01127880766292118849825066,0.6395827080350172666456388
-0.008109770457569089041616195,0.008038536667853080769363672,0.6392561087454221580017588
-0.00797646265679861389552574,0.01216917311460989116478348,0.639203993546471171960377
-0.007368575142932410303175939,0.01404171484257026904229892,0.6393240651101620430907246
-0.006047057756882219872740514,0.0115870105719888972367615,0.637379237666273468221334
-0.005735290799031851627365342,0.01346555677452647252489992,0.6370964659664948293027464
-0.007105705905587778731247184,0.01211255604126997356684292,0.6368302449016107757984173
-0.005925894872830977759547988,0.01184965312117433784699916,0.6368511173222152210726676
-0.008395804587726653570034507,0.01025192575919356419156259,0.6398047075945491046766733
-0.007140873717732199033036977,0.01335767412021450148418289,0.6411825215301656388788842
-0.007370362365165182907955632,0.01219317204682805397264467,0.6371486444742282539976941
-0.004776190145411413415232893,0.0146728138504745291709197,0.636691255658639931880316
-0.005310710458123950837572291,0.01571700605622688290408107,0.6365509059822779258652758
-0.005815259027350127077338193,0.01662486615441363668743691,0.6371653047266293556916139
-0.005720249707435932917665156,0.01806748119639841818062642,0.6371979319594349711053383
-0.00763943340771576842596069,0.0172423732759933064084823,0.6367574654113483667572382
-0.0101639154999397865464239,0.01879816029806896313103515,0.6415945491225136798618678
-0.007722765715973380767911394,0.02062942542352388594628643,0.6360588175641747055166775
-0.008538915214488865257358441,0.02279710963247602237280454,0.6354419291523459856207978
-0.008128152318150731053814084,0.02300256236356958486344304,0.6361610995709963134459031
-0.008522889190724589406067402,0.02405119989019862888901535,0.636681959221835680473589
-0.01044784518422978841778459,0.03117943216707330308934409,0.6368599543664237305762299
-0.008774839482580976471326473,0.02802597705255833321347225,0.637751807931101422077802
-0.009179612794306469744642918,0.02870649805701137174951398,0.6361453856356144020978149
-0.01353308229544926064025212,0.03622194620296025069361434,0.6395927580348487184735973
-0.008984594389626683608174318,0.03060533494047471686494433,0.6361365567284377187107225
-0.01074064667486910457094851,0.03236814039701686046557327,0.6370218625283260438507682
-0.008272444578557214614478177,0.03324750810949376328418126,0.6372949588825969069461053
-0.01019311785309503538832221,0.03750408291877115052326275,0.637584125763531961439412
-0.01257933696112172906877991,0.0369113132589987541498644,0.6399142962361893394174217
-0.009393546513297362093863896,0.037003499916783491596739,0.6364890443643690387531819
-0.0141357068712441684421588,0.03499628915496670600315809,0.6375499747145123574654235
-0.009700293655698495956518634,0.03766197898339768840303421,0.6351199486392735682471766
-0.009417484002167355108814384,0.03850767913979665640900052,0.6358402837264643947534637
-0.01297914782560079423323618,0.03719018136479958908102716,0.6415630220586102661073369
-0.01001492678987704262882907,0.03529622798252077253700065,0.6388806475553081565266211
-0.01107459011116942830532661,0.03625949957612176199894805,0.641481856982053844085101
-0.008433483018707483777620659,0.03522105911153828455839587,0.6435429392473820398024031
-0.007088972908000655374916033,0.0345865087966339412872685,0.6428897020083524926903351
-0.007912645048929359964384744,0.03047517017229882038686917,0.6383808676528441861108831
-0.007767147806668478829394964,0.03126641981229135586195511,0.6419331909132370839188297
-0.009807171221811603750717623,0.03116870954666962206802694,0.6419784560894274960674011
-0.007655967639090950800639934,0.0266707769261159306772857,0.6365731862336528878998365
-0.0104045320279505908167561,0.02485365329017871771632997,0.6369770764978573973635889
-0.008711358536062061702631709,0.02244202603628970768556705,0.6325587395472783702743413
-0.005000758935927653199560172,0.0228261889931187580971006,0.6402982979100837468422469
-0.009668537651442578317873,0.0244503265828691952743501,0.6337870592104573042036009
-0.00637306159194141966933822,0.01809992220324193462621665,0.6329939314900986380152403
-0.008729669121494245884185226,0.02160063276019555042473108,0.6335635408543945912285267
-0.006713065204075501120339897,0.01305773392999180597395803,0.6322906638014019753413208
-0.00924402171798672719904566,0.01769366268525064678218683,0.6381394011836694080130883
-0.005600555876231314185453858,0.01770674956437041924761644,0.639321736647266991582228
-0.00734232498736565441371793,0.01466086513316280232066546,0.636275742447552805636235
-0.002700489719685836027124326,0.0171073185553930924573951,0.6410446141245882412107449
-0.00301845223863265576386139,0.01583822549060797529874023,0.6350358795308034265403307
-0.006476053882231238428834885,0.01687406028126283916157568,0.6399126165455997217179629
-0.000416421637879688295597741,0.01087224059907185465256862,0.6365576400134108636663655
-0.00382959033792731624173955,0.008605184806440274031258397,0.6340180434841093948250546
0.003119188803685839402046742,0.01058211193592345500391616,0.638943162330991465402974
-0.0008976570195099853712375482,0.005885099774729517056737205,0.6339546982731748547834627
-0.001638099978484578150145223,0.008250581991072871226866603,0.6366339735896798801562113
-0.001772987255099044709774625,0.0082427199224110545699995,0.6368288497566764183588361
-0.003123668660326035621810359,0.009321282768589685130411482,0.6335442768872122654144619
-0.004268786326083013997478854,0.00870448894975509729343699,0.6346952367247425952356821
-0.004398538475882485775103614,0.01171617919690337225602228,0.6350836425581575239718291
-0.003405419666994963841938349,0.01031382694554972348499611,0.6348688286731971608389813
-0.00444815880714050267130677,0.009794266850205884250568644,0.6333694404013967549360586
-0.002392186776702337133726495,0.01485180925202630661252634,0.6370615884069898982033919
-0.001563147940284965748541923,0.01592632602899088020698137,0.637980734609381205935108
-0.006602570432396661324891962,0.0249686715376586827741523,0.6320052989125917175528002
-0.008586369087862684087997245,0.02514249318313672640345935,0.6315719716518768400703721
-0.01228259454047360595130289,0.01524341168982143793209083,0.6328951269117739641956177
-0.01369807476761203228476926,0.01736398460549523972695773,0.634250456811316976057924
-0.01475944050887295633245344,0.0195148232883015845806618,0.634930032838943891881911
-0.01766030207960901654562491,0.01892327652692824338509503,0.6334627245234855097422155
-0.01979512076000336864844975,0.01946757712529716480287512,0.6322990500349844333882743
-0.02109732820032743025318034,0.02244768712728498205599692,0.6337972369061677380130959
-0.02053386805038163315240141,0.02584693363183558634244008,0.6352141460088920332793805
-0.02223297129316325823622513,0.03290121457686934897113318,0.6335162579098572166458325
-0.02672965938809503810835722,0.03398384375097685677902248,0.6386836854003871133400594
-0.02196395416238800316066637,0.03063585342886121151706469,0.630296149866452104504333
-0.0225055196357935999307287,0.03421017619069306736623304,0.6309609804258938803300794
-0.02348901561288952236083993,0.02719949928252772888837008,0.6317708688949412731972188
-0.02383264367595960830925605,0.02515754127296609618524847,0.6316028409889580252922769
-0.02242307120566193121002918,0.02687797027177026010225092,0.6323197466439764991008587
-0.02254513521368251352527956,0.02559376939884003623881803,0.6305252614323418880459826
-0.01925923454053588002032882,0.02787431174607396533460246,0.6302991926655016063918424
-0.01719355276873348742361358,0.02498739654337153032193086,0.6297181557232774951060605
-0.01602972416173003428196964,0.02924102708141507536709902,0.6282881060366124481575412
-0.01542398580773086079476197,0.02553281844678111436874879,0.6302394173451558723186849
-0.01367264427272785014266798,0.02242717811081537324091606,0.6296755564675041716427017
-0.01129001588914237824701203,0.0231680145681931459744618,0.6312115576882494361043996
-0.01068160620654717840594117,0.0200052268387132595184319,0.63024020964214855222707
-0.008479927839089797594884779,0.02059869487270302168546721,0.630021384109091808767289
-0.005902191661468214611829808,0.01978704748046961753304984,0.629494481935954919293863
-0.006375822583470341226030698,0.0160091509712755424021946,0.6283581647960481131320876
-0.004527827029854763520033689,0.01672361572670335444490419,0.6288811282708415273390301
-0.004825347245865684378540728,0.0141820816033529657068657,0.6289004424971375017960895
-0.002024567874408383059969818,0.01519027604441523272849057,0.6301488653877078682796764
-0.002238193427591189318959231,0.01133343036937375578054876,0.6288052015940218675282836
-0.001725368190853679125143505,0.01121622928351555248394078,0.6291688255029127541106959
-0.000774219273495594371460593,0.01249463528697288168534119,0.6317435810743644575282474
-0.001410106383633204360159019,0.01018842117260352134189283,0.6292507343622811832872799
-0.0024259538722131170594698,0.008357227076416987379681167,0.6288624024325126793399932
-0.001905957235675291138593535,0.007803202979379346253263616,0.6296004344132024588276408
-0.0007091953485525888389862104,0.01097803861992999174823638,0.629863209575552418506561
-0.002342934255487593830230564,0.008824201069185145726581077,0.6289782628888379578668832
-0.002362747412039886696355495,0.009350912438168393348014718,0.6292050659638638299142599
-0.003130502157098991218575623,0.00865854470150658091232021,0.6299205071291498203578385
-0.001057599706838848515472185,0.01153596864687561097950752,0.6311440926881903834555487
-0.00183873773060068976606396,0.0117255999118970437311571,0.6291978771751007837309544
-0.001682938405127564450436406,0.01227773399199710846474431,0.6290893914718203028257903
-0.002412178210193263467459035,0.01318741301734255300104337,0.6315419107329813819262654
-0.002924043548743584294141717,0.01289397010876887871011487,0.6310363724902663395965874
-0.002790427510355350700088639,0.0127120702806783735655527,0.6308798954539014403053443
-0.004749101960055850286945844,0.01353287527429610469231758,0.6309487165739126046659635
-0.003244595009249679005286504,0.01812012971859213589231885,0.63335594661403382676923
-0.003095306364202016127101791,0.01932154628712982880056614,0.631987433622394179089099
-0.001245316426604972052244458,0.01837952204343032067135333,0.6309343448138665655378077
-0.001284760744619109452610561,0.0184445979253112721241159,0.6298718794458488812182395
-0.000306869965158418334626178,0.021864387668226265004634,0.6287890520767832613913129
-0.001870449563912106186527873,0.02219172544086936774143659,0.6305093864784805379741783
0.0004224489184702061046056132,0.02655846299770146454188868,0.6322237522846146928756639
-0.0004929623386816996567089122,0.02717132652807761200586256,0.6294917986292358769162547
-0.001523365876923235898154907,0.02716905359879697237635021,0.6318855500074112008235261
-0.002247743405195972224430712,0.02882399034420346506379929,0.6310846658741872117204252
-0.002781723955065560326127549,0.03107616548914027970740293,0.6309703945119510271055674
-0.004075577705781749382474288,0.03274686887520089628722531,0.6309418576047359783487423
-0.005696643581911340660506315,0.03851474624401292345954317,0.6317728575159258230797832
-0.009737748167026587936545567,0.03698558498821851586724208,0.6291027372708745124540997
-0.007658333259529048232805426,0.0379355799838252058520105,0.6316685665685916051259596
-0.008569034737575868115877498,0.04140102711751324215949666,0.6309853131058925646001967
-0.00889183507831951824851302,0.04170282157609812856424725,0.630693159368032163492046
-0.008968932117931571398883328,0.04202478970248870598913626,0.6318905481549617064729318
-0.01230386756221429206403783,0.04072321996268639388016908,0.6296754609644076294827642
-0.009824665583944749980283007,0.03911498812977123179512873,0.6320807388974674090320605
-0.009032014063807460718669162,0.03792787708255481587960034,0.6325814213127989305007759
-0.0116492537375070068922378,0.03750023538225876612584031,0.6297604755051920966124612
-0.008381198215881778892932807,0.03458663902203615997388297,0.6322505472375911095284096
-0.01109401222874832962372871,0.03253958476321468923364577,0.6310037287598221356077488
-0.006697256987467325312080035,0.03014248127835573304311723,0.6334009703016688641596943
-0.006208534031366517817740469,0.02790349405080323752503801,0.6334427920660826716314773
-0.005533272998761302498282877,0.02213753405815516162036261,0.6341393763248900361517713
-0.004973584808516867683536589,0.01954396138661007933934322,0.6340596764764874215813961
-0.004162896670298165194279427,0.01700126901179695171340001,0.6349289868969957284505767
-0.003964077532491039855544468,0.01456495705132622095479,0.6342751077035893025879432
-0.002437894323705478566433058,0.01372321316548829640835638,0.6352651317688200460764847
-0.003035223527474918431973139,0.006831227698872312063815837,0.6348964655792461719840958
-0.001582637589046182293242571,0.00563889906383668784023433,0.6356553127559375626631777
-0.0001844032908324548828901679,0.003757605475975143646816257,0.6363197407139810080067832
-7.21102234026909716998327e-05,0.0017733989300813437876847,0.6354911008301465935588226
0.001971465415898179546899671,0.004262749427127987197905234,0.6362492070551449829807211
0.002759889763700105070470814,0.007165438251369734591611493,0.6368601354540588399544276
0.001576884111002355278938203,0.004940133427156279295744401,0.6362185298005474942684145
0.002667214057893652328495859,0.002199204693880271992839637,0.6371736293534970840823917
0.001966652544369247752886753,0.001344383932457377797339837,0.6359049904237099593018456
0.002939999462989553811326227,0.00539949402999574321060372,0.6367545336195205019080845
0.002280451301029438101325431,0.003282927971562516356734962,0.6367847943651484543536867
0.0001126430756139510259289382,0.005105527264658548010356487,0.6388802555686876605278712
0.001668622632890151341253371,0.006364415468396408467888214,0.6396211997877533361744895
-0.0001848313738958036879338198,0.007062369160718065357051909,0.6391999575612529183032962
0.001031229863108839217220036,0.01070303689542116513944148,0.6396932071106232742252473
5.779128520226008613926844e-05,0.01129020109957503022191094,0.6396171744899378230897469
0.0003913859334653353640870455,0.01442124514386755769479453,0.6384696992254982328418578
-0.0002033997633527142591923498,0.0167968097372597699457053,0.6409295040978095769901302
-0.0009033546137904096499232631,0.01796293899248329467566165,0.6413699107792830700347508
-0.0009565945708177275678962825,0.01982584292032247424986124,0.6417771063864348146665861
-0.0007856912003535609272455997,0.02188642624236888586941596,0.6417710359427492017303507
-0.002916048322668699996351727,0.02879955353927864461494046,0.6400283768780691273647676
-8.549946895015688027533868e-05,0.02978402122010752328673533,0.6437293431237470775485576
-0.001166852953604771009343821,0.0357295899253757057167924,0.6465991176998078238113976
-0.0003394782794334096163307857,0.0348111529368972244524727,0.6432483955510619466622302
0.0006009159441333774241689181,0.04128669072010263119132389,0.6454108474199629075229723
0.0004217987715580746215307539,0.04444574348844872874186862,0.6463722082517709965898689
-0.003032033338789353292541673,0.04702310745657334312141984,0.6482067054450345588989535
-0.003395100382790465845528338,0.04924682772224996119003748,0.6491650150673045072124978
-0.004124780583527859478820687,0.05013870269655557737609186,0.6496643224416619455396926
-0.002285831332543636611881466,0.05000268103070956704492289,0.6477109995532459585376728
-0.004838624034991026272300996,0.0567705161806889568865131,0.649298394822641178336653
-0.005861018233216832955256859,0.04993420920927851142101517,0.6505373454713633263324368
-0.006982327828901580164810969,0.04750836502940800065708515,0.6479400658191319939405162
-0.00610071700873751013999291,0.04592529383266469311664082,0.6486254446454386979326046
-0.006582526728511545362210189,0.04537277087877950726424459,0.6490109840700373222688313
-0.007123512339894643927151741,0.04337915310031729282380653,0.6504893342169307812739021
-0.005884112987366059074889613,0.04543824956128220127204997,0.6514593867414750771871468
-0.007927764446627679623125218,0.04289956325416649507431543,0.6513483280620462334553622
-0.007049479599494583303975759,0.04407750753876268912101466,0.6533029074544249859002321
-0.008556418753945204541677683,0.03740729857370922450954254,0.6527819239551648777819537
-0.01017076003508695682120422,0.03608387995522271268766801,0.6517074856655976633490468
-0.008510654993225270567580587,0.03803083768125864461140395,0.6540521937653562822845288
-0.00937056562059246540841162,0.03316398371661405386490173,0.6533011041870616653071124
-0.009496743931982302294736442,0.03435062424546056480956224,0.6564289715310065442821497
-0.01040120075921988247735772,0.02939468914952015482500158,0.6517542215726650489671101
-0.008157731253687018971310074,0.02673135367298472980790436,0.6549911753687744919716351
-0.009515552026436700089329079,0.02618270250374988075692251,0.6540718282235835623339426
-0.008699643368622118899669005,0.02469333772140728383570618,0.6542084767184843663301308
-0.007446964581888032910783615,0.024172864802699048358825,0.6586035598696735604562491
-0.006745349159273232933498043,0.02081538751519454097382855,0.6556863657849518745024398
-0.006204081952658689093349498,0.02295176518221316019907619,0.6588832341728554364834736
-0.006073385763665367642616388,0.01943555951680106530510272,0.655469008915613104981901
-0.005784238660035635228029438,0.02024260922110098989690208,0.6561143492072267768833171
-0.006674061969994738406641854,0.02164784507942050031936709,0.6555653800888295856807986
-0.006145649578853896663477308,0.02490603684055805663866145,0.6604807742216614041552702
-0.004906054241231516503674026,0.021585058215464560105179,0.6567156481026767966824309
-0.005575275040295177980675945,0.02708849110993961570303945,0.6603616369817192355284874
-0.007543926527280801763719609,0.02707577162164512274422634,0.6598340839678390468137081
-0.004898213907494347249538258,0.02794031017171621014694161,0.6610837018196493719557338
-0.004281324936284690817200893,0.0254653053998727049722639,0.6582118742261684474215144
-0.00533389679969539613757501,0.02618998465149183912936692,0.6570929289936703332486445
-0.004577619425063187558189171,0.02922801313860817068457365,0.657452854732522129488359
-0.003334631415415484356756792,0.02749016701622061450982493,0.6592601797838670840690156
-0.00144694627579980720707975,0.02927236554560045875272856,0.6599082066735857399208953
-0.0002916045492594066153302368,0.0275434513789076934608957,0.6604329356739985223967437
0.0005936340123304632582917906,0.02885884041239907341069859,0.6608631004015232957016224
0.001176225195948160618872325,0.02606895201509023402008935,0.6598732288166712089960697
0.001937731399132712603247675,0.02629315060488871327870619,0.6601554384917095452678382
0.004765184434542135347157021,0.02748158093703614857084006,0.661485923194620850651404
0.003435579722158128672393484,0.02127205430074276260032917,0.6606810376465339640361663
0.00403900402708992634082108,0.02235246755358904005572818,0.6606604914883394963354135
0.004045123888482719115566866,0.02028291157748799214410873,0.660824800924955213510259
0.004735648725117335387790884,0.01850872286213504566698695,0.6614159356746416307260006
0.004057910647140220393447319,0.01446432258602323682461499,0.6609019616929359131063393
0.003553164561647709825814578,0.01233022871826125292649134,0.6610635823229336072159867
0.004395679091555903042487508,0.009989161840678193599041279,0.6590368454054730262825501
0.003209498081275884324992109,0.00739521874197689686736279,0.6606609918410408788247423
0.003503362233652146124490701,0.006088038111372738765691981,0.6600923488626756485686542
0.001842198475413983757217884,0.003115337253506896605242948,0.6601997610718517428551877
0.0008470587628267721609642837,0.002668486921168746178051334,0.6602533157845169586863676
-0.0003504318958203647802092384,0.001535822444147975397721329,0.6608394769372835098053542
-0.001520427662201875125200234,0.002414110376849028672535669,0.6622415631484901421544009
-0.003509146017363367568014931,0.0004237402881563414854329541,0.6616780861184001771846397
-0.003787993215611008129828363,0.003551626428645578668896743,0.662218376954387455413098
-0.007074136147487843952197384,-0.0001426152402093567347473452,0.6623895219274336110260037
-0.009283115177113556229504532,0.003848674551808872745795043,0.6637651960432988662574871
-0.01042216775059471960129809,0.005167302154446717921132404,0.662282443673909204662209
-0.0126748028233151840277193,0.01680406177334915415744199,0.6673821289185966065815592
-0.01427064169269109950022312,0.01222355646028284482940141,0.6677286296911507657014795
-0.01433081824260982149732424,0.01321650158599285522498246,0.6683549609197326768494918
-0.01376569411519636479401818,0.01609682132810711166492901,0.6682236766767596369831494
-0.01238725662403981388204333,0.02096197068046569064736495,0.6689099046342020793431971
-0.0114004597886641252657558,0.01939648088606990214421977,0.6684220786855987750385566
-0.01060636516495021101913476,0.02317230797542022685542307,0.6678768901455501838526629
-0.01112908138441886206349007,0.02331969094255692542816405,0.6682980010570835904815112
-0.007978732655192598624549483,0.02860833446730830231796716,0.6693233125132984628891109
-0.004948539570810765904351758,0.02972932880397725560750466,0.6681307104332221413756088
-0.004504600913965164932228902,0.02747262968801717289424325,0.6641688182063483214534472
-0.005990632992969018716378216,0.02914091427107488863068596,0.666212268697912390891247
-0.002793575996479887284945631,0.03502339611780040662392111,0.6708743606030601602796537
0.002983459816230821584626121,0.03688522068829637456932602,0.6649489505824153212643068
0.0006766680003168093569115848,0.03882238388428180947409274,0.6695317809262630870392741
0.001772508651019357676231758,0.04087920902800033784441069,0.6693252672179186291145925
0.003859082125435636927840433,0.0407370214172848438272112,0.6702842100237252909167296
0.008242892389444625780847709,0.03757559860494542186559741,0.6693120148957516502008502
0.008492000050918650788656095,0.04012361790543005762854634,0.6685076726741012720367507
0.007232483193058168897959792,0.03990432103672643393554864,0.6703873779905410446033898
0.01064692821373769242299101,0.03794366138627972701025115,0.6697277302589366154705885
0.01233681138845255098601683,0.04049010086114102069387854,0.6701625395522330386199883
0.01300259402336838114588868,0.03598364488699790086911889,0.669835748617113369007825
0.01140738395514976320777034,0.03784964395081806542986413,0.6678352529423943195752145
0.01272561555869856572686949,0.03671925485286994805811389,0.6680629363651060526052561
0.008828707496138980467814683,0.03539122688223594881407053,0.6673655113412710893072699
0.009647302512719068551261259,0.03462422590915407299982931,0.6659877577519296432129181
0.009689980587400906508754872,0.03470588645633741753382395,0.6700100513131110879783137
0.006669889304187080932007081,0.03138415618053526368047557,0.6670239442645993221958634
0.004792149919602185954847773,0.02916791582350794151401452,0.6682248010027637130647804
0.003217168874989657402496679,0.02360195813793494051813227,0.670310635229045992389274
0.001053853462886564793313249,0.02600037219537587596107642,0.6705829179049190846839679
-0.0004026292441649459625564733,0.01829855956264529043275857,0.6687445348309648540663375
-0.0005958412666931985068874411,0.01790141324126408306494085,0.6692737584628681846155018
-0.002260099388895971204288537,0.01662264074317324619167735,0.6679140642848695463840158
-0.001082140104955001819186933,0.01479587676587025904528794,0.6705416842306551883368115
-0.001798533995625526847247921,0.01327545846732806032741703,0.6705460756619934237221514
-0.004043885681769964803022877,0.01239607750322894476335822,0.6682404736171965176083631
-0.002983885142823221054558802,0.01082911457148473532985378,0.6687217517204108174766475
-0.001631125672654118365784148,0.01254053763568139384654287,0.6700941332861833910072846
-0.002127559874709412761351057,0.0118249532477525017004627,0.669481350163797839236679
-0.003223241036017146250031162,0.009583774087886250125922771,0.6694014179626264215983156
-0.00301381894145883420799148,0.008379611551616658951524563,0.6681780419974933105109471
-0.00147904432490421192981922,0.005439263251521620975981186, 0.6692727633029662559494
-0.001872330595053452000076089,0.007292015695452014334421165,0.6689660758643822813240831
-0.0004126159657355597918000634,0.009962936869310752216466476,0.6697468116139128069264075
-0.0003212449768215173257455974,0.009224196190803462050422645,0.6705523512783146955484881
-0.0009458138698793153815655432,0.01475436701347274115470043,0.6727288209370433369471698
0.001338613668438447387373791,0.01077143457009361975085238,0.6699097685776427280046619
0.001427036020324512271759132,0.01084545525343822910957492,0.6701622596496608075256063
0.001343786981033410999827882,0.009879627869633943182403613,0.6705866265874580456340937
0.0001793352561531099027564845,0.01258724423075570537922108,0.6698834278034162537096563
0.001459085558439438944783317,0.01441422100681036613800678,0.6700069163325312882051321
0.001356879309451051009507982,0.01419147755939568177063759,0.6708559711423063287583091
0.00143919551483003547477646,0.01303011068894118114347425,0.6707098030114124753708893
-0.000153398835419347318032024,0.01424376718953575780834964,0.6696196075528711988411601
-0.0001941492445053644556960531,0.01371302729687861980678587,0.6696108749656249914394834
0.0006859457827136693566782988,0.01555021476532741225851098,0.671183890975035168935392
-0.002411822261315481070315103,0.01556701744800977407767739,0.6697698311713152774515834
-0.004030437074928873431023391,0.01289368289819491780745508,0.6696976694743399516340787
-0.005227040504473133911145233,0.01667691254960579697042,0.6705741772715800852466828
-0.007690789891593851658468939,0.01158102821370534177281009,0.6704492091550759980123075
-0.00988211657905125988310413,0.01811589621244535236455064,0.67107823564640256552849
-0.007548224706562713798296826,0.01639900851289260649834567,0.6694322470488351939366112
-0.008016757307292666362430467,0.01585252008134583820431196,0.6693734625275927774268325
-0.01137657138497420901412926,0.02298115026079689329763234,0.6693772877430851364621844
-0.01196146467968372054113679,0.008635284423725990074482972,0.6690435447603839680397186
-0.01448358027607416810556007,0.00754994900174617809829325,0.6697749893932614106972778
-0.01492648290747471129247259,0.008072316283937305478324298,0.6703769603533887844193373
-0.01493351206911061428150855,0.009064421197719319672758687,0.6711164830112251733496009
-0.0158075232072183678722066,0.006778077851215550710117785,0.6693627671212527552313531
-0.01571768456034269845211782,0.006631246153682087383918198,0.6685508134546322978053468
-0.01633758085456581826688804,0.006778447201628578361320976,0.6695428388598678726140179
-0.01591535423075123023561872,0.007334840075829971231535787,0.6699616137627907308527142
-0.01333585646147220776791542,0.008199403098925193630885921,0.6712934956140834685811569
-0.01359894853454138817505648,0.01033269153961705391631121,0.6695386694094118684716932
-0.01247217449466638851396372,0.01530154694121861266853379,0.6680978971956017531397265
-0.01268366980088663983905484,0.01893948462218326619921349,0.6678180404224002275626049
-0.01014429228758044823632822,0.01789611103412745013452323,0.6677103602929804759824606
-0.009192998610170142678721383,0.0204499261439940425988393,0.6674900018705296478316313
-0.009860466123887504444334162,0.01252092489921569941346835,0.6717554084943455627865205
-0.007708389828580957704728949,0.01424738116627835386729384,0.6719554627981842997996864
-0.008870798116753392595357219,0.02392911685331802068565921,0.6687601269010393645331192
-0.008255272814017309418455071,0.01687260040492005730428104,0.6691107873679565942737213
-0.005036670158510010708585725,0.01792802305613857422050827,0.6664549733908230466639111
-0.004025939302169491765259757,0.01647708797605334368752139,0.6649404250362632717852307
-0.003891527746961521375818061,0.02391582920341941975728162,0.6669189438823064364214588
-0.002734980472792889610866851,0.01947261699752209085367838,0.6656800105966130809420633
-0.001716029001798395625666416,0.01969609211517885094533398,0.6651678707046538852054596
-0.002353817656867532390890796,0.01887175078639463654539554,0.6687331992925475976363714
-0.002870167549103624406170443,0.01120737544917604910921227,0.6661682167616655991793095
-0.00224814360663169775580994,0.02046269829792142155855394,0.6634691454411473232610774
-0.0004939517637651396350997879,0.01568587818690520344078188,0.6652409217192989387967827
-0.0001939362495694837800180171,0.01545431192869149879254298,0.6642339008952936607599327
0.0004631554095818519751343034,0.02313328312544410750306589,0.6646489876290340159670222
-0.0001187968663017804389495438,0.01306870616357893796766199,0.6630424290055506597596491
-0.002220867703169615049729746,0.006509527958532862652873963,0.6642496158614999979263871
-0.0008820705393359255189894563,0.01059168059887741729363508,0.6626495596387210751387897
-0.003563800740430413810377885,0.003831540897396093232202263,0.66582330076830564813406
-0.004362183062709626066300039,0.007398491816074970715833015,0.6679625241476502273130222
-0.002868610248713377320478601,0.008753087343810141487954191,0.6625260042066355437029301
-0.004091779572092448316600333,0.001808001565511282602780052,0.6639796396230542852023859
-0.005671999910977303625825297,0.002315699395524701154763791,0.6634219384666719676602042
-0.005039735732928238114147756,0.007413062879545328706654139,0.6610472396160079755489392
-0.006626970877517255296973442,0.004200393229139583357867327,0.6638983326298973919321611
-0.005655064986560874237819796,0.007372938890329998849748616,0.6611074777873613417256138
-0.007454683525265577703766695,0.01053581152837556808576913,0.660836304677560715248319
-0.007329961595906289879842621,0.008472479124598223873543468,0.6599864019640759860152457
-0.00996512980873803626280516,0.008989730184706088561563675,0.659604450120348406727544
-0.01247387367700524517244443,0.008334737664161550457775363,0.6574666903157059261175732
-0.01374515640289181508948424,0.006724561864260048503483258,0.6597351982919292812113099
-0.01494474631444784283595961,0.007357302149742766389506343,0.6608304724785263317698991
-0.01700068695877793994997162,0.009099561784989053728200936,0.6607613841585466829542383
-0.01853992564111602014964575,0.008841926861784345226258353,0.6626929668435684872562774
-0.02511161326474843982770047,0.01408550359790940696702588,0.6662373777092139848221564
-0.02199512102055131354538808,0.01558264085741360716053094,0.6573472112677508638611812
-0.02379424669227164432228072,0.01410860164492074540765199,0.6596325022819956584996248
-0.02258666258789982991816991,0.02192850249210229196528132,0.656964771301910777090427
-0.02291515676954587049651835,0.02035273381260093578104531,0.6571411263492226151328168
-0.02237812554120638744437066,0.01996840913671759851211185,0.6585081897272895279371596
-0.01977094285759405101199349,0.0189584563396600347395804,0.6589164599027265145636534
-0.02006256210103994630511437,0.0217484893039388352264929,0.6556485790214626740990411
-0.01765481495920630597429302,0.0276680635938420099728674,0.6617911614221627658594116
-0.01664437898751108119155262,0.02796614265705016366680979,0.6572486176709574356991084
-0.01589601995080036286878133,0.02885725696299739143069196,0.6562536254979843830525965
-0.01418264806947950804061342,0.03317308626353647482698506,0.6565245547132334547058008
-0.01184114701262167432260775,0.02907832737066663730818306,0.6541886515896135900760555
-0.01104307507247722155985237,0.02892847141376638994691994,0.653671876339089075180766
-0.008649992297201347310475761,0.02145434122700612400436171,0.6555295936568347192618944
-0.007894042526734861009440891,0.01831084284351419330660882,0.6541912033119753333565427
-0.007016147521588019658755897,0.02479938396051151183741013,0.6520322965483235089223513
-0.005285116806091392713251587,0.01922599154130645929261512,0.6522121988375030321449799
-0.003996059263428006561036376,0.01412616298916020279863304,0.6528406065288893111997481
-0.002531487514861718163272641,0.01595835872546130448923485,0.6533753215290480920174332
-0.002143690978589400230464035,0.01737667192845953473279152,0.6507235393937637057959478
-0.001493322918438935850357629,0.01866804356971954459432084,0.6508551235893013098277038
-0.000691811888875114755666218,0.00654654166794416646213417,0.6506212909292944379657797
-0.003098502019649929193484406,0.01140323456788303914388738,0.6518151072476567886582188
-0.001638321101502487713019729,0.007913501944058027801065514,0.6526315933694856186164657
0.0005961983202860589997618135,0.010951591365245942968909,0.6491568913198086931970465
-2.929110880634236879684756e-05,0.01498067236319622526352635,0.6480426768943432502823043
0.0006076995609868488358931704,0.009382035301816422923071315,0.6474570753616329943369578
-0.0007689928906635154059329151,0.009443030613105982476462863,0.6479950822067342963705983
-0.001521184482514558984969644,0.008927411772728575251045768,0.6475977697883589234706392
-0.002306030988926128632438006,0.002739954839722380346145325,0.6480131152978320097091114
-0.0007032088407111405491817235,0.003773926122596651944185453,0.6491465325188146007207024
-0.001263239447522386971894948,0.01105861630726625959020293,0.6458162566506231438978602
-0.001385042884704562604625266,0.01126539882277802565035962,0.6450507958415699905074803
-0.001960665447506167429619905,0.01310661981797528116699958,0.6443502459850046770739596
-0.002724683494043692554009706,0.0146099725730960347536147,0.6444306370742750589286629
-0.003733052779064818891413546,0.01468568395590785953530588,0.6445853653671773653144328
-0.005038357768967871401499803,0.008552998642903016437988306,0.6464359148888095818463739
-0.004021620081954534360602072,0.01632391329621547468309295,0.6437767715289230974207157
-0.006246998773050948042251385,0.02359851111652538913077137,0.6423184657471003866646697
-0.004036020336166200317418173,0.01364603492278334759268965,0.6439745046804351558122903
-0.006366546609340844979640917,0.01183661972033227434419889,0.6443904073570873025644801
-0.004898151528445534620692658,0.01511733324752817346492417,0.6451981581858805547824431
-0.005808285183981240669404134,0.02018303427799038665679809,0.6418733125596588484640392
-0.007433157060274558913803844,0.02528284973522769429887802,0.6411386946593093938417951
-0.005330994931895014637968089,0.02526453929952374166667539,0.6393935931910615932949327
-0.007091959432287880948919678,0.01712889101321496063135008,0.6405274859487697369786474
-0.007324793636781354658205068,0.0192356119038143806576624,0.641463188490349778270172
-0.006335000810649758611059479,0.02086639051226868782351609,0.6382807270988958281421333
-0.005976840417020666020031516,0.02447951637900628099608902,0.6386572959239126268116138
-0.006213052460942647056696408,0.02050449078533927993461816,0.637540207421982696445184
-0.006273083048334584209404508,0.01965096713450009344170688,0.6370519935188396765113339
-0.00936830789199245839160568,0.01313080963657923226628466,0.6396360070000109976362523
-0.01097862798219315962067189,0.01184408055590087036068603,0.6389046694096091050241171
-0.01107119544511076837667307,0.01551489343086255058568046,0.6359229807618211882669357
-0.01348345367722976993751782,0.01772495549795347763444298,0.6366294031085054649921062
-0.01250834084756550536321473,0.01198488684278567299734686,0.6357068715846928563806273
-0.01445136693269193951805196,0.009140990633782750118818683,0.6349849147145771866007635
-0.01983554293400337578678894,0.001099703986291483649370693,0.631706681818495208169395
-0.01966137741775190322934819,0.000619629621229264874668341,0.6346407309543607988544522
-0.01973743031231302291761409,0.001341781766527528089658072,0.6365134569553306809197579
-0.02119955462436313650687048,-0.004059383519014420592385672,0.6371126152824791999407239
-0.0250959216971984935828921,-0.005159778241498968673339753,0.6360972061366890750733205
-0.02752645048034886923749021,-0.005549573875466809642909016,0.6362285715450808343263134
-0.02797930540569493543245905,0.002267434279368324943904067,0.6337874679083267404067215
-0.02775908614793117998309491,0.003051584002963026939769797,0.6321930423555625067066899
-0.03108431089899454588532102,-0.003039132313192034317433921,0.6342332345251565639543401
-0.02936270111794452367104391,0.00400372383663079919186023,0.6311220623798503570611729
-0.03122462510426044640654553,0.005744982699408647357219859,0.6361715462116666053304925
-0.0305675504784563359383931,0.00163246370348770668615157,0.6325119377315923108184847
-0.02903832246976243910974169,0.007491698265560563750609102,0.6301406157181270728528943
-0.02771337801170671230610587,0.009635642393993585838596339,0.6294284144439603601028921
-0.02709664716017287297566973,0.001896227159298752035915259,0.6316991763654142832962179
-0.02746469651225589073129107,0.01143749809848331952522038,0.6365500105087975590834048
-0.02438483278524221017913298,0.01026187455315854396564745,0.6294460532533210361805232
-0.02263689107559460622631775,0.004714837193054598717123493,0.6304651943301626815241434
-0.02072924976693470838773337,0.006614241688054868159585276,0.6309017920517576705208285
-0.02004918147986283968875476,0.0116261112470991950090804,0.6285433786565927105627338
-0.01896076607856143902974821,0.00906364006206443299784592,0.6296938395334922278223644
-0.01749384768258659128559174,0.01613458351624769138155102,0.6285648491524067349445204
-0.01665690553683891669822792,0.01468947789276960590176824,0.6291763902595831625674805
-0.01558025985110663737265302,0.01336270134029279334220153,0.6270320230373426229064648
-0.01495975091794479738815937,0.01461961165416172415965068,0.6295014101610432177835719
-0.01357656651355773624878509,0.02125985972282574618108519,0.6278680314886935232010501
-0.01300247400923201616940172,0.01886270664134764504793473,0.6271072099411910683031124
-0.0143701125040361834400704,0.01979404816527445543083985,0.6273346003726071318240542
-0.01380488055416235690375792,0.01709757874696052684648784,0.6267562593703972506631317
-0.01450237331331986380400512,0.01601229913304506521920523,0.6263847737808009297211242
-0.01593998173341188914764466,0.01819369687261414292311912,0.6263661615061809628812739
-0.0183491590716688759976627,0.02259118884255645678948987,0.6264073203217948027088369
-0.01761836598384439872555518,0.01674925503094967446648944,0.6264432322035923261793755
-0.01923043534747159027942232,0.01394144136737452029095596,0.626909389738988576112888
-0.0209188309693157450941392,0.01863142669911373866531434,0.6273922807661614919894078
-0.02147356699910125954477991,0.01538933911373625146312705,0.6284135400565776796710793
-0.02333763083822036621395313,0.005851944349321199986824205,0.6292557627546435661258784
-0.02317460651260241921711724,0.007136620128873442069072919,0.6284103662580087235056681
-0.02463051984419027326533858,0.0085547982458328720306584,0.6300445857347630740363797
-0.02830795927796369779172458,0.006744188038679664425056881,0.6290051220854799840509486
-0.02916970223698086769892335,0.006246695742850212791641429,0.6289966885168687404927823
-0.02849676284649206234322882,0.01413993964826423289926627,0.6259569110136637970498441
-0.02890885205701090171492851,0.01748784238363646284519781,0.6270485209493731337815348
-0.03148296543704679623099096,0.0124318553468101330311546,0.6300997447423665187571373
-0.03160810375442832387271608,0.01109411540513948607467043,0.6295897188526539123287762
-0.03205804805192455364526438,0.009004503162762765577920021,0.6295131756299444658608877
-0.0315703190331737687523983,0.00903798231332335506860165,0.6288203639449808646233464
-0.02958276797736791169368686,0.01143187772676101075786104,0.6278777124278116517075432
-0.02664864293946453410733,0.02178242918041675343920893,0.6275186360926096051926493
-0.02572746522459617990463698,0.01541052122654952560854014,0.6270818625810644642015745
-0.02540892654074361142746419,0.01698906372712574025518606,0.6288381065745272113787223
-0.02394542340868211285909162,0.01744252795601457586838201,0.6278058692854711075881369
-0.02482428777099584052412418,0.01302995610453151938135097,0.6307605386310809469918581
-0.02232629765885891723331547,0.01274432015327959209771702,0.6307455544460622842706243
-0.0204299445875925494986447,0.01364662748030218662742552,0.6307819909145033765440758
-0.01708645747497444800089283,0.01392697968896832762253357,0.6324420279106512943201324
-0.01811423649339967759108738,0.01059423688702941165895588,0.6308231519121003660899305
-0.01553533336494964181562217,0.01779224487109190219746857,0.6280595611821370161109712
-0.0149730851361684538097796,0.01662614820408653271144317,0.6288550910185899400772769
-0.01405404072810331576881548,0.01393176368652670679693095,0.6347480621841097292445966
-0.01199782873380262314400024,0.0132694734676082372326622,0.6355329541716774333082185
-0.0111077634756088731299295,0.01378099213086859259336237,0.6341978020341826338679425
-0.01193091411991071930376318,0.02088005838159527963182605,0.6353610474498928573083845
-0.008546170221696292035318265,0.01790057461110091882594553,0.629254031883379805201173
-0.01056729605314898380596933,0.01895233343966854291928748,0.6354406207727054667344646
-0.01073662463579865000706803,0.01228286055901452872296531,0.63137980062056264785042
-0.01069949805272220853813447,0.02046577513898072825382357,0.6365246794687233755638545
-0.007804328107575966497200248,0.02014612183832668532157406,0.6298338527285883836626112
-0.008461224350952324321784026,0.02299037469404012837270734,0.6303617338573811457180796
-0.007859642659668448355647641,0.02092585449230113109342355,0.6292638370029339789368805
-0.01068469569143341499350974,0.01577594397886435476086042,0.6316874505354355129327359
-0.009848921463346461957488742,0.02112725520743530954748124,0.6331114254796598173058442
-0.0108067496296555889956359,0.02036629080650552425790778,0.6306688569347506101436807
-0.01417323368804029350143114,0.02357346887597468881869744,0.6384132654986283128550895
-0.01473891757181542208621217,0.02291836565458414340379356,0.6366393771794003342279211
-0.01547027081553878011255243,0.016278723087991785883899,0.6296303641847523779873086
-0.01836487273630747762975801,0.01604638279752216081797123,0.6360948711779078612593707
-0.01944281022113334561618458,0.01680839181260172093823613,0.63623051747383241316669
-0.01982720085069656149046047,0.0243258212481260518988968,0.6370934336015537935438147
-0.01943011976335371621127379,0.02251392680679125193887735,0.6317841342179610908402765
-0.02005928908810561406284023,0.02366616406328275398762706,0.6309586982251612630179238
-0.021750032558828381878957,0.02114959435211047691915986,0.6388167140538711930020099
-0.01983730928400912266185152,0.02027273236434929196136956,0.6320181369333016663247804
-0.01932713785350430313325631,0.01624745645887220799052919,0.632443659098309685084871
-0.02029174462766170083938277,0.01088483518541424714676236,0.6328318522083650199405724
-0.01972671633634669186019295,0.02100614860098434094615172,0.6352530262297195751131085
-0.02229627225997864170548013,0.01610197414588900727272502,0.6387910566766374920177896
-0.01790681621884541649403211,0.01615255263013954875606082,0.6334352259756433900506067
-0.01997270438267863268411162,0.0178925401801376150745515,0.6348684677220319816370875
-0.01788760694073473350718118,0.0130553867601327644454301,0.6342633992488504457440968
-0.01803422524141821275955877,0.01787304999121203108458644,0.6358564243150778283464319
-0.01991820359395430825588669,0.00872000867043251290389172,0.6359877228460260045750374
-0.0190660824239829752857478,0.01009950861097556190637548,0.6354303474543939733720777
-0.01652378957741598361486091,0.01558973280845415802786658,0.6359736025127273872925571
-0.01576826145530642667158538,0.01738007827210313882559944,0.6352801811523677288917611
-0.0149227052424235843292033,0.01850218844979759427737953,0.6367675652716315859436236
-0.01456727230748835338891567,0.0167899990275876855039261,0.6360148351687044954161365
-0.01468192307337691168700466,0.02141778121525066830299622,0.6433332413209836841971878
-0.01724528873539789286528645,0.01999476621108821697281321,0.6431354190428674177937296
-0.0119244024216230322388288,0.02009268661187910143262059,0.6386678022491111272884723
-0.01085635967686506518636858,0.02047672243388045515422036,0.6358623556833588041925509
-0.01023224418953946369958974,0.02163115744539917048583355,0.6354044080406522354564913
-0.009709025558597648639103106,0.02333440928419679843974777,0.6359662793368269229077328
-0.009213937975437940658407499,0.02080683303439160442005473,0.6358793283588194400479665
-0.01330821735653982609837165,0.02460176084686611919227772,0.644497831339490456770136
-0.01049501142960543136062324,0.02438308910808004506542979,0.6400376634708018208641533
-0.0102853785859973127086997,0.02398507128205597596637411,0.6368506932122932617801325
-0.01057699576814247546807657,0.03181410255076583953881553,0.6361107665123970633658246
-0.009209007081497898664079749,0.02608215351369649187551758,0.6353076208811611058635549
-0.008450866157029167033409855,0.02391564764052619626588658,0.6355447341472739708478912
-0.007368699787846919035949611,0.0244225514010885901006187,0.6369164712860292398843853
-0.0076644598454631814379856,0.02177260503559769536097157,0.637939804857995396147885
-0.007429410459303568275979401,0.02386432252958462993386313,0.6371657620420325685017815
-0.007900557376784946017611588,0.02467681110657299684008059,0.6367641096718087423411703
-0.009032857960298505684004766,0.02933930616462552057321922,0.6363203877974638045245115
-0.00880147046091797440048321,0.02806292149517364969968369,0.6370789195995442133479969
-0.01032745398732231624505662,0.02434570632076351118233681,0.6375553706359089467525791
-0.01461598448912669774568673,0.02760097028820144432481598,0.6447255150991796357473618
-0.01071036587387864252862713,0.02368070338400932520195319,0.6365091694081039808139622
-0.01062151090192300223469246,0.02733078525259695704119345,0.6366151845492248328994833
-0.01033876273404832693558753,0.02488153275085253426923693,0.6369148452672747096059425
-0.0105284687877490699958738,0.0264683934448116352233793,0.6375335598555663674247285
-0.01276425364084694986932522,0.03006900720492936343597457,0.6392793538956401677708641
-0.01278938449047277610415296,0.02611581458780727962865065,0.6368799649172824928200498
-0.01714238880666356726334421,0.02600989618120393490063869,0.642640277096209744378541
-0.0120235229660629709680375,0.02206594328319531894688765,0.6356381580954301169228415
-0.01277652998314530129186917,0.01877569033819865076950784,0.6354438405503104458915686
-0.01328130877070991637534103,0.01904041370396399382447505,0.6384785058215085573607439
-0.01343101590061175805435045,0.01854226094924103437899809,0.6364403975084030884445951
-0.01344365877889739172013073,0.01772824020216168597330331,0.636071551037700633202121
-0.01411899083683276594214373,0.01533150297817792093169054,0.6383101481501340934698874
-0.013439335410911560156344,0.01738303798767121613466635,0.6348849420098476858953518
-0.01561601766778469325969159,0.01799396880961767752893365,0.6361910373560247800028833
-0.01641093560026010353403159,0.007959736562851441044053047,0.6379897160553015256212461
-0.01696651577210121081273897,0.01631392027826915336330416,0.6376703356946916700920269
-0.01837031040958125860385053,0.006352612511989771428011498,0.638088691866222745829873
-0.01749109495510208639457161,0.02003326415752956779492422,0.6363214467768013582471553
-0.02077152105896877890001129,0.01357353029095998558917202,0.6395804011991107485002317
-0.01958456754614145561843586,0.01526834231336747678409171,0.6347530343657586948680205
-0.02410976707959744738674068,0.008182811302425924485093311,0.6356278771339192168454701
-0.02242669185861561817474374,0.01275885653957969587124488,0.6356718199615288833470572
-0.02346784103750772232377386,0.0133099928607874670033473,0.6437830032376141708994055
-0.02522192764052874278113414,0.01307679783034546017184141,0.639899617735839809640197
-0.02500883514541441324241511,0.003334910780029867478219119,0.6370729101575682840064019
-0.02467982684808145074639718,0.00411851322800461938644645,0.6386749791537154052889491
-0.02575867784914550456809579,0.003516602859364720192608678,0.6378057130804946073254769
-0.02642800916281106554661662,0.004067417422246501906846206,0.6382135967639761542358201
-0.02416965206627865250799125,0.007221098224263043478809987,0.6370928100123757209516384
-0.02569701361107365467084662,0.006364916312325682654083003,0.6382814072165824414994972
-0.02337349440599321981348879,0.01209808241565161514297078,0.6385549433920534312392192
-0.02502607293092369913911632,0.009736520450112204697057372,0.6374369339491429142796619
-0.02474884290946936793442745,0.01102176090318837849146849,0.635430325243987237371357
-0.02227525889355220362064713,0.01471877401414876940233256,0.636631585999269500319997
-0.0234427450900676730138894,0.01187843584852218969949433,0.6380166046241091404311874
-0.02298508300805705145686275,0.01378385390827371881350416,0.6394605720311559160506931
-0.02023083039612161640463661,0.01621047800050864906573622,0.6397433262928043928852162
-0.02127518757758947026692553,0.01383650014995789316596397,0.6378606309411495312033935
-0.02160729168722873641539373,0.01694846403811164914365861,0.6377615976298451894166419
-0.02171118770556743765576257,0.01705295644916757571984967,0.6387807459740880711152045
-0.02065542906493439759274544,0.01850191524664087858176309,0.639256993800743966716027
-0.01834826321842184665422693,0.02000355926142931631273036,0.6388785781118552220547713
-0.01864780022773345966036196,0.02845336411193902237393161,0.6358054648213964377134744
-0.01824095465124974183024342,0.02265203990213570522938014,0.6343233544935520384910888
-0.01945930670066352632940898,0.0201904200794646264405241,0.6354867637655277068375881
-0.01866402674213958612359221,0.01844777208203708662725973,0.6368245539065361393582521
-0.01887941343802360463777212,0.01791323724742712245050491,0.6357517388964019078301249
-0.01740822997449538445113859,0.02623543887531864723938746,0.6341291665813080236091537
-0.01706068689898904144897074,0.01753194260715433203112745,0.6376506248053384062757232
-0.01850509636954484476989435,0.01778703719882126360607444,0.6401137804324998903382493
-0.01711544116373855603518983,0.01818869422605039545826067,0.6405537068518623033952508
-0.0187187148434145612940771,0.02133002697084726562160029,0.6372381553883825766604332
-0.01917134354309999941246012,0.01173503802598828936465392,0.6388292708693227295313477
-0.01800101015333845436150462,0.02207085089016076057122362,0.6363408666316850981203856
-0.02260492558259446713164742,0.01823273074029095261461286,0.6404689320559602272453503
-0.02057776917982625033975985,0.01374923140758867526334264,0.638209128140622916625091
-0.02172135913702877632602828,0.01264074002963738903304591,0.6371384165730288318130192
-0.02379584976763018944190264,0.01279382724528170880984312,0.6389310859913610585181232
-0.02836743047060053327101947,0.01311599141339544853657184,0.6395306367269076863735222
-0.02836402944238074902427726,0.01466825772248863367364091,0.640692167372963528038099
-0.02587058656049709762236866,0.01561993638515900111041201,0.6348191967383515210698874
-0.02857335853338554068625577,0.008072854073718944978299561,0.6378399521301802987949259
-0.02834648490038963603021571,0.01130145740311774664454969,0.6390843016248961561132091
-0.02771108638810186944323455,0.01820855422689979588590781,0.6356688289291183568963106
-0.03057510319754845259931919,0.006313037505963240564321737,0.6384959324808083813707071
-0.02994496260744313603785471,0.008685489144687856544191362,0.6391978509536724306627775
-0.03146336943156607945937253,0.01294590071257936680915179,0.6388912184080767220351049
-0.02868291561298558223214172,0.01483717031433839060594604,0.63970171005650344753235
-0.0306458144892485344346067,0.009085399853925826829659229,0.6385506560257535602076473
-0.02940226070811120459569388,0.01516365404065658090138058,0.6398508044329334065736248
-0.02927462430932120315829614,0.01480924748955152192575468,0.6380496447816066396541146
-0.0289503810798512097035573,0.01543047254380034392917675,0.639352101267187555855287
-0.02994217924585466580889026,0.01499237968882792537694826,0.6396218784439333671087979
-0.0336676934026135868394114,0.01610235206412098316053338,0.6405248737859265961702704
-0.02980511430589036919736046,0.01056521459082184789812775,0.6400905851281093461579985
-0.03139455254724220212292352,0.009889904220856022415420128,0.6413631188342285849302016
-0.03105110253353271163034854,0.00899360692246113126169238,0.6401353430497593866022044
-0.03281124448365228818413897,0.01104406152728879160485054,0.640005891814216409940741
-0.02932135647141699205664445,0.01290650266617640075372808,0.6374454721167349680044367
-0.03049615960891823365774833,0.01124783664181407648319233,0.6408542807260337870189915
-0.0309488577173513586260345,0.009082329150390734684439309,0.6384935157088481583187445
-0.03022170818872328343362987,0.01297712672279336364178359,0.6393262980339529111262209
-0.0317877791079963847864498,0.009002366724713561224602287,0.639999139988373544341016
-0.03061721724338121661257439,0.01390601394704862013573798,0.6379217420123353132765942
-0.03185470704549030196428561,0.007405576169889392136591599,0.6395800920969755276601632
-0.03190541673467410521691789,0.008356772039342996033495226,0.641572187057778187124768
-0.03155336082649779633202414,0.01223586019673128175155874,0.6407773502037955593024776
-0.0312193870264004073866726,0.016168699861736433864845,0.6384469157600430877508302
-0.03056006366656933287417885,0.01145445466986269589249048,0.6409412088750348068799667
-0.03175375714113523595294453,0.01312951617114205792036241,0.6418162076653166625561653
-0.03124350805839552422393801,0.01589862439772928362491378,0.6396963177908727704590319
-0.03257214013920427253534484,0.01328546749481936475878463,0.6381161616906897426915179
-0.03290891446380525553472296,0.01477088942519849679158028,0.6390114772555639532924943
-0.03202529114681884614412866,0.01612577602141643251520975,0.6397005206265012899891076
-0.03315481333416076675790762,0.01637810689989976226099699,0.6400297108627742703745866
-0.03250166285850117353639632,0.01893143227493227637170392,0.6369239594586127983788515
-0.03201346679760877500520166,0.01886684470665418722479245,0.6399665600424648825850227
-0.03198805808623719076910774,0.02185335872924732900091094,0.6381878335214274944320323
-0.03097091947091443545070355,0.02340153121587318016394441,0.6406584468289092670900686
-0.03054837692936477472338552,0.02259702686863588119714485,0.6397149446661248850531933
-0.03004382089492229485072627,0.02411173512349942468779851,0.6395844567710563532969559
-0.02839051196795135123540632,0.02487825277433355908307533,0.6387367118433664447962883
-0.02666591765757745161047332,0.02650456429829916790708033,0.6377986929065653232129307
-0.02470267894857136256603347,0.02700311819828335457849278,0.6377611838299266366902884
-0.02043603345121987671650921,0.0358515048100676234077433,0.6361875832271398634176762
-0.01914247471115706339395146,0.03321526229249888162442517,0.635940596899637444749942
-0.0170069706941823502177602,0.03202391897250134178420922,0.6345339176778879153317803
-0.01505055635438466883624375,0.03188659682966069747189763,0.6389341615932747631134703
-0.01279995172607028067202073,0.0318034464633245791964633,0.639729557682027771825517
-0.012877153055074794241186,0.02685735676012700190451454,0.6387681202467100360919972
-0.0109803614140946276256372,0.02869381740213801379457692,0.6398072695871526160971143
-0.009701799872058320187151459,0.0346552843420602357804583,0.6352522741596376976147553
-0.008229933711280062666459933,0.03328403547250678023994297,0.6348058667002522970079781
-0.007650901786073804021481859,0.02519777838998496499733903,0.6385271584147177437174037
-0.009599464408682763238989111,0.02520538963921818698121768,0.6383596639714204101778705
-0.008699577983314705706407999,0.02727594687414199026154193,0.6388906053019171027429479
-0.00884672306234613251008092,0.02158774212071200293561191,0.6379791664391867289651827
-0.01007834615901113256564159,0.0201380948382529033346966,0.6372764155208011649378363
-0.01004277731423368347218883,0.01977147796725045938992515,0.6399409993553318853898304
-0.01116226641594000520973928,0.02103881755272113060484251,0.6372126988377163625543176
-0.01089144686997794812810536,0.01719428324803644672624792,0.6373835565599966779259944
-0.01116570498869758065740854,0.02285497344439310629660156,0.6346340874394994502338818
-0.01474360270602181888222049,0.01412345927468012032890421,0.6365012367857154629291472
-0.01499176795573374174064263,0.02035160817224525645063871,0.6355103908022056158344526
-0.01636917220058461269749372,0.02228103352382144325405378,0.6369700283025720999319219
-0.01818690049049568810413113,0.0191537588704771173653274,0.6364473676961184267497629
-0.01872778302330514038631648,0.01589801021379549580969659,0.6385649535272703847255116
-0.01990914932435844039715356,0.0142986748048949483674841,0.6405552130324593251842202
-0.02094045808750400611275566,-0.003065446667147534581809865,0.6344048681157166136301839
-0.02414262438160024587530117,0.01131705149239095251068044,0.6394325173823017793850454
-0.02001149687941602972607313,0.02057992099064962984722449,0.6376114919786527446277091
-0.02364955483821641613051412,0.01211546071200478302820613,0.6407941011378904816453428
-0.02280755380100720278169213,0.01464641604008083686228048,0.6395623948958141236076358
-0.0225971418971615684023746,0.01214120986980291375112451,0.6390280356098790859320502
-0.02030378923346865330246125,0.02181690149077185683634816,0.6369593999032648889979669
-0.02257677224080928066185514,0.01132846393420022107489942,0.6360317710088085885189457
-0.02037568424368517427947012,0.01670768803787540598970729,0.6388698860553098102244007
-0.02040190945152183660260548,0.02425965533713995633813276,0.6395114813140797549451122
-0.02004521733235014105400928,0.02063544960336344269435926,0.6393999833574542934755414
-0.01877656985090801408655459,0.02413964943690825523670007,0.6449493213969326177448238
-0.0151281978041460148792785,0.0142734594196162745127765,0.6375189917086224733466793
-0.01265899811548487630119553,0.02308093223066564822487656,0.6351519880438927234678204
-0.01115691470166428611587861,0.02802813476840875644979789,0.6366467635168383543131654
-0.0103666024281573333071238,0.02081713703495984002511676,0.6391145318280717635417432
-0.008787028152744626521841731,0.02533292213625564989754047,0.6401352141625398228796939
-0.00618518325232839550481545,0.02757813531579114685321485,0.6393714700178801946250928
-0.005470039132344088270154536,0.02896510608948215867441967,0.6404255079633499603275482
-0.002721113382814009055282733,0.03364546607231590213960004,0.6372048772411282868688431
-0.002416258708055362292715929,0.03654707754524808699381211,0.6369405675750555717584689
-0.0002398080876971674178354393,0.03682661453324581612989164,0.6372288045878715667669212
0.001551106183840137136414894,0.04208274826455736528085794,0.6380230828103452545008167
0.001371542168931774718920735,0.03510305642108486889885199,0.6392942331665303345999973
0.00144309720396526824232053,0.04307191258295946928447151,0.6428549161669815381614512
0.00326478818348761900061672,0.04798080679153172989348519,0.6406681859455183314366877
0.003622970165582856116870403,0.04808563860655788030351587,0.6394833474025588548883547
0.001781998499728214020026984,0.04391775840499313743325871,0.6419213405536491334757443
0.001831357130096945623129456,0.04712760976209963426075689,0.6424438635678093589831406
-7.29947002916781748126443e-05,0.04827701846889988213096245,0.645898441335304607235912
-0.00160774001730051678549227,0.04727606172339667706117083,0.645329673527345493155849
-0.002338880453925060512454515,0.04459722266343164182034187,0.6429981817444437863784401
-0.004885883908870976462257563,0.0479814467085424856129805,0.6452185463962800682224952
-0.006373451320614838093436827,0.04720367678382124398961395,0.6458978298206798918101867
-0.002083718760039736470762728,0.04938536640641265351714395,0.6470778567857952134900756
-0.006555428599601641204142055,0.05326621127202856020854682,0.6487584114100584109507963
-0.006505547479285231707302195,0.05014590725443287405616033,0.6418478194966676930732774
-0.01033264936679645536188321,0.04594991449780580494710591,0.6481866684792567667727781
-0.008290596494411975672655934,0.04801487131123503837581978,0.6425736188139120619311484
-0.01176517812353876542286191,0.04234044263493385445995543,0.6442219753450399988281561
-0.01345489004620919158694559,0.03949597349540364538134085,0.6445805444022517649571569
-0.01256655707881859478092235,0.04122327184802818816899972,0.6429000010579342117011947
-0.01360203148096899086749723,0.04158211554559772954453578,0.6434684632357835498694953
-0.01666328126096888739837709,0.04524745904335693985620637,0.649038050015479761611914
-0.01412300735653112572498546,0.04420118405005491607484558,0.6494703913996396904551034
-0.01772200514727241202339592,0.04255526452468103015824852,0.6484656765223616448068356
-0.02008545378282429114125129,0.04131637486795452368637527,0.6511524782723426829633695
-0.01629460410159410191366369,0.04326582904334957263570161,0.6461768821225976067168517
-0.01713142987580850915008135,0.03393128372917090379567995,0.6483909383650380275909697
-0.01758872006394338396995103,0.03816342179258631894800402,0.6500133160348625649405108
-0.01712076054229750080026839,0.03668384445722330106098852,0.6474274412826327429471007
-0.01769495090754291330426007,0.02794661572607213748109523,0.6465875184879289472306141
-0.01622725585476425189113137,0.03547373995145472469481263,0.6498137306272571134257987
-0.01174046098654896348734145,0.04305035288748903371525145,0.6478287730661704824086655
-0.01376090122849724269038507,0.02794733772544145955496475,0.6476285536028937306340936
-0.0103191774549140410227599,0.03275688024324189401292884,0.6448216253672196529578287
-0.009585105769948100082333831,0.03042906171715109228670393,0.6470436980869530563253988
-0.006931470404270957327841352,0.03220069200506150280949313,0.6442750724190869915375401
-0.006859415584968037334079316,0.03558622463927717943787954,0.6485517981940051024380978
-0.003562100017338520278192826,0.03260444050129157611550568,0.6459973122087070418473331
-0.00227901989827248869363574,0.0302580596408614198311593,0.6442590961241869695896867
-0.003982146123500877703260681,0.03540841184667903318583626,0.6527530502973826198598317
0.0007775613231889449711992102,0.03442387116262980023551066,0.6450626678862362295419075
0.002589334970763775781860128,0.0323436943379982327906319,0.6447832966280728772545672
0.003901154419736316009831301,0.03535267420962811407703086,0.6454414751558561480493381
0.003098236261887328535369335,0.0380104330589745575963434,0.645935491965472396991288
0.003995255957292315369955293,0.03410974458843196721602453,0.6451079260502231571550169
0.005612616467777223165647182,0.03325262382992993925867609,0.6432326213100916234566284
0.002827065667390870132291703,0.03885389247456575573247406,0.6518556940390440868071664
0.006033772493493574744227725,0.03288808465460902469290616,0.6443040369756640739495879
0.006401642088618439765945745,0.03616308055348228800429666,0.6437796022758929259666161
0.005980434593222591459216186,0.0414563878557445003592008,0.6469888044964566820027585
0.005905318223414958087036375,0.03555734847094016437552,0.6461867195373376393519038
0.005335361524387932652402355,0.03592989433647580943542721,0.6452083789730627128022888
0.005450565360425585308135066,0.04171425244331810472386834,0.6445363719241091748912709
0.004490823350941497774102551,0.03972754450522477526197562,0.6446670054091135915186328
0.004017081928971505226655392,0.03778187277486341755228239,0.6451871577292397352820785
0.003855892712591970326874158,0.04276181156760620188928002,0.6430633911748336872804543
0.003804733833142060362569881,0.04141094862023916162163673,0.6443731836915079780325755
0.003507372248734031989353399,0.03891416003657266475812548,0.6451041405704147635447043
0.001431817411820957485976691,0.04338675972179305978526642,0.6447043086085734175938455
0.001378589580629988042836942,0.04423044381147370890383641,0.6437476222017926019702827
0.0004924900531611089201516895,0.04798201334116004163066194,0.6443090206312602763460973
-0.0001689428946731058871384701,0.04646246156862469944837102,0.6468365388187293785193788
-0.0006647934202392779493712149,0.04799629087854912629085291,0.6470411638855364522271429
-0.001292990497092934678094456,0.05131565096338833870115437,0.6531978421729198736045419
-0.0006758412149833197164749965,0.05074182708971223393357164,0.6441940080193582218726078
-0.004904682001078887465528311,0.04752313176836553409998487,0.6486221218872074700811936
-0.005431547759286157496527725,0.04601623953259331711862501,0.6489324985519898669750205
-0.005919558590617875898365341,0.04731355753284052084728373,0.6472616757580688107154288
-0.005679035452673598070860717,0.04620797983654290064237102,0.6495222046669938409380052
-0.001775386636215582278341962,0.04780541121838946527766723,0.6425689610566720499917892
-0.003390523347994718432463213,0.05162510646551513038282621,0.650031067645438165314431
-0.0004207193724697637533804784,0.04704219656602998816952166,0.6425373378784076106029488
-0.0003926227659247851528405426,0.04515232842249366357334495,0.6415767892871083732941884
0.0004793434997965932936429823,0.04589971044496042595906005,0.6420568768009309312816413
0.000442083009070403244299835,0.04452290563468231515686924,0.6422177085641550542405298
-0.002267591641673820639785175,0.03991646637003774117369304,0.6464812439891879369824323
-0.002943903459622703930320675,0.03877427783961814172775107,0.6460714417319228797254027
-0.001871970711408310660342491,0.03711609329930142670006532,0.6456228337435503394914349
-0.002023223752741753252853973,0.03579108837906194023892326,0.6462910287611485227188268
-0.001182407990222837873908746,0.03697296756754776120290629,0.6454685160805500032665805
0.0002224618970848420357669384,0.03119808698121962972638066,0.6413148730178748202490624
0.001188967166087231833518367,0.02755195119267438499943701,0.641541416469426417634736
0.001094842636856523413954601,0.02907367588888574300165502,0.6413838867767702733857504
0.0006785483370825082368935077,0.03236601585776103379155089,0.6442271511439630060635864
-0.000637506078728964026627879,0.03132830928336736986405953,0.6436001747626692859327591
0.001337145146134393301762255,0.02620602687299950286914374,0.6408931268984247031639256
0.0009276225675369784758744762,0.02552174466475722394709358,0.6411929979380355248963497
0.0007774026686985071113444867,0.02485482571766739132157475,0.6411855722219057529542852
0.000753430110671108156997211,0.02512027684565928259408096,0.6407159829432303999041665
0.0001023822205455805740099626,0.02450068449435881257070236,0.6389194010221612707312033
0.001083126994354401129161403,0.02540694905736783082428332,0.6392054158377232786492073
0.00124869709636700877523896,0.02425684928058697079067407,0.6377494749679329943958805
0.00284667081113363111197212,0.025440611101428169810168,0.6378195802849268014611539
0.002587426506647015449213978,0.02637707155666406746985508,0.6370257064729898388577567
0.001654837722762762548117665,0.02705231402568248483264668,0.6358281675754805517541968
-0.001333700176819884852114084,0.03365840338516389029788201,0.6385287151896157364916462
0.002031706210433908022655602,0.02751295998612566726104767,0.6363790365417443251061513
0.002131441467186047204751542,0.03109194019473442149870124,0.6363759670740936069677218
0.003854042998661683528532906,0.02882706674623987386230084,0.637165343813440476772314
0.001620629873922185435961008,0.02935121210938957878044953,0.6353064088371376261221712
0.001077923158591794373234451,0.0343427763170002994796981,0.6384102753958762477282107
-0.001506961652901221389647124,0.03288308568057689978969549,0.6371422985325360111019677
0.0007987888927284649736096367,0.0313688438594178983787053,0.6349757856491751173422244
0.001395147935388542457385563,0.02883940001513175810377021,0.6359239057486612001213189
-0.0001764837859626242587418599,0.02776617074406841079170505,0.6346604410343448243736475
-0.0002978591567827139092311528,0.02896583718470608151407397,0.6388001015798132620204797
-0.001581500744421866170436042,0.02988609967720362581289351,0.6381864953504339244005905
-0.0007929381494608272627419576,0.02419605442665545558256213,0.6349575937353828525289146
-0.001424799905908686855141032,0.02241231824941709166454373,0.6338410976298837207210113
-0.001774009398335040952818242,0.02184088651415526383114951,0.6336604917480562759735108
-0.001995371257825128124413494,0.01821144441248715231673749,0.6340177167025839999325854
-0.0006511571029318377222191994,0.01939744236454156445237373,0.6354323178276259920238545
-0.0003567267082944502445615576,0.01632781823977761878619042,0.6330083024708424987991862
-0.0004961022336605269093118276,0.01470519618148412484270882,0.6325250497126196913555418
-0.0003714699392182071991351522,0.01350806938897550213418697,0.6320253319386295309811885
-0.0006501807781310855929163273,0.01755893038370542197368351,0.6296406064103748922988757
0.001572001751869464862207404,0.01413646554391492261848473,0.6299552636567069541229102
-0.001122269353741313542560665,0.007933006439211472138328674,0.6323557183788797164680773
-0.001002703160021887422020948,0.007473406783956079886543922,0.6314635525452521047640175
0.0007101982401858373573910743,0.008265367562268473994313567,0.6311745476915486818825229
0.0005241035784429000712880686,0.009724578699102880835480889,0.6291064104471139062368934
0.0008627544157213816629348191,0.008795436224790053117428279,0.6293554037374105014635006
0.001603017327216095999284362,0.0110308813960443823781743,0.6311510209832481566039064
0.000240707296792964632820358,0.009464395059105963625700753,0.6292730144310776374538818
-0.0007142635683301034937517371,0.01275697885095240964592467,0.6286670376425157469313376
-0.0003043422766492010866738738,0.01457682244072715065097423,0.6294046653270288782522357
0.0006391866854330010769280612,0.01364035148911281122852124,0.6276114527123187736279419
-0.0003825204400530004579528143,0.01430261423389237764036697,0.6284945932536449841876447
-0.0001747599380932762346951143,0.01357351141748085188165618,0.627635770393107805809052
-0.0007341089497988643672310438,0.01510844174395744969607858,0.6267959743260662630603974
0.0007596412186604500167350085,0.02067483872396718574959706,0.6280911144161718251410775
-0.0002855358874733681870394797,0.02039697642158279713986424,0.6265243783578081648855118
-0.003412817762626797930824996,0.01765315227458772937008114,0.6255835845743215051228958
-0.004209187148582965026788472,0.01624479459677964990338417,0.6257159172887213349767421
-0.001912420681215532729593787,0.02838268204704638697499774,0.6313153812421609112348619
-0.004629558429349363117555338,0.01779082987968612361573406,0.6245230997932554872775768
-0.002775501169393874457969051,0.02276488348147311102653845,0.6260626538353504244582837
-0.004962473988651665106341948,0.01826130979616793700848199,0.6227898326476499768489248
-0.006725518068334872257008072,0.01940861339396538973178785,0.6219131532313867394279328
-0.005790163148073931669024272,0.01754167719376716755297352,0.6221159454400463362233609
-0.005573776529883295131895249,0.01691317228041742948274617,0.6217773135021139596645412
-0.007632168050607307345500896,0.01768491415991444923316855,0.6189174729923319073776611
-0.004220843915201941305703759,0.01500167238447424125635798,0.621191231737047155903042
-0.00504483203713672768292442,0.015830961724015088498696,0.6206881153529723027517662
-0.004616167716275814715543024,0.01883368058958100402233704,0.6230120644260157547478229
-0.003821089135946155977696659,0.0167511437906833100808246,0.6235996890550133953112777
-0.005778393117883836964387978,0.01782903122042004198655185,0.6212462920269298249920098
0.0008863034126862271658980896,0.01822468293438922817828463,0.618641022560078690517571
0.003112455778903290906645118,0.01421003645937662408782476,0.6206311954857038903909938
0.00248648098000361439732786,0.01032197124090083496794623,0.6194891117819643078235003
0.00615614543130665360648468,0.01480557028334409178094155,0.6202698604033236584598399
0.005604805681333832265145212,0.01156702355535489494531287,0.6190848340601811106154173
0.006560081819740154820963518,0.01047018237117019329174283,0.6179914938205149921301995
0.00960949825753162900632276,0.008668838483376586911965944,0.6180095570511925373580198
0.009408708412250769981266529,0.009149453349676517008304266,0.6174918791942810569750577
0.009939107181407806287931628,0.008904050302089183688281082,0.6180761554323326301130237
0.01179637426595211806279462,0.01303495605518596722749436,0.6205132984654111449884795
0.01340264062631765090705116,0.0144150579216220445233354,0.6193847159330628793227902
0.01258972472838743549006235,0.0114376471520501055839647,0.616112287692949789352781
0.01274312851493041021111452,0.01119508301855946623415416,0.6160834978716307475110625
0.01267039007666215591485503,0.01198502064716985837655727,0.6167285982791681497872105
0.01306698669844377075355268,0.01885816355155717910507818,0.6181179316605450724253501
0.0120889581805084956461771,0.01671422860273063040748021,0.6188189729459256938071121
0.0126937696810156229465516,0.01832944897321967317460611,0.6171159084788215842820591
0.01112556216331672849506607,0.01605758709394282390814368,0.6150238904530122008296189
0.01104074877493507224335278,0.01978307354911042204026472,0.6178991502193532658893105
0.01090537940817772749602099,0.01871177392174880674269311,0.6187162156862372475174539
0.008273822257718312089824764,0.01720712643874464445326034,0.6163900997439391016285981
0.008103655416427083327257641,0.01735399527059159480169015,0.6164581619256656042082909
0.005963557441426277014318025,0.01721328288553797963844616,0.6167261095823332039955744
0.005138917579644890036572047,0.01704690712372750743819338,0.616505899581872629511281
0.004132862734796496385902831,0.01702910996222766967789219,0.6166795562054977475341389
0.005203930006506259781096091,0.02182131365192811062181377,0.6178862433627821948434189
0.002844864509066727473879377,0.01960821284212206638830622,0.6168872888759746597742151
0.001742325626439710515094839,0.01983165304168680448393403,0.6167618212134975408389437
-7.931644801181231122823301e-05,0.01595799546115691733283448,0.6162148228543437022963758
-0.001294034136990090174540446,0.01554829477326223792499338,0.6172770304225497772776521
-0.002137019798944063235512925,0.01407333115170774848201596,0.6187142828945928485495642
-0.002734289631999799706496557,0.01465843966614246811352995,0.617946916602092777281996
-0.002577001630666381735978998,0.01073040340547711142538123,0.6163948497650193480978942
-0.00212680750275147986000368,0.008626538915323934270107387,0.6164973300319791515988754
-0.002875960497482914560163358,0.007192105859967718416159155,0.6177126813303028818324947
-0.002362416292276101753566664,0.005508240525556424953268486,0.6178185955240834692503427
-0.001749151250166168817742895,0.003652063644955402550024148,0.617310713370550101508627
-0.0002321355975213922680656237,0.007196881473294486526726121,0.6190703829963164483984883
0.0009521134450153340275310732,0.008268296089676602581008957,0.6154134642529648369091433
0.0002019197451198045912493934,0.001951055234548135404459845,0.6187679828584411456660064
0.001004989127621170978688081,0.00119469971973902122468203,0.6186858261134923209212388
0.003453833983244105829135684,-1.859163958776419199939167e-05,0.6197040508146214321527623
0.005368736016308785739814535,-0.00134870064792786325744145,0.6187035180334456985207225
0.005260405042592278777868753,-0.005410634223520987412525685,0.616722907112479679092587
0.00626993828856819892386687,-0.005873749417478601325681709,0.6174835439454031682515733
0.005825688234592495476360519,-0.005334839552431210225880154,0.6177243847120655884097573
0.006493435353861017403365175,-0.004058293879989255219242761,0.6204224515299845421623104
0.005608973160376467918808441,-0.001564816970466264547598434,0.618205790183645964575021
0.005441478928910172332966688,-0.004819201857282513594415985,0.6203259641992392436904424
0.006037769233760678470879224,-0.007558051732821722233646167,0.6170693620493248321423607
0.007530607056842170653199187,-0.00485602482214761693030125,0.6182169703178006514576737
0.008733766804254517596151075,-0.001475884246075710379275669,0.6201925564966196402494347
0.006477815865294740856061839,-0.003205445672554574007562245,0.6186833794901070993077496
0.00671807347671872154282191,-0.0002866305180129859794119218,0.6191074873438702219630159
0.005279849719956992114278105,0.002580442354807639931263408,0.6195960474594661704372811
0.003505634650005828335805891,0.00448482747432677603116602,0.6204442234873814854267948
0.00415523091153589905349941,0.009688722401133723766131212,0.6217986925468812486883508
0.001682957080287768303339391,0.01529295070337372865199033,0.6194829678278291895665575
0.0005506754673471957010899569,0.01369483870501232367078437,0.6219950950706177872362446
-0.001430356001415518558961271,0.0128935720100527631548637,0.6209433214792386968028381
-0.001342865049314665793281365,0.01772492663383838304436146,0.622502497566850609977962
-0.003459967522520240174044304,0.01678338187920948992859493,0.6206962133823764604656503
-0.002933685023871863365579893,0.01791308900839739398636041,0.6203040437278459773295936
-0.001744901599215884467619642,0.02010313307575973748586584,0.6208751391953727383210548
-0.003728744348037351091090796,0.01902062255824316441832345,0.6200017240227050363543526
-0.001581482100018193103288522,0.02256519397810524685255018,0.6214048555978346488615216
-0.0008740045772274068801646618,0.02437905132131641325332616,0.6213079444696539832548865
-0.001731837912236789105840939,0.02350389990510932947120892,0.6216733410241583879241034
-0.001717478814420221513298292,0.02422856785032812335090036,0.621876256068116139985591
0.0008280592013815006894802973,0.02249852965315618513741924,0.6207249643251732118542918
0.004240167908263189032458396,0.02087414335844466062308555,0.6194814294052600756046445
0.005879044962038572873230802,0.02430468660412478734689223,0.6209742911753708405342422
0.004941194124475522218842283,0.01868107031130899001181156,0.6182417834203826068062426
0.004822357711953067019305941,0.01778296107071574219671284,0.6192391253750505475395016
0.006177114463871079610979287,0.01634425762847795463028611,0.6201341331148866320432944
0.006248941547514294363174781,0.01310652262952032021114945,0.6180877415258214657711733
0.008149046554606629785832972,0.01699406028055013354038927,0.6208092464804912946618742
0.007875928442129790166270631,0.010399638167956005985193,0.6196772683988428509493929
0.009337728921439173226937136,0.01278576833884703840837904,0.6208934566327795057105732
0.007150109828806227620090485,0.006572673049590228855354468,0.6205108790609967783780121
0.006530400042478796095168914,0.002516487590727551487690405,0.6197214614871465743206613
0.006879400127514522303440181,0.000543058587061509990406849,0.6193154003100966864536758
0.008036303357619777390508098,0.003743617002008503471394141,0.6209113821142858702373246
0.008263280320461696693001841,0.0002411120764227695390403278,0.6199612133924269352647229
0.008584014967569357154597576,0.001659425916702093970617193,0.6209109323826429438497598
0.008509496258201744781080045,0.0005633992515953783379936692,0.6206429597554885546628611
0.006455381191095720463946073,-0.002216799644027470442275707,0.6196478486735991220157871
0.007705026594257462918546864,0.002399482022058906875022766,0.6220492482477691931208597
0.005209634004801962092745526,-0.001685782695033861879746473,0.6199478347899557428846151
0.005746093024396944394516229,0.002362187490672762370941262,0.621389794265401973483165
0.004343320933797326262315597,0.001419851256361420992896383,0.6200039303621517339237812
0.002743851050849073491821883,0.002143500681637713727034633,0.6215443956252933999095944
0.002166684470159214830065064,0.002797249530323532833858691,0.6222428510612767471599227
0.001657781506268490769734347,0.00492762174744145950433527,0.6219607252140160191800078
3.460644059430173860320706e-05,0.005902613202759403147890094,0.6220555692972209449465026
7.299329704431568269663161e-05,0.007609027298164761955734381,0.6220918758516453817009051
0.001821535545344060702532829,0.01300196978435235253823699,0.6246396275807261089241251
0.001954253095170712436340343,0.01388866666106610900377483,0.6235766500945565393720926
-0.0008248534705011993737461262,0.01201979317537015673478251,0.6220770557668465761125276
-0.0008181402301921211935031852,0.01456192685317846992332225,0.6225541043710440813896412
-3.380578533753297306796784e-05,0.01631770616956099845262784,0.6223700508734427705448411
0.002156158731151902943623533,0.02109744173345018750098667,0.6253598420584309813818891
0.001942923913474617824900803,0.02001295495186315373525865,0.6232764743492087422538361
0.004927745640404994527383753,0.02231683995906812850718026,0.6233055004287589850875406
0.004977430722659228166937506,0.02161542288042343426535119,0.623837710869235229083074
0.007007540343910822165651719,0.02183434497335752857982705,0.6243527580253881437144514
0.008438978455698737182744118,0.0225393627649546762770072,0.6252947719410124616246094
0.01086315087697815699729897,0.02197187055211326928150228,0.6232137258041426930432749
0.01093908291591335138481789,0.02232834495352673323531612,0.6237373208280695413563421
0.01204155457098843653995779,0.02230110076938399479851149,0.6237697466493006270837895
0.01428229131173413407607242,0.02343055112679696613819935,0.6261299194322955674607556
0.01187728077055338199441437,0.01960704078341091519122052,0.6248202117285085455122839
0.01112057722363966535961133,0.0193240469240571408060525,0.6249549098399117541546843
0.01115336874661277885567578,0.01613413302334768331669501,0.624574131000977472716329
0.009113457861400994092226924,0.01397898642332829309553599,0.6245488780353393165611919
0.008781597361036192622707475,0.01351264775677303575651678,0.6251925825727023822153683
0.009044787773532746849580732,0.012638453693164656763126,0.6254083004746503471338315
0.00728272667796906261750145,0.009996588357992365614368424,0.6250533484199818357041067
0.005549874869796761304996391,0.007491234972963771443499326,0.6246840604473139491048528
0.003976507716194697082678911,0.008030104874073008131007967,0.6247374617891717774043059
0.001677033892116812797273839,0.002901624281802261864221526,0.6240304109909075025441894
0.001848618630815574911951948,0.005735825692350295969268448,0.6248016583353859232374816
0.002252673327976094375113547,0.004304669276970303146145902,0.6262551118363733904104151
-0.0002775197473736776450359276,0.001058830062806150008533623,0.6251882106573245501124347
-0.000118838386333268723662332,0.003119842015345424858507872,0.6266771978723090219531855
-0.002958695719192135000635835,-0.001457459854072926238796604,0.6245749227196585318111488
-0.002343170008254218377591327,0.001660566275837643346671713,0.6256114872623088629666199
-0.004860173578839260995210214,-0.001392596418390584615820682,0.6235220665637921655388709
-0.005509366889326539409865724,-0.002165478058629958721392761,0.6239454221863105498613322
-0.004716177122762539065947696,-0.000737634623002237288166838,0.6245880881437947396150889
-0.006170721526808252942186694,-0.002153560139011424009319873,0.6239287430475021212217257
-0.005043535685614342241323005,0.002326230515786633333552569,0.6255087258636683467116768
-0.005581718102404808860839136,0.001420808707606804714707049,0.6255075309920825610277006
-0.005858125529888235337450109,0.0001288547436211624460170033,0.6237187117751372689156142
-0.006453819845686234110693213,0.00161038821891880553315024,0.6237834974547604716121896
-0.004659634766302466965526285,0.002106337616588988860544251,0.6240092163663267799122991
-0.004855220586892607798068511,0.002641580696030499872395403,0.6239103043094164080528685
-0.003967470121193899385003689,0.002327401279118172360699246,0.6232190408662917624482702
-0.004072410050935705572161538,0.01113828710213974303167017,0.6258991967476554840743574
-0.003281460217876974207185103,0.006036063261851831382442946,0.6214025988947649015159413
-0.003748351605471331084856734,0.007020252458691437526250301,0.621171724567554428553251
-0.00185971158797647762202232,0.01029257257405935543914666,0.623452446463541143373277
-0.002811388254185561222375789,0.009327009219144021326397542,0.6222368575393442124976673
-0.001886492548330832592223816,0.01354165117738901844002264,0.6243290789099135151829501
0.0001786192000699824507150421,0.01078620401803081704783516,0.6221299335615814163347181
0.0007951256411413234505281,0.01435184456291782248427147,0.6223817125644943715201407
0.0009657473605683630172441534,0.01651206582065721864549523,0.620498437756773379980757
0.0007902978475625678988700229,0.01688780025946194293662295,0.6230937687092595878013412
-0.0009705155399779844460281253,0.01327620964793925321945078,0.6225159568360575379486477
0.001159479995146305356112926,0.0176743071285150182836432,0.6248278024583552303639067
3.814607251062803274822832e-05,0.01717453593690797253312752,0.6212872420867845413283703
0.001461142497793718698570475,0.01724246705007083380056798,0.6209466353120476345139878
0.001409733470907992758033855,0.01718806651096186147165135,0.6205459265881049235602518
0.0003413054211549939893216576,0.01516445115873429547170836,0.6220249406039174422389237
0.0003025046184844461011516359,0.020388384740651299686931,0.6232843288111816759666794
-0.0007664364759205870162098173,0.0149059402390659262449546,0.6218758837005003980991091
0.001062897864100967358982897,0.0160989880596914547439269,0.6236475750192749245570667
0.0003735557247801047720328627,0.01586051490193271865103419,0.6191538376079956940145621
0.0002121042329758475041175114,0.01647144211059713841960317,0.6191838907582455364675411
-0.0005933293829367113905379205,0.01237304947317283999874693,0.6180252031035780024836868
-0.0009908862946012468933543182,0.008782202885945658218935783,0.6233025535752161339075883
-0.0004080629118320205851906668,0.00923620179398833979211858,0.6245378314118039675406635
-0.003150276143743001473762622,0.003397982874161114934252748,0.6225584326556131697927299
-0.002850234484753401582868282,0.007142369798820592981247746,0.6226062121562773166161264
-0.004211886793711611814972073,0.003009988150195803610631451,0.6194366817331776742250327
-0.006713237111953564845157061,0.004670380403351938672362742,0.6200021907028399059669255
-0.005886656883201197600075094,0.002664841992250824732196834,0.6192901749980538328443913
-0.01030668918773987308146189,0.00399696134801625236471212,0.6208670980827339924701391
-0.009605954381019786783579839,0.0002245500692777789987324144,0.6213318465990542716070877
-0.01051075749743346499087693,-0.0002330244033707598051968074,0.6208472585296858081704841
-0.01146659146942394236212692,-0.000730565613216374348977411,0.6215735356191863791863739
-0.01248236703700843393261,-0.0007986314309467588056987153,0.6220466104533456386249668
-0.01422263365567112865239796,0.002263046681768203852169741,0.6219202471790593600431407
-0.01416631391019621509508308,-0.0002705934461271493449326109,0.6226298138410693017164022
-0.01372220975380307982083306,0.001051201318825383933946993,0.6225823919021671315476851
-0.01342458485862371014851746,0.002173055321680995768257594,0.6219571967896238007256215
-0.01427915301595592684202884,0.004633521246393951069364459,0.6226399349502174107584551
-0.01488033417215052500726102,0.007495055295138667444954095,0.6199887411102257273043392
-0.01567307830663423537376211,0.004624052829259808414241739,0.6226520156568221553428089
-0.01394907126741581904205702,0.009619596928809851302255574,0.6244849435877450893883633
-0.01371422888892025876428349,0.006915227923003928849066124,0.6227633476361642550500619
-0.0122311929252957793390344,0.0161209982498715306831194,0.6215715971043921372896079
-0.01130490646210116634229337,0.01627681593965761217002175,0.6214827496062844680579929
-0.01114301522615998053800102,0.01693331805315907018227861,0.6213206376576965173086364
-0.009435432424327813011322164,0.01443701880439467871708459,0.6235101549367305651117022
-0.009220257946207611327027465,0.01755627229343709530540174,0.6207837847868594716160828
-0.008363073334487698337613715,0.01915584295192469116431155,0.6216103888674938682257221
-0.008267414837954806944297914,0.01242139758778809666139864,0.6222789991074170190543668
-0.005795826428916908516775219,0.01903951234758608293540227,0.6207838280299656785743423
-0.005152161084332585773426505,0.01843058976280394223312697,0.6224203401328204376952158
-0.004254458750208627015876317,0.01974102554309151505429476,0.6214451778924121594371854
-0.004472722282621775097277705,0.02016437027719047633822491,0.6212130998189325792324667
-0.00362986695530572410495207,0.01925693268141885627908749,0.6224499756439555442355527
-0.003256350500473128954659341,0.01840548806175906423887589,0.6222833227141906231594248
-0.002473352292160117121833096,0.01626532658117763388561094,0.6224432445603559349578404
-0.003140715424829213127388972,0.01808381595393833071727663,0.622104016377267310389243
-0.003341740644653098859379048,0.01883590982578929942659052,0.6226312436010663642349527
-0.003204101095177890306392454,0.01565097029917548315802733,0.6228483194080532969749697
-0.003597648262304877202905073,0.009505272029031430411349923,0.6236882486902914912718643
-0.005334262258033049992900221,0.00825196075074838275575928,0.6222330827263332642118598
-0.004763628163052994503312565,0.01343749360946681729866992,0.6226943954741307463152111
-0.007670555307633387422117099,0.01221535828891536119844563,0.6234658721563737238113845
-0.008385980188459608505868736,0.01219312650218743604435545,0.6224145732171750822203649
-0.008784167312503487340391573,0.00575988646984462466377197,0.6219226154498441738738279
-0.01036716723413858357027983,0.008271931621780680490840787,0.6222206546741114729925926
-0.01318342664151620283186084,0.01098947263416432534866018,0.6238348826657261758654727
-0.01315309431767271511337647,0.006682613412105111762306908,0.6226898793626515216104167
-0.0132723427542108616400407,0.008590559188890472055999403,0.6220386360753847876381428
-0.01436533489516071855629509,0.004975857963850136185535167,0.6233418065860441004133463
-0.01608469024723887738637096,0.004585216261171592630474514,0.624340514093696841158021
-0.01619328988769651311852016,0.003500375181938615229415568,0.6245513597938457950320412
-0.01693920527300977335594112,0.004172165876537621380382159,0.6248174713002868640998599
-0.01739190519217276298391539,0.003544636321120361085318384,0.62424203139385303629183
-0.02137428977176771341395245,0.0005865452400072109937975706,0.6287868176502234840441474
-0.01888829001876581037411285,0.00384747052134931308287058,0.6250857609734792319500229
-0.01907829279207762587788899,-0.005247075607490107179708971,0.6250134802620175289433746
-0.01804416341074442306502412,0.001527026305705369993784282,0.6247474975327503843303134
-0.0175634123056465051015973,-0.003736147815929098583292989,0.6257658799544233430012241
-0.01642225667799544069902495,0.003221559731295775379222857,0.6251366291860829260684795
-0.01562531305662148012336488,-0.002304737837006054154698198,0.6249240245750062872076569
-0.01385958912108796806106348,0.002153454202801970054220737,0.6258492450769556070255817
-0.01366141477577113676200593,-0.001125215598207665850666315,0.6263592526660868298193918
-0.01132518832174513566390939,0.00869522455514724033898144,0.6251901710779329546241456
-0.009993623322102358763618923,0.006117589526991149169454776,0.6257477945965619348100972
-0.01248753195458580239618485,0.007399633051132839360597426,0.6269936159966748023819605
-0.008449706789530681688704661,0.01688489324867157789777927,0.6262738912590596340734805
-0.008770163929331145982737361,0.006572951567723186658276369,0.6268644955890071424065013
-0.00919822142165032177740791,0.01300636186752505973895921,0.6322584486880163945343725
-0.005227128904703547476739978,0.01603464071997418721737816,0.626423116350595110546351
-0.007530839021580267196587233,0.01716389411983596999244917,0.6290067065210906971373106
-0.004926730594802754617522744,0.01485180772609003170547926,0.6292434764075720554643567
-0.007129768010392540864006428,0.01374424919284376878092502,0.6272166199432908095801054
-0.004864979725858115978953666,0.01590264627012523759863605,0.6266034733609960882816381
-0.00531488236993351518405726,0.01479683669111027735643127,0.6270962918119687978801835
-0.008984782310242592218152424,0.01425160846576947401564972,0.6301740639181668823809446
-0.006784739948723918570583358,0.01350555369470151333144425,0.6274061548344986860570316
-0.008670071815944428023081869,0.01271600746373479848272403,0.6304416960936173319751674
-0.009194467696412918222836907,0.01984825520646876784169876,0.6282493698126920822488728
-0.01109503799334000256893162,0.01962636631728319203116229,0.6289885049530481442303653
-0.01202516212122964160691208,0.01720097669556339137209022,0.6298888993158439086883504
-0.01561167768128737982913368,0.01277961642803346342667226,0.6304647017872360148516009
-0.0149615187397550749442976,0.0177795301220602733338616,0.6300378871763759880408884
-0.0166012021332696303732579,0.01774809773757250741521574,0.6289180167709835789224826
-0.02104831272288899129963013,0.01536265165640303756444673,0.6362441177078095311259176
-0.02025990943696229229509242,0.01777643407020831553544404,0.6307576123550850955012947
-0.02308979920744205771576674,0.008426837012623079187223496,0.6319883057586344055067684
-0.02461409896177507369841031,0.0105180742954081984236181,0.6334496096625195082907567
-0.02417760875871944117876389,0.01940781357818832653094887,0.6359943796499988311055063
-0.02630643211410733234290049,0.01625699310012211976084195,0.640242386773348992612398
-0.02471442847405667594951062,0.01470871348625203342552759,0.6314535746916080105606284
-0.02579254803036309939834325,0.01549069531601055677016987,0.6322151801856795705347736
-0.02701748036259746590936892,0.0174769864578102271379656,0.6351003627896034675615056
-0.02774743787790540441862142,0.01186691721993505393983881,0.634690780992181569075683
-0.02685455920905058940784116,0.01176927971658264099330538,0.6320358867938152824805798
-0.02859787255475678552363306,0.01220740681733547411402796,0.6366765470385655767415756
-0.02769067146390072342576616,0.02484912978092360114068526,0.6351183243089912888734716
-0.02555573372656033334648917,0.0193211755325941383909516,0.6400383248332631724863973
-0.02572296413259819031216225,0.01838384321789700986959915,0.6382030532977619463608221
-0.02444983799576446945045483,0.02759151485876859544177364,0.63543006038137861413162
-0.02111665994239050533898272,0.02718347434961809749864869,0.6358529999846153080156341
-0.02178068845600154845865148,0.02844159443605895690176943,0.6413275099707375082047633
-0.02279183136669719195177564,0.0282492586123188615943036,0.6354695926219349200181341
-0.01882392460318190255397219,0.03111921523839042413861478,0.6423126118728116340506062
-0.0156754441882998481194722,0.03132651092308506163286452,0.6396879003880495684342122
-0.01380258325403911461026762,0.0338336375033268799139563,0.6396763569151652228939042
-0.01380626400506415954461126,0.03673093428576236496585494,0.6420238167255641892339213
-0.01300182568047314989045926,0.03845368080074383632105395,0.6417066160028009891291845
-0.008938053397527732576999249,0.03871545370263586305359382,0.6428949137092583310248983
-0.0108862698890304747390001,0.03892249329665996987470677,0.6405963664823853820351474
-0.008015537433411724574372492,0.0380984675288867646880675,0.6433015142003258857172909
-0.007458820120213864590663633,0.0346094194648466427222111,0.6392473467658477126462913
-0.006714546420074061529315035,0.03476055066625314410311276,0.6407299963171766421510256
-0.008349180292817642845548676,0.03971584997359085128509903,0.6438213255660105716060571
-0.005581618108916996945367828,0.03611798035576475190966406,0.6459658400879951800632739
-0.007859781272650906772114787,0.0364742579430359509240489,0.646343841351461168009962
-0.003943172357318168973205896,0.03266594804123915118942989,0.6460909481973360346529489
-0.003894147875602782266774016,0.02956877003947124687988079,0.6411742041785702950207337
-0.00394556643093597544935669,0.0302248597074680803997726,0.6451995813675291957522973
-0.003551712447388819839100282,0.02641123430683870940138824,0.6472128646020518516479569
-0.005438559137437386920010951,0.02810161653985144419864994,0.6471852281151827535055077
-0.003607765367662706026269381,0.02091420851164179847692104,0.6451860741985430136580248
-0.005619646839073041792722574,0.02189146834270427541269122,0.6442528150911324136274061
-0.004498040248909495469886721,0.02158004323455135417542117, 0.6449525825998342343226
-0.006208706357605681645794871,0.02072580678489660543917239,0.6434917130685153807689858
-0.006076603372324610244370469,0.02119463831423822400279455,0.6487926960766964290527881
-0.006759911411568237347979871,0.01938312235996686797023791,0.6490559770530033301128015
-0.007517633943036719154640046,0.0197379756981703076423873,0.6493838606183274242411585
-0.009929875275384861949001802,0.01855206973369052936284618,0.6486764901261425908529645
-0.01297054828298862400037805,0.01886141058539064774279836,0.6481525936686219901972095
-0.01028085283584544498691749,0.01785153318094613930644421,0.6501861025400631488579961
-0.01142983027201285167739897,0.02028059970169826531360968,0.6495495873064530689688922
-0.01012605690481146493431286,0.02087913960540342325766794,0.6453921827548527723195093
-0.008979341490002351253152391,0.01839612455826191914076695,0.6437397487711485899453123
-0.01256257685531160170344656,0.02121653126122288388066828,0.6496586622820524903332284
-0.009278864660211090173436155,0.01992332909927313489006906,0.6459544864603897762478368
-0.009366329405528797669155949,0.01709985834049240066567776,0.6450290601993727834795322
-0.009835733500492294459349729,0.01707338476963236525985046,0.6468287432043977602802443
-0.01256120938904699453619873,0.01964109663214634940442416,0.6561338761111452644314568
-0.01098194710184998389157496,0.01732001884375992603604111,0.6485142390584376359541352
-0.0140319051239319193130628,0.01882017892962696212211249,0.6553468193704452549042117
-0.01070427499276935083549755,0.01504634419324858349287233,0.6467260356762399853280954
-0.01267112108513846965851535,0.01768544238827382195089477,0.6483434007587660641291905
-0.0133548969862671788183528,0.0134585722447123929540469,0.6490391746606228862148669
-0.01076436502164820896432218,0.0151733008868405842839433,0.6493879799095305660472377
-0.01266894077318694508682562,0.01615380246473258410433438,0.6491439677041000999579978
-0.01274808067569557085141341,0.01804195360400813116785734,0.6483365924621043996367575
-0.01592536603405443618175497,0.02751355911324798730888119,0.6512413465174433646609486
-0.01697789820295013754614111,0.01131907338329692265521675,0.6521062588348806032811922
-0.02061622273497578164414001,0.01754460077482851085295401,0.6576966612387143973350589
-0.01908139855816827837320382,0.01689493389638108133965488,0.6533054923718566442403244
-0.01743873139021298243611646,0.01273058413025048712929888,0.6517108545140237740866951
-0.01752992355172099114835049,0.01724573028510832314874612,0.6524893551622413800927802
-0.01832652300771293527037464,0.01546708815499233183321515,0.6510642532005851412790776
-0.01827497785105075545075692,0.01670118422865163321233695,0.6516555064326752244596719
-0.02087293558547343233500193,0.02255100627932347251425327,0.6538399167236034204009343
-0.02334873748169631613169628,0.02332449091347539929519606,0.6582880458348385754874244
-0.02225587794249450288019965,0.0286457362194711337433084,0.6605063310228129758172599
-0.02071242607260634707722069,0.02874455517040905641601434,0.65418348810087589839668
-0.02271490926741374580255517,0.03407718895116128993150184,0.6563496801696563354155955
-0.02168992890451848509769661,0.03085997227774492715490773,0.6554764470147819155343427
-0.02166828391029403805267961,0.03545594158121986166909423,0.6649524489685306738451231
-0.0207148251332376007183278,0.031026305706410104573445,0.6558048025816786141817261
-0.02076978378392487639692021,0.0317362123110354749089268,0.6554392843689029746201413
-0.02178136192232257850598387,0.03404271832695304755844745,0.6563720002588124824427496
-0.02496416116828541892358473,0.03413531377635518199165077,0.6605070466246362181905738
-0.02162819577860346231812372,0.03322366406374640396270692,0.6560943723666456950383008
-0.0212594044552680792870003,0.03647768881245923994205427,0.6604268968382283055973403
-0.02384888698236395723761838,0.04340278468820076701595312,0.6632512255287140723325479
-0.02394191430325843042425937,0.04055962507247228010509588,0.6645564453551189298963209
-0.02340964548880308457312616,0.04222615953748554834534801,0.6643421493610541794794244
-0.01935509386044245022651111,0.03773888005015186425383789,0.6570749574951241234188615
-0.01919608728492084442907029,0.04086438509873546037765024,0.6588489740709543296404149
-0.02253293895576797059576712,0.0445979324086103953717064,0.6657285396302710100968625
-0.01881987265987427465629978,0.04048466350710901162646138,0.659634141650397576306375
-0.02131093391744564441436793,0.03811587918986862610903898,0.6609372751267287293686081
-0.01894821219987720059552139,0.04052222455182861310385434,0.6629316194866634592841592
-0.0183290861951315858791034,0.04307656157261735563324123,0.6589759386505902316599759
-0.01914597618875952395045559,0.03485623299012376163918958,0.6615177678212434964066802
-0.01707523127888388447814805,0.04080624852555532477982325,0.6596273140870406725966291
-0.0169179391666726824938749,0.04080646698968997537759762,0.6611342070865623421482837
-0.01454525914597516733639537,0.03816195630752793055417982,0.6599720713125228899187391
-0.01778119385902638890928351,0.04152629764918645133287001,0.6613006827795696596083985
-0.0151322427308253661115689,0.03736199566897688284505819,0.656492111448005899454472
-0.01480729886302360048810911,0.03559547040575074955404133,0.6570735785455282806921673
-0.01369433236597925387934005,0.03654449510556968816477053,0.6580021774614738250264168
-0.01506711913037227235090398,0.034248579695575806502994,0.6582877341678319282891607
-0.01356749322692319889571699,0.03179563827979241252830178,0.658204011579133996256985
-0.01373215129946569502961129,0.03067989198049123761302681,0.6605632748980408974759371
-0.01570695172650784718348937,0.04090172328061091044926201,0.6607327564590474988648339
-0.01585140989911516806731839,0.03141068356652126219996646,0.6669206453838996129235284
-0.01717034378933036259384792,0.02634293273716512007176505,0.6676072165984590078835481
-0.01614888236847225599923661,0.02368839172916192489792842,0.6613748253517488517871925
-0.01616848970261436369000307,0.0231873975360785966604027,0.6647679711243291711397774
-0.0133302721123197964736562,0.014776349211050976428794,0.6591602543274400760608955
-0.0139481247934570250224251,0.0148462806187304955513051,0.6591627975233356195872148
-0.01470007414601795688036123,0.01168712591684320685481158,0.657391733046494564085549
-0.01716819440911572167141053,0.007820107925428396861144975,0.6596345861496771822984897
-0.01466531292745496331542121,0.01215750631585125335343278,0.6564473087901567804891556
-0.01662386900427846939121146,0.01797606560186587251748414,0.6595132962161412981672015
-0.01468806226788658443604962,0.01218397315870701005935395,0.6574908885649526357752848
-0.01798079403938558293307715,0.01214959510468703422769732,0.6571822561519063965462806
-0.01717551799368435133663624,0.01567237207149307226528023,0.6567880556500391708851794
-0.0178393770880724729377409,0.01344409479781443275681063,0.6563249389750809292820577
-0.01830071874079705965265852,0.01366441915773012466539527,0.6563150699053490466639005
-0.01982670728134999782454884,0.0140034592165555211301653,0.6593768355895449628789606
-0.02114912900147103078096755,0.01433407814475508475215992,0.6604378163117855526920152
-0.02474984758287088540407161,0.01323939705633329563805312,0.6595132406164703198214738
-0.0214952459474074784873121,0.01204820629096061551654984,0.6564499629529001456518245
-0.02488012294548986105824362,0.01650777473062063627207152,0.6600524330210280066211226
-0.02614988627559405170996953,0.02584294660058781764599978,0.6634855512134532062873404
-0.02116435969733881233834083,0.02435770133467384662706579,0.6567932607640790676484244
-0.01971062320024018210684602,0.03082581143514535534921883,0.6580777974723031054082867
-0.02034638520736136921285286,0.0328281897923814874884485,0.658179345115134872834517
-0.01809765195741450463651212,0.03050614827928409614199445,0.6572528002946712577525545
-0.0167701657793949861219307,0.03533173442916217460441075,0.6571683513530950371261952
-0.01572870459150241262413772,0.03780304083749181504048309,0.6588266023551035965866163
-0.01719551997947592683613216,0.04178117759475619141795733,0.6646834778490333661693512
-0.01221105938005119344313965,0.03833053855324435738038957,0.6574484195803116381995324
-0.01028361630635578859160884,0.04078253378198103823448761,0.6566841415504898193944427
-0.009163815400924901419243973,0.04208787281117854633949449,0.6609776435362194613176712
-0.005968078683112804962151987,0.04021644998863364850461011,0.656335942628170743162741
-0.005406000614573679488583657,0.04128877522881999745374415,0.6559935081345729113166954
-0.004075098343989699660461223,0.03725744606380338580509104,0.6572048295065479051046964
-0.002731461719051666865026862,0.04032042518443815226625304,0.6586399694171587437807602
-0.006066391582509576135828766,0.03834539938972545553008686,0.6642718491436075956002583
-0.002116540423620266991172612,0.03540624208031625114179164,0.6580552868465213700588379
-0.002587319836307850045437062,0.03333599037242378909651208,0.6565445724436758112574353
-0.002317970833781669501294509,0.03264664538404456195497261,0.6564232722834482114393495
-0.004643284778832282647109686,0.03286778457360121225017124,0.6579183767822970319016918
-0.002683386314977317509827826,0.02658631781911247396466003,0.656278221515179893685854
-0.005181384732069994718262063,0.03155765469202516382285495,0.6561974872253862889337483
-0.004607806811223599460780598,0.0272729670722855928322037,0.6566932081141488852793486
-0.004495435528460291901842183,0.02969859353582334285381883,0.6565404970261505823714288
-0.005404657378502600133252098,0.03113935608683669406526739,0.6551798543643821970405838
-0.008010929710331109870891098,0.03141097303045195521242761,0.6580370222712709216139615
-0.008673126422038456018182018,0.02968216288334444771801479,0.6625500101245134221272792
-0.008082790331716443663068183,0.02917057572369497267517069,0.6546238698991319049369508
-0.009385170568351862072087322,0.03058077127646852827469459,0.6549467968714017818143702
-0.009950155827308253611573896,0.03548186884617116759743638,0.6549586105883695719143134
-0.01043221710323565844247273,0.03009850909984680342179608,0.6551718141577824727761481
-0.01308091517906177954355673,0.02473365634150289510406751,0.6550998384531844243028331
-0.01082284048548142439682973,0.03316918392249988689624018,0.654354029912103785093791
-0.01351773568687983546887654,0.03593882400207207977738122, 0.6582434282045136475503
-0.01385053885835794626468775,0.04065277967744016646145511,0.6540890139861565977241753
-0.01141809791164329936086208,0.03548908843050177508438026,0.6520230397887644135934693
-0.01187647356132425294217292,0.04133157719251984857367077,0.6526186156161879470261056
-0.01228257691298347172026428,0.04302751312965610169802844,0.6508426992620552908874743
-0.01055401501785674725497621,0.03688189667131937243826911,0.6512530214275623619002431
-0.01049185666009467936266031,0.04920285692582163084018987,0.6523772747232640112358126
-0.008963057009690722151673548,0.04114617494558103077961775,0.6522170360390160404051585
-0.0137333796700996758205493,0.04213905501171767709056581,0.6597281886161473485330475
-0.009752537055125739401395535,0.0357765245882238139274456,0.651346264086180459784714
-0.01033049983184034480154789,0.03471831035579028140736213,0.6500252236639131320217189
-0.01164472619570700723246048,0.04047943239775448481809761,0.6555702133138393561395674
-0.009794086933015592327800292,0.03485937326824906090649847,0.6487881726125884762623741
-0.01285173729906003217693389,0.03257157420807229447623499,0.6496473463086521737963608
-0.01344553186888702324408573,0.03172972845032552557942296,0.6490002232216637301220885
-0.01347572002603138197063259,0.02905349800084829070545567,0.6487809699905144888987252
-0.01377286639102691563618652,0.03290746109708919675540528,0.6495147122041271536829754
-0.01053304740796014507542289,0.03710881479145646671957692,0.6461994935815931206946061
-0.0110970921839050693652462,0.03695146856457498518722105,0.6461629416335716857844318
-0.01136904454895144508941307,0.03416820883185520824065762,0.6455907793989011933533106
-0.01063073694009892579404042,0.03520213513629855128783674,0.6461677660653321053629838
-0.01051658098888909667611991,0.04221992445416557909743105,0.6464467688196722239268865
-0.01126885627565682966577665,0.04587571539573570555958781,0.6474965108015668935337317
-0.007948318001030574286858155,0.04409837748181571343009111,0.6467835170457038040936482
-0.006012074532743639197762686,0.04629106208407724604159128,0.6455516467284444503960117
-0.005923141501573266250180172,0.04628024487898278749309355,0.6533229270269298449846929
-0.005760122586970583581644778,0.05087899794883809362344707,0.6475593589595965982042003
-0.0009854719013687332582890344,0.04422588607417064082705238,0.6444447887367226179833324
-0.0002162080487744411788370719,0.0410828616014433448122567,0.6435217409300897362101068
0.00176346420119999976357239,0.04422100895930264341515681,0.6439324236745875840171038
0.002682337399635136097192367,0.04757910930002487437384673,0.6483270222186318099133473
0.005979314884857736892009861,0.04363606540778454390139274,0.6454322952136839486314557
0.005064524445120283449583987,0.04525042085119049262154078,0.6517159856307936927066748
0.005723566079400401428178835,0.04237744661800788709138388,0.6494314198319617315036112
0.008502733290625404116713781,0.03917865017273591821123091,0.6475297107513159344804876
0.009467331278212818071460255,0.04101586880817063157644853,0.6479578050368001163050735
0.009905069699313043957156211,0.03974459798508251512361156,0.6476898618705827503916339
0.00961600585509424579666593,0.03967535349488209711621423,0.6471446314943908317829369
0.009755770427398174557409583,0.03740080387115506110884411,0.6472277580754448589317462
0.008048236238216543991796925,0.03783219909065997643704549,0.6479537782737484485906521
0.005944056903643125250313872,0.03939652746032400870701551,0.647600875022957045423766
0.005865635758910248999387083,0.03741777178311334051130643,0.6475520680573212395358951
0.003327633554601176595066914,0.03850853768800639731484381,0.6473850530282884152555312
0.003491021522926574405937261,0.03585710714794928394288931,0.6477002799200136662349792
0.0006352192201419169749129767,0.03511070758389411156086268,0.6452553136363406993680769
-0.0001628952967697659931067128,0.03418262208792902101528455,0.646805897888787617588946
0.0001880975487622904085763254,0.03826040006722689068574539,0.6409382207591297619941884
-0.004604258125436597702540009,0.03648035387418634839518106,0.6455998198425754175389102
-0.003715483781684203370282438,0.03847596956464231082728489,0.6399482660633378783288094
-0.006562070266040123667217188,0.03758775350455452468612094,0.6406501163798199449672666
-0.00725760838210686917704173,0.03928272819539298243984859,0.6400653634966624316859907
-0.01103271189980396457808176,0.04796292228440788424359553,0.6421647180079568251187538
-0.01377963140836525358923215,0.04345854773447004049113929,0.6458980887675074278320153
-0.01481036349300662163797071,0.04568223769500304176638394,0.6487758883757632766275947
-0.01283643758800386350249489,0.04237774960227311954463758,0.6398510019615187838226689
-0.01436408525112945269719411,0.04566740728705326324288194,0.6403520614832906021618442
-0.01576921214894271006112803,0.04378232221331943008202359,0.6389221905422186598144663
-0.0176894671690443414102667,0.04604925214939331601371464,0.6386393071706638613349583
-0.01785293986645818467562385,0.04528251608206809025736206,0.6393444645329513509324215
-0.01449266546111271057595271,0.04431919026293613256273218,0.648651099465268887733771
-0.01419053009095118736415664,0.04417905276674934100800129,0.6483229339378125954951315
-0.01418253009828687218052412,0.0444350048221606799825345,0.6482233070148032405555227
-0.01465553748740848136189463,0.04419766156938943757470639,0.6473174860395904950394197
-0.02034623387779640676931159,0.04346257044584672657450142,0.6469335951710397658587226
-0.01985453320892618944704111,0.0459176420799732448729813,0.6443994611357304336252128
-0.01340646646500824427927778,0.04615520589511271087879152,0.6426644433050204829882546
-0.01384765017482548522809171,0.03901065741870755193554388,0.6405232880447810916990647
-0.01075757638091276967295951,0.04914912778341822691130503,0.6387671829830232628211206
-0.008818642700036053230783217,0.04515626500299900480950299,0.6377159663037870185320344
-0.006955243012214981472574049,0.04711380241491763126715497,0.6372774584836176092750293
-0.008824834245913558763985129,0.04516622467828737552686391,0.645155301312845042005506
-0.006854674200868878658488015,0.04157571280148360942652275,0.6438027286146823513490745
-0.005243662634270289564508705,0.03788045660926482594010878,0.6447554926482583770308565
-0.005736577269664570703777695,0.03888851637277946499127168,0.6433621208641905342417999
-0.003522504227056325216971278,0.02974915568925770234520733,0.6413398744153030461845333
-0.003798926248701747342834123,0.0324161014540413419671161,0.6423507817882103676510042
-0.004496515151848603543405236,0.03326154092813825985386345,0.6447841237644680312257606
-0.004402523901206891430992751,0.03175779800457152746151479,0.6442695967699418879703899
-0.005424424429301057115626605,0.03069345324935782506892146,0.6438916730843746716317355
-0.004817309680568883020757021,0.02947451816139704319774673,0.6447179360300003825301474
-0.004362302068307828337156984,0.02984054963920556441392407,0.644675720323594769745057
-0.004982865648673343722530049,0.02796518322490455094042616,0.6449184749189446064221443
-0.00554390164747862491945174,0.02581122921125433497535617,0.6457403765348985746896915
-0.005760964127089018491090222,0.02737886058166391287094221,0.6448649992899598837325925
-0.005696811254074277651449076,0.02635502415173702345230211,0.6446950028503872776042272
-0.007371005457911433515760802,0.02548121754914695752392007,0.6440570186573558730813716
-0.006804347077045128609762425,0.02551401533094747875463071,0.6432633475490867613899582
-0.004058932615772086437144761,0.02408428490442635419577222,0.6455872794150440130422908
-0.004827933116140185540454688,0.02335227398078061969433072,0.6448612354921260392259796
-0.002305458357565860847554484,0.02277488456876273700824065,0.6458142002072603249374083
-0.001971981504996064751139562,0.02254097440938361909812393,0.6442882763715345184607486
0.0009068552922558009710130023,0.01977423244725967990675919,0.6447476059918674229365365
0.001853853305828111674644076,0.01965138344224632432899469,0.6444245184417920491171117
0.0005791369611677384511908007,0.01901345946556070101718383,0.6428641861165438342595735
0.002327305253919661337524971,0.01766506366710257971974762,0.6451048636466354402330126
0.001618464515473809267262495,0.01901957989064484086383366,0.6447610955446732017293243
0.001895148086133169752082184,0.01926377577280815808768999,0.6437576966132118050367694
0.001491791709401653429761803,0.02062990591868449005708008,0.6445487040969180014826634
0.002588617108110049646468864,0.01933361651375816239739613,0.6458531095603203819877081
0.002196644757006262563270305,0.01573966004057732528953473,0.6414365918626108165057076
0.0006371115795826433727058746,0.02126863843434033396473382,0.6444264683357283640674495
0.001124061797978404692033294,0.01781669887731864368451973,0.6402199417932222802463116
0.0003467561704680819094533117,0.01569391341601047290543747,0.6404802814442835945385468
0.001278829973638195881616153,0.01893296683898612262075822,0.6424554947524709902495488
-0.003376036408693756148829968,0.02144668620544102483060911,0.644632571905520035393522
-0.003490699282167344496413675,0.01959898540594176563622852,0.6461353040740760445004298
-0.005819552994435323554911488,0.02124279086328245344517107,0.6448979665456980869819859
-0.007250969398402635872347144,0.02075635944319667233748383,0.6454443643124443408254365
-0.006807298947814741443829156,0.01473552193173948213211766,0.6427475739631879347868448
-0.009207075288049875946838618,0.01458638981578360555024787,0.6416408198713517974098863
-0.009857590155150884603241224,0.01453412034536506573789705,0.6423403168968236931490878
-0.01110542697103345834153121,0.0156002775898230663237376,0.6429247532531147113488146
-0.01304944609169161363892986,0.01689241066772086824476773,0.6458764481599408302514576
-0.01295251400177312335604274,0.02034140832363768094936951,0.6467582986527400379372921
-0.01384330031297001731283025,0.02146326626728445319258753,0.646447495428272844719686
-0.01604086252101205589681854,0.02248155662079741670678068,0.6457171106569640217642814
-0.01506852973608424628437774,0.02188098042139792129279208,0.6468577073423080747716085
-0.01485605792724106755109403,0.01740625613649739167332342,0.6425757598248673652108209
-0.0150167309966414558308756,0.02067440942771263390209668,0.643177273297727669643109
-0.01570573098938642803146237,0.02119019994098126496995249,0.6421588335120055335281108
-0.01617888546239333938392413,0.02622224129616885363036616,0.6457061988234259475305521
-0.01882764467253069187724357,0.0291740476969227953418784,0.6423619128671910205596873
-0.01650127720024812186250252,0.02498114664533711976046604,0.6415843709733377586701408
-0.01832411890959675937473605,0.03010377650801762672294615,0.6446469777860145411452208
-0.01720964569027156818026292,0.03232146712020043249902201,0.6460610782155795650538721
-0.01673666501233061348896669,0.02969614063346923127362231,0.6462625598377771396485514
-0.01686992728745994804540054,0.02940136835970518641714122,0.6455615660235282105006149
-0.01541013112666028000985463,0.02660234936555183962725302,0.6422166623341062363650167
-0.01423875777709528167580544,0.02559884623102475637024256,0.6409446814634488509554444
-0.01299024892805161236764011,0.02530020324716055271641046,0.6403617938207840643016766
-0.01381680546092759788445736,0.02907950200636624099592709,0.6424542560292636483865181
-0.01333819417510538792026598,0.0287970811701958491479747,0.642460425875727603184373
-0.01306091409811662579221192,0.02807754604668911968534672,0.6431588783688206856226088
-0.01060896714855408436151141,0.02152826273335013002041549,0.6406060411258149844826448
-0.008523136148067336770317581,0.02032333207001603414543212,0.6406906254529999289459852
-0.007485267779319456499242946,0.0219637667939821465412642,0.6424666993900045586229908
-0.004687617983956092644615143,0.01938631334590789137561906,0.6422513885402877376051833
-0.003468486283987856459709587,0.01849161558274707573001905,0.6421416962930728278280412
-0.002683251692792019710981366,0.01372343723407904413080782,0.638649122338490249362053
-0.001431059994994429446918405,0.0157054553005567011647603,0.640658734481523217674237
0.001618129935472334629889546,0.01022719811263593167605102,0.6378313533615606045756863
0.003593971170706864066979325,0.01966636240956285211489707,0.6350477400834469987600528
0.006252574635675293111825024,0.01154781249892718186789153,0.6363694114395569423336951
0.008292259230502035602383692,0.01706261633071109312664859,0.6355363707678266527167921
0.0080916786674237045628999,0.01041441972706391716485541,0.6346605238235787371792185
0.01004149092300852391668187,0.01410468629555008436560204,0.6410548780914634425798226
0.008341398693092607480314982,0.01500429838248107904108419,0.6412023375341387998460618
0.007717586435029303616739416,0.01405811132837161796238501,0.6398566423315568130192332
0.009413837273657079188216024,0.01498543352042853472882999,0.6381830725417650951314386
0.009229220103616941200952439,0.01823604513153193051877565,0.6330533637691173609596262
0.007288572327477979735654845,0.01517063039904388739576024,0.635706769224492873604504
0.008073230311004379183836832,0.01646958591143003053369753,0.6357339165283483195523218
0.004466721217528131677998449,0.01535340448088898593348439,0.6359659768993597417363617
0.005201289250854601413365241,0.02581428644961848706262941,0.6349111914659192335008697
0.004507430972616226910743009,0.02280760151870981841670805,0.6333736457993264235000197
0.0007806684717228781940356885,0.01792843079997165703365347,0.6359630693972978532357843
-0.0002870109770954465768823261,0.01976196618743145810848105,0.6357127613389329523485571
-0.001258088328447681683922021,0.01853872679350773017281639,0.6347918649788290013091796
-0.004333929430254420886448052,0.02081221691344253832411937,0.6322779416970025767597008
-0.001841697598293312891290507,0.02067199880413533169543072,0.6358758211080720590402393
-0.003727167682261744476035492,0.02181050673086805391509557,0.6327320107329600373802236
-0.002703515920429712133393751,0.02121029412835040775520135,0.6344262740353543428284411
-0.003118266469162704526002505,0.02061794737055452908514042,0.6341599445465042617087192
-0.004265715691462703719472049,0.02311906371117909003709556,0.6330084463216707479915613
-0.003990853237662411387431938,0.02220451654524122422906807,0.6332338821112529769763455
-0.003247227095194447476361743,0.0182099253575185061893027,0.6333130021009776289275806
-0.00423749430410396473595247,0.01982364309269417021464044,0.6322847534558460047549033
-0.005786994620417068579953934,0.02080084293283116295136814,0.630809604466642026565637
-0.004459426820805601279773533,0.01869865974030831060059832,0.6322444985183703902720254
-0.005274894164957224552969794,0.01805753917906679009708348,0.6319466422538677630171833
-0.006344103991380952399514737,0.02095220634644039126026627,0.6345051380533136553552254
-0.006161789894294077141179145,0.0159373001224346472204374,0.6324483330523530399958076
-0.0076043221190627355299263,0.01611608517062797230057214,0.6310299530617504704110843
-0.007802531656856235772745656,0.01556975208979619745841561,0.6309884936497127672083707
-0.006667517002580156983138071,0.01251628998826333216687345,0.6298875360249418520197651
-0.006379965152633310099261621,0.01266700039402737787419539,0.6297895184297107595838838
-0.005747093544709638499035087,0.01070968379329439480740493,0.6293492678982051113933949
-0.005406067059048143622068672,0.01015611122303467644956143,0.6296375087547065874105101
-0.00477262940638741375853904,0.009865351508219790538367633,0.6297349140494424846181687
-0.003916586050368428724433034,0.008390105453854644970701493,0.6283952047062352219697345
-0.003043637674504289739735308,0.008422319655857074538474194,0.6286107520633272827126348
-0.002643547190250176287529271,0.007405051621885326389171933,0.6286859147213018639277493
-0.0008657564701838946089398896,0.01050778133882961443146264,0.6298389901428000925420747
0.0003418976288568509477004687,0.0090262851951365737773747,0.6258072847113178571731851
0.001254065846434980653623104,0.005870565618601508890705976,0.62681438751173035317521
0.002321625556728642257586781,0.007039238343093784031068161,0.6253989059000356620643402
0.004118395689827980717112599,0.007805108338544241956824532,0.6277136519624919586135547
0.004518531340251154618248286,0.008603382190366003906545345,0.6262412557425903747443385
0.004166465159599260295597567,0.009199319666298881592592096,0.6235634052567800011956933
0.008337702398891538510539156,0.007801977428533561804979701,0.6262524576042776125461842
0.009766254529041661427979371,0.009705583019995656438028142,0.6251399211073666029037099
0.01172265452247262668139527,0.01195525450436300818335411,0.6239499503570155036769052
0.01561047260016228295509411,0.01319191224090541202096372,0.6264360032492202190468333
0.0154463231003263718604801,0.01246663648932036343175422,0.6244804344478748214797292
0.01648140090631952658917214,0.01189028454283240845978931,0.6247082200894689130166171
0.01960528407924341451340489,0.01428959789462739930765434,0.6256542877261902502183943
0.01944524457672515763140275,0.01217198876698632158122049,0.6238317718504334807860801
0.02001833034379323084106517,0.01819913717109863590670749,0.6249974482652528307013995
0.01791198319122788359947229,0.01530519584660542005416506,0.6265583032942465546710764
0.01946636034014076477305366,0.01729705118679089256850112,0.6236848690920729909592524
0.01811453779728948443317194,0.01253277408907951806504855,0.6225256213505215852066499
0.01828554519737189340555794,0.01470200976168794908260917,0.6227242328635053114638254
0.01539861296430505323284965,0.01552288082970422304629476,0.6231307038074531678972789
0.01595453719620591737093918,0.01347728446126943147032051,0.6236653435906647224840071
0.01436931842397757425056071,0.01112549029158838541364585,0.6217657987414000331227726
0.0143999204537188906644074,0.01073992908875557629466702,0.6225066030249734039259124
0.01188589318391097306160109,0.008871465430427971296523104, 0.6236879038950354781079
0.01088146542292861215783795,0.0118825295037964032140998,0.6240394309272609962846445
0.007378153326387342642034284,0.01038664147314760990981064,0.6231738900678529535781536
0.005032183114529315687279976,0.01063035077879549185342345,0.6232249804599739873012254
0.002921806146069891307881505,0.009783858944580538230528788,0.6249112439796009610404326
0.001820394866495635578101941,0.01207322793779105549183406,0.6244502921815187068688147
0.001594335759785225946696952,0.01513409744021370142985639,0.6252133148627815328879365
0.001264761451136636174683026,0.01191304311815981689659516,0.6249982840295351671500157
-0.0003634137670258023411311299,0.01410796996610518688752833,0.6250905628174813211117566
-0.00210766472472502302756836,0.01182743649036097945137502,0.6228996505741358769014937
-0.003443480449463055814707246,0.009952651164849491555175476,0.623553339448149057666626
-0.004219427562113892311856933,0.009697122804574289864354419,0.623656931095086020100382
-0.004629536923969641316889412,0.008849223962255932732223762,0.6222708484303259846015521
-0.00532114395379799671320642,0.007404401313171671446256017,0.6220935064070999276353291
-0.006625962520913138142919507,0.005594978022983300609827229,0.6213794697806578337662131
-0.006449153474934183130629073,0.006095011464901947673133975,0.6214320251805608430473171
-0.00834837067028343024488457,0.005821229170351915546688382,0.6223319429211140452196105
-0.007215338325651616743772188,0.006949111456618803535356665,0.6221383809980562951125194
-0.007396572389245062960350108,0.005819272997237154299021711,0.621499480277719618115384
-0.005804162341030240368500159,0.008058830923952915378793982,0.6220853280997427070531103
-0.005060530714193120158106431,0.008824846346237261857092804,0.622017212901259775037488
-0.005434386133174502926668215,0.007467361807538271979700628,0.6208490575528632371415938
-0.004025075444527786462656227,0.00831439347847330242902153,0.6231272713785159789168233
-0.004375516478889204634306065,0.009882229530339440085051628,0.6212965894432088687082683
-0.004929172133119821483382417,0.006818829076547349397896536,0.6204006324967875629639025
-0.003031521588884757058973696,0.007897243566038571888077158,0.6204520074016547370732155
-0.002259360089117363416116868,0.007450823583148104972684322,0.6197510518266745593862765
-0.00117875740879027062629758,0.007743703622712122536242418,0.6198012173775785393914362
0.00267608987032665751604199,0.01038998695031750907347146,0.6218580353901200785671222
0.002473161158128438490838574,0.006747184907241017375045811,0.6186982426230525078381106
0.005054148968292901215881852,0.009887764083606628839895336,0.6192110502485492773416809
0.005268509213471685853624749,0.007440992771701406341411378,0.6182100580396537869987128
0.006827721328248266378924125,0.01043916530373145169774407,0.6183871516872523343977264
0.008034377793863442529520569,0.01047396540945109109921329,0.6188718622179898432023037
0.007897538500580064332878827,0.008995389988417850507529394,0.6176978991720030176537648
0.009104999098627303277808664,0.009465684421482349272802814,0.6183473692077756656004794
0.009271612533400388350690591,0.01085888047344031950847132,0.6183537834564036828055578
0.009967836520672131161990848,0.01217359698795809040683391,0.6200592549921066787277368
0.00680427079805819533253608,0.01184883280113904584218698,0.6196366151895098539625906
0.006591518910139221136545995,0.01200743773652650919769869,0.6185232240861288088851211
0.005424553791082332813988653,0.01199518857860731868569815,0.6194034080120790486390092
0.005212339321470851535855751,0.01213959840073427359774527,0.6195521599381664801242664
0.003322222932226740355760031,0.01044464623976085367040856,0.6180269346266894503472145
0.00294923467835921365026719,0.01022290630483332907196825,0.6185617659409113899826593
0.000759557865681484293066128,0.01059717868649222988208791,0.6190302697281638844017948
-0.0007745878267038261389895726,0.01081319128621073370755123,0.6175864161024593457227638
0.0004902054782280527121807179,0.01403315979119167979105587,0.6193644960699284940375264
-0.002615798698445673167028991,0.01066783284622221245063756,0.617491943203589910282858
-0.003552672184495837652551398,0.01050301169988959032464138,0.6173726586204315580630464
-0.003727009564607200280128563,0.01038694552573752975799248,0.6169759518174876555818287
-0.003629930333406948712859919,0.00970271335833014156313503,0.61794132683816505036134
-0.001716714574012381507375768,0.01444247680230108764332098,0.6185643194840556580160751
-0.003980372423237416718011517,0.01221963268628171485341571,0.6165471364005931098617452
-0.001795939450665923935515633,0.01568449529235289158224376,0.6180724495153566699912062
-0.002676501319110031335002375,0.01136432150935661605783977,0.6158591888378454060060108
-0.002273865846160235976852748,0.01236314442339970023909679,0.615884057002339058151108
0.0005645660031363102914631069,0.01920012174872884336274126,0.616528834008906123642646
0.0009213726567647089697038476,0.01260286186849481418481567,0.6159097541318694357670438
0.00217601350943917798766436,0.01674083888345871684588673,0.6154522256426329107625861
0.001404035501976941876373095,0.01876571256300695392238431,0.6213766646989504760512091
0.001197503620568910864124801,0.00904932018768656379337223,0.6146609020399128597844651
0.00246011105810503777693854,0.00854749460362523930112566,0.6155556160063127002501915
0.003548239433763031476509742,0.01195869060606927908319008,0.6165412783832787679827447
0.002181896616282966074734651,0.006210810232801814052827627,0.6154394490596871714060967
0.002919288079978956968602022,0.007216380013771788934362483,0.6154079329819132082590727
0.001243108458281874184950255,0.004554219966035652489289021,0.6148223092881547335863957
0.001598608495608214250666146,0.00439463024098922169780046,0.6139688897944989287580597
0.0007549447199345885213539464,0.004031129154405000553085259,0.6137486062218676652335603
0.0005489048534834337902607593,0.004024843236754176330205457,0.6139753799641624043559318
0.0003304736390535783574842754,0.002905194711542291932659943,0.6140131069880208070088656
-0.00188974710568764960212651,0.00392834691255160815825942,0.6139356777864571901304203
-0.0005030415581238924498802545,0.007238649938016717896860364,0.6164647156066567212917562
-0.002864296675040483262930646,0.002123030816892471778212226,0.6147193755944851956130037
-0.0007342558779121461471836585,0.007543063177409430053454997,0.6153202545333981143826918
-0.002582535361882764158442116,0.0035372346689211604277292,0.6129845337022050699715692
-0.001796433821860546472745646,0.004210436093140720523186893,0.6137179329728641441477066
-0.003399108498160375441132786,0.004239947778410376073854327,0.6137320261256726805498829
-0.004692765719356620929270107,0.002766692737528243187933308,0.6130612721418946531315441
-0.005508762923864319628608488,0.002896653986746549388348049,0.6135284420224261792142784
-0.005050676447250556505563779,0.006813067697722004212312896,0.614346641651610680945339
-0.005317944777980473242129378,0.009501139405357331493839901,0.6158841074117600289383745
-0.006963068250945262174789185,0.007010132927447872489001846,0.6147739360841035782812014
-0.008186328553515004324836468,0.006763250387731468624141762,0.6142247398820983583789257
-0.0088187647388361396078027,0.005565817134304500493624523,0.6135576105001402380523245
-0.0091091434154687914159787,0.00897719290006697076544917,0.6132816508909956221273774
-0.008347985066137007803543924,0.01077731821553235512511915,0.6135484929142671628454764
-0.009575698548476983124055906,0.0110317539986528913298347,0.6133317381701162140927863
-0.009779441094321201718986281,0.01308492638494636664536763,0.6137096930585502763122463
-0.008417286697299830242058327,0.01656717330734903265154756,0.6135660587677328470235238
-0.007106353061506623727816567,0.0215143582618554547736256,0.6146371135591529588637627
-0.008203745320632425258589038,0.01791088857097464931422692,0.6144869960045277190729962
-0.005577546285087344422881639,0.02383361774480028533185205,0.6143973907833322201099691
-0.006314189629425466174228454,0.02214694521947722233301548,0.612566709486241811610796
-0.005707145556448694687090573,0.02328510472903361216978624,0.6133244766012370119412367
-0.005092615125642073990730463,0.02495264494190019624597632,0.6136144190265242492898778
-0.003838102956088818278751473,0.02788277052234195904634184,0.6147684300786951938633251
-0.001788812774584821064377538,0.02460885551958345504597325,0.6139977136353858000461514
-0.001604894898236406850997038,0.02408933146403489586329094,0.6119663362921667904004153
-0.00178327825324156325620395,0.02408921844190966415899524,0.6117257590538912603861377
0.0004865963588316761794135001,0.02334752005397655247320721,0.6120192476080967836082891
0.0003255259326877883415199411,0.02462669155607583384992587,0.6121744141775273817529524
0.001019175676595136673455166,0.02122486487516875991454768,0.6112044046478999348437355
-0.0004040208086130002321061105,0.02060740705851372284174161,0.612904343319835565040421
0.001642730894981816970254473,0.01656627297776109772331488,0.6099230890915662284257337
0.001912685370618382894522536,0.01798448064688797087828931,0.6097027520539795020226848
0.001782140208633725296169525,0.01829349157344171625250162,0.6097564414119386322354899
-0.0003417987876882963528199499,0.01163015815521742553351192,0.610898944413613698145582
-0.001104464651141928883959498,0.007814652324185537846101823,0.61159595801033350692677
-6.189737605103728143411679e-05,0.009839030194778058610594051,0.6116470157842720523078128
-0.001701599291407169698905899,0.003242138484796650184371902,0.61026645550488090030683
-0.002175443269527916039657311,0.00331994387392611388018504,0.6098168777011965246970249
-0.002916135206119648513867215,0.001206634724353908500252275,0.6099079755435397043328294
-0.002682938649235811975901633,0.004313146420137113808135343,0.6099042414803678147094956
-0.002611144553214825216741479,0.005426018704582183729834277,0.6088063097296410042247317
-0.003611786172148744554488697,0.003742057987058592001539115,0.6081061892069375973690626
-0.007231196969855089966283668,-0.007449573610202468547381027,0.6100515004625425286022278
-0.00868023938187992456783082,-0.006879231723189495675829797,0.6095591253716498014725289
-0.007784451277574102982803605,-0.002742625708838075746648366,0.6113094174897550914238309
-0.01079744676123741906059728,-0.006085047017892673999750475,0.6085470282951395137871486
-0.009698346450761894874115221,-0.002156949373038342422648217,0.6113298326754148526163135
-0.01102128563209218634066922,-0.004921619714967851756670658,0.6085760209928851027783026
-0.01159050363099251718113081,-0.003617921999726232858141106,0.6073894253863987291452986
-0.01102343419673688408588763,0.002950675077307418105176939,0.6064563429036532449245556
-0.01068845549158928091848519,0.004598759572682537682952741,0.606870519852126588666863
-0.01099738791765081206974752,0.003501440384035243470750576,0.6084685460291662240095434
-0.01188748070156817396303417,0.008233241117119774465926696,0.6079860773794781847456647
-0.01098060375451141018610102,0.01300863625532062452239135,0.609642962866336790561661
-0.01230971756296156925658547,0.01279434943807735737542064,0.6068904838497855003254244
-0.01222816070456797174492714,0.01419013599166655398287062,0.6070604622181544618442217
-0.01031051251905071124148616,0.01388590219520943053188589,0.6081651831820128473182763
-0.008200265196269790335392713,0.01738229834066108009382745,0.6059013846116819701492773
-0.008194961417873087433649815,0.01910759908457127995151659,0.6092053330639020103376424
-0.005205847444737866751285349,0.02101016140349530256226096,0.6083336435533605035530513
-0.003754910519148014266116453,0.02213293108479407605981848,0.6083326157651649523927517
-0.0008825476622315995460857363,0.03224592968878443183244897,0.6065906673946478422365658
0.0001111932521929675496191389,0.03219749901945613557163739,0.6067749802157007543712552
0.001452276214573012527372931,0.03035845008061211283689751,0.6064289694247059214760043
0.001844580444549384894842303,0.03247555882897604218051413,0.6060690082920137111699432
0.0002683348194708239445316345,0.02466294326024690355958491,0.6087295713775709993242913
0.001921394315013537920991404,0.02497152298301098458099823,0.606494543298767285754991
0.001780704776414871121428818,0.02704700144415328813551902,0.6074957483301043348333792
0.001846246623155184526585137,0.02449512297256506432319156,0.6073649906922933272568343
0.001000903477875394456328428,0.02104653090799128364873916,0.6109776400220667813556474
-0.0002509080839743999609588176,0.01607688392439693761404307,0.6091962383430303829001673
0.001073605678922948721693009,0.01941030227644218938976017,0.6098777594865103512944415
-0.001333031985187282161126054,0.01564838215994755407645123,0.6076826666214790728659523
-0.002266471694218116957053599,0.01405273203189705104321217,0.6067687306005390412977363
-0.002550322334966382588350431,0.01940042624806077170562801,0.60819401424848062998052
-0.004688938521377234054654526,0.01706741420807181622287807,0.6073432474498884348079741
-0.003621593222954148406922403,0.01352699661585976022293298,0.607268654076314806644632
-0.00455841141097281226518545,0.01388483552851683261453175,0.6080083824060935615563039
-0.004798710136938852052757021,0.009060053782636509622783194,0.6075029090591812508392877
-0.005907123451618719219002873,0.008993044433613806704075344,0.6077227700649463493220992
-0.009052077683924865045272945,0.003048216199097029521086766,0.6064064871068968187728387
-0.008761658092471508174625683,0.002096411551852523161287856,0.6088219416933289274140861
-0.007412741673417345793228872,0.008386380792201731868007464,0.6077602657693557119955585
-0.009416163217352252479130925,0.001208143355805266607252979,0.6093599570768648554519586
-0.01000204923720827629440855,0.001238357347785542812018678,0.6085286669341358756213367
-0.008244744939404129169258084,0.006485940786319236220358597,0.6069784776735014375503852
-0.009108647641975905692723892,0.009010851560815644201163366,0.6078179866486049798268709
-0.009029749789605134857595203,0.008014583072923915640917158,0.6076494059201421604754501
-0.009086275955018074598767974,0.008075907574886877909881022,0.6079847803232560909947324
-0.01081032188152501218036949,0.008956113775756396541694038,0.6099781943353103086380429
-0.009113244553361099509203314,0.007514300789692542927034058,0.6085791946195822088583327
-0.00955183336483172648612161,0.004316824263630791164159106,0.6089712832248690421721449
-0.008541003043862712210132493,0.006959729277374101553965691,0.6084284755020300528016719
-0.007852113349864834127012081,0.01049885181336119611972268,0.6070369914596914773241565
-0.007695992223499197038005804,0.005934003499854098410970504,0.6088578710330327936617323
-0.006313674050490311606687044,0.01436365700739159097232278,0.6065253628349186465484877
-0.005039565868727236171153994,0.01603291650376837892966186,0.6072556738994493441552436
-0.004827518166531627290261053,0.01161420899893607187880473,0.6082939818824824040888188
-0.005535630010701755171487193,0.01690962572285577975028659,0.6094117012634832075690383
-0.003542408515002653298514579,0.01445426468195094155122504,0.6079394374585513904918344
-0.001787146812032197433495195,0.01933698388532628306690775,0.6102505953532559868079943
-0.002051728371000039775895463,0.02661519027317939267707203,0.6077497903727088202074924
-0.001644791872431271154489374,0.02811453874693305848841973,0.6081880896207018105670272
-0.003614513479838525004256278,0.0316881808876563197951981,0.6094724220122118563125468
-0.002035094915160141557097795,0.02747886865207857520765344,0.6093460267912712557958343
-0.00190818118774354283061212,0.0300617627285104903334112,0.6087869263089371596464616
-0.001501506226449861357633009,0.02841199683034398987269142,0.6092844181642004253163236
-0.00228991859378159653623519,0.02370079793945615437289476,0.6076298150084453730812584
-0.0008739640568569245196103856,0.03140918002523451768581708,0.6078702296188635001428224
-0.0009870511141107740724770503,0.03278691591407572464289544,0.6088230193704470272209051
-0.001210403944938355296975785,0.03043762875760700967187056,0.6087959507722405794183373
-0.001472662090350675525088353,0.03000057905090933174641066,0.6092905196619937679969325
-0.001800861402201644556955729,0.03029372975288478070376996,0.6101360378778436510671668
-0.001991684345479233404774266,0.02806704567442777631391948,0.6097650428953902412843036
-0.003934734670703105528788424,0.02361247109985155009925784,0.6087391560797933420801087
-0.002563685279557125287763775,0.02662555105794127408014305,0.6086885357136737617622657
-0.00255596497687475814747371,0.02747842850540345438492551,0.6086832197864661120334517
-0.002946111377400155786898672,0.02832514510276681191092152,0.6099835893238985118358642
-0.005114489970683922838434743,0.02428098960502260081351089,0.6095530680233677278678783
-0.003667537218374684014621234,0.02500990568171180400414144,0.6107292656788351203900334
-0.003265604664566599743547037,0.02218668531408625813061697,0.6107227941942441340472669
-0.003253537708895093590044656,0.02488358520910120483260464,0.6090554486677838275099361
-0.003500688044675372406072666,0.02362160122905690093353392,0.608577715923478534953972
-0.004331716311664648294543767,0.0157064258131511154392701,0.6117866099723204831306589
-0.004956969856499263311910841,0.01771459995531175432570414,0.6098877885751650129719792
-0.005775921506239877975530383,0.01794624619027844827923168,0.6110545033773372436414206
-0.00540654529855983008446163,0.01559531034565134199887382,0.6101415611128150340292109
-0.005699012151756550730030693,0.01331819112345892543169956,0.6106791931817469043508595
-0.006744162495989978849120217,0.0169881313886467120999324,0.610165617368803148146128
-0.009059349962555435925581904,0.01745254552715027815401605,0.6111248421036404865347436
-0.008727314838240135194680214,0.01235725210326565556839817,0.6109575332475537523535536
-0.009599626977189133422707634,0.007117053825510941643395224,0.6102878294042671791785892
-0.01073252703877927184683561,0.003308930796290444464186065,0.6110298952512717152174559
-0.01291220305500944895427118,0.001292858308749936019008131,0.6100915202626798761187388
-0.01160474745866543061501019,0.007140119372155423992098999,0.6130678519062828790708863
-0.01443873118039903750975395,0.003847827264976818976982553,0.6097692892208208537141445
-0.01260624534240808829188563,0.008870951005093982710825173,0.6112846180690185704520445
-0.01234609725899450324848594,0.007110456949069669449481346,0.6133051516257154167632848
-0.01236063754675510370506508,0.0028231922165214543875289,0.613906355018859595240599
-0.0151972751704470207534392,0.001157202983432794804463661,0.6123058579417210989248588
-0.01614597696043011676447776,-0.001545320117844018814948215,0.6123766993607522302056623
-0.01572580511366597488809305,8.819675206602673085427152e-05,0.6131010991446501634527522
-0.01598511697956567917389137,-0.0004170731650212452135302599,0.6122530814316717862055839
-0.01633055289514949437457147,0.0008610041094938786568335765,0.6118665818576367598780053
-0.01807638393823992120634792,0.001743999159670854646325688,0.6103906645059302693567815
-0.01777203292931156877743071,0.002409034579765415799018635,0.6117891221456067674111523
-0.0183507262639256221725681,0.008146338729312760720824294,0.6109388855679730445658038
-0.01702741639808125553856577,0.006157458388086374870273865,0.6145312030459378904723167
-0.02010595321717328562427518,0.0044310444493574100907618,0.6141063149465257886561176
-0.02075854951014186391966554,0.006333692055413625218718288,0.6136045105740329796972787
-0.02041096280488266176411649,0.009432594603581565678718235,0.6130532549560485655604225
-0.01929382409091234817921645,0.009709797843178253826113,0.6119260480207643349004343
-0.01951668790953895935014195,0.01085190504692318085033786,0.6133392296736185356209603
-0.01910856277934844596466668,0.01617271982789479992104198,0.6132696680343446837824217
-0.01967552753236594467733944,0.01583343942571362530924439,0.6141993003196323241965615
-0.01916308431278788623752796,0.01835285089625760326925707,0.6144558406799502936479485
-0.01777879485044266127946599,0.02179478564657348280131366,0.6156304183201373181333338
-0.01881824060885338781301535,0.02295639631211470257921015,0.6149628083302702830081898
-0.01628899042191585266881049,0.0252668842879031456394312,0.6181478274743379408562305
-0.0175432194770465850475194,0.02451584310933784677244418,0.6157390182403705836122754
-0.01735161011955081711288784,0.02797795885900808063317946,0.614990292050127340672816
-0.01589519594052802090033971,0.02839955145555871779405877,0.6170579557443698348606631
-0.01417151240603607698087529,0.02772363420815952481102151,0.6152424265589095941919595
-0.01425568995460874469061174,0.03398787775411946099346494,0.6151149934515488526542981
-0.0129141202268458557544939,0.03063176264231066286969352,0.616832115626877119929361
-0.01400950067738309691434129,0.03115365997525106761534275,0.6153652136252606430488754
-0.00955794932171969389977928,0.03376207010122841273291883,0.6161518134878127828102379
-0.00800230970062736253478608,0.0360968887533763133079745,0.6149656505081632085207843
-0.008129684105308657496302693,0.02657207247884271761328989,0.6181297084215138237794918
-0.007348833597745851008153917,0.02487541074135258059585318,0.6164398816116066770476323
-0.006626229323124210521256394,0.0252803362402264260311302,0.6175970640326058358482442
-0.00530619250172036007601184,0.02510455280815104828207041,0.6186715939137124031788062
-0.005392019030028187900893677,0.01970072192889525328207689,0.617276633369172711418571
-0.005088619233361040515573048,0.02069594294767040931759539,0.616897735232519450754296
-0.005549225741330605053691638,0.02878628822492605363048135,0.6154886106476581408841753
-0.005685743000217306254706617,0.01965748505353509187343342,0.6194321614067179737617153
-0.003568912342339729520251934,0.02180802773927310173052163,0.6228403026586215585069795
-0.00687857861098380499176308,0.01706275133637490809546122,0.6207478313702476935276309
-0.004756845740190897287025251,0.02351982312964150806378072,0.6173028460147280682690507
-0.005452369474411616206976916,0.02594971660433979462889731,0.6159127686526959521984281
-0.006352336828968399226602592,0.01957865067604920572552629,0.6168393333582458115671443
-0.006298487004143085363216947,0.02132966540370325597697487,0.6178912012827797450853495
-0.007893400381557230324758301,0.01344059144793947370433163,0.6197231681435630967769157
-0.009471607856336175523814802,0.01806953717507313317280904,0.6204451399392219013151362
-0.01094469630113786146052846,0.01227543479706173432108862,0.619724506186294488152555
-0.008699877442099778618311845,0.01741132860654804118127892,0.6159861410946745330363683
-0.007352045300593819561474351,0.02389234256875023831856453,0.617557814246363911969695
-0.009875169027185812242741747,0.01399647244990944588982629,0.6197598859600124132640531
-0.008539714994688033661285331,0.01788474726179972371098437,0.6237716574236696898125842
-0.01042806997290658677091102,0.01697032989724429202782474,0.6209934443578257745599558
-0.009866801674540808322899643,0.01931946730944102824656383,0.6218769462114029922261693
-0.01152858910409819762077355,0.01667509670902632759603712,0.6195877317892380942154773
-0.01186389071224053064212978,0.01864813699497118795744832,0.6197267303104900815213796
-0.01184174870247116199972748,0.0188354300185472924022978,0.6202371250406740754712587
-0.01010727084900068552253405,0.02697603232137622472630589,0.6217212815834829431338449
-0.01070506257021365537074331,0.02334602070719508926099905,0.6225043525261455545916078
-0.01159892430028392103225077,0.02555765703377641320792613,0.6194949147354487095640252
-0.01396266296342539049712972,0.02094592034119484996734784,0.6218949365386448047132717
-0.01210604263812657156729191,0.02282663969495129716036352,0.6233058140166617411281891
-0.01372926521693267933044158,0.02287085233455476637742798,0.6221254805275573396272648
-0.01210994433252056239058714,0.02848741350992597953784013,0.6221672816037165931746244
-0.01394437057533901014316768,0.02902146399867456053045522,0.6267351097281996796795056
-0.01338871268929721358720286,0.02595190480534158641856557,0.6230813239379007217877415
-0.01501431184922110730062261,0.02499301869497262337804777,0.6234001647482775299025093
-0.01388670331723809714397078,0.03007534306856112643613343,0.6259639800993681557628179
-0.01692470788515993210254784,0.02317965416786660001746689,0.6248482238059850368827597
-0.01852391939550442415129972,0.02455653394535555963940077,0.6247897095820116319941917
-0.01873625704246158554799884,0.02489369639618710036699234,0.625731824968214223048335
-0.01949605897946493637817866,0.02504283753404151768862107,0.6264630236102013416399359
-0.02046037790001412060014729,0.02485548001294334702349076,0.6259834137168777123960695
-0.0214123405773613342817363,0.02533233219016922666000369,0.6261825683885896554059514
-0.02353736543386391114052181,0.02935048807254825309343005,0.6306039031345258560889988
-0.02424836641028721082036235,0.02989505761007921202931925,0.630442046143805057134557
-0.02255033010040513249960803,0.02585673476240905183098917,0.6278982521553291284988063
-0.02453873880781272734386,0.03075445503909678829357333,0.6306898032016946542555047
-0.02304737283964356300836052,0.02446835834282069452316755,0.6287755740610123655898178
-0.02286572978076628626098454,0.0286929129954116082790172,0.6337996468844779851536941
-0.02476018842622175128442841,0.02941785512828840043475509,0.6324196090682915327718661
-0.02174790245221844275924639,0.0278404304762677086426681,0.6342966130830681725782938
-0.02095987171440859969662185,0.02735307507878909430432124,0.6339939231087454718505114
-0.02137492082219887359895161,0.0276215999062808907626998,0.6328496525870875855090958
-0.01856669684022935196132664,0.02729093451512334955744166,0.6295507723134970978762226
-0.01687012694359741812877296,0.02584981847294669926595745,0.6303821818704999913052234
-0.01631902647827714047945591,0.02420180295808524797984695,0.6306068481539212067232825
-0.01651991488328132667851023,0.0277050261542103430645323,0.6329079631211446121952235
-0.01672606798758287036110737,0.02959300922316651996646364,0.6335083827310756809936265
-0.01725011069049390069474192,0.03799187446347024321724462,0.6336606812849776559914972
-0.01514605772046549378440083,0.02834887803817956117291565,0.6331025545762961614926212
-0.01477336200722430097076465,0.02580844547736110480840033,0.6322587846489647889214325
-0.0162862028894921531674278,0.02330596450172886871521349,0.6344807074753808784350895
-0.01666006944714672893814722,0.02029938061692979772709933,0.6351340569595450569195805
-0.01737824768248196274922357,0.02547823753030508883710148,0.6364844792756126912181003
-0.01529871523568046738639215,0.02383934148492041285583021,0.6340231140834307055342833
-0.01801035900893676808265376,0.02570145951671949646755166,0.6403539827504748371822529
-0.01791798884951683809574341,0.02541519927452044400051356,0.6384436152469893377414678
-0.01621772228478542479668256,0.02848368697660369486257537,0.6354682945035533547795126
-0.01555858187372593202935089,0.02684077648027228396587773,0.6355513895088065190464022
-0.01602154669214511314989657,0.02532379665851208772053837,0.6353437356991014084428571
-0.02096236050110801205081934,0.02170656341981416770359203,0.6418856729365965962941232
-0.01981663844579638344978179,0.01757466148589192922457869,0.641562443413504990274987
-0.01995620285378832750589062,0.02357136471410838790552233,0.6457251426622729884030605
-0.02020716257239629429220962,0.02440827416577909247941136,0.6413384791600162948554953
-0.0199600242637008457036174,0.02832715459235020383221837,0.6384356577759284778750271
-0.02339879475155789631535264,0.02495443004490207478118791,0.643651740555827522882737
-0.02116707893975029036726099,0.03058493449444753264909735,0.6392129867060595271865964
-0.02134533210428942590075607,0.02584630834927707440651368,0.6394122564523913032630276
-0.02256860215269226518919332,0.001232687560355330818467889,0.6378417557985700536704599
-0.02636382954462920466531806,0.02731936350500017984810341,0.6443262094512148818736819
-0.02407558629102514793918211,0.02633675101785652380992353,0.6445047660516602938685082
-0.02464703152102519154165172,0.02304996896165187325600243,0.6449392824274430280340198
-0.02447901280634489848408997,0.03378406213109428485319441,0.6413940628693501899704188
-0.02484226793634150554090922,0.03732366468100421774689579,0.6406081891578574438739224
-0.02447357240311038781288566,0.03440066343713023278017005,0.6409127695801053459234708
-0.02403968940627440945001503,0.03878032150483370910087899,0.6415975187837728022088868
-0.0234948213720630669221201,0.04406483699309451940173687,0.6424008996353944844770467
-0.02287758996042384140867654,0.03931592019821988220895648,0.6460864958006742320151261
-0.02406593942925255510956184,0.03765304036547339333607098,0.6453106027359589713654486
-0.02054247114711042071499847,0.04739658604124703800142271,0.64380007136974837234078
-0.02035351071371442263635565,0.0475440795916829833656081,0.6445009089161977122728331
-0.01970804811690773233889828,0.04537257497824902230387778,0.6453867904724811532801709
-0.0172930001883718209576557,0.04490369736749411089249406,0.650347956022559792188531
-0.01599573039612839017720169,0.04314089931794601318060245,0.6520737722415249626450873
-0.01626099344391927423170152,0.03943150692068939089374169,0.6491379219280414281101343
-0.01332393224562074783567933,0.04617139330274275255128202,0.6461396919187316623123252
-0.0139943110155096184926693,0.0335472882990718174189837,0.6487482185475009766051357
-0.01453424743325422430206828,0.03195708128489088695189935,0.6488535891904770869231811
-0.01294586069719001579503281,0.03980743913890922441867204,0.6491679871851626648648903
-0.01192376662834501201138071,0.02983905992020437908385233,0.6530579490488966909467194
-0.01079327257529473331476577,0.03354579398782629034991842,0.6475393979007734168718002
-0.01005443913259205721000278,0.03013702288983101038044587,0.6466778340810970249208367
-0.01060309514075189092630058,0.01970476561518768807146351,0.6485688662423114703159399
-0.01156880004295294216143386,0.01615818959250230751889532,0.6477237249055645129658387
-0.01109780277253976342455299,0.01833439235397973238184122,0.6495649544752164494809676
-0.01303862484779758600106359,0.01146083871250061503310747,0.6476586574890766945244991
-0.01416012260039157914792707,0.01094776606754644179830827,0.6492977550151151078239309
-0.01439596192525773032944159,0.01147564557318524365581158,0.6495575136894582435331813
-0.01387785968092993156564052,0.01662492503119674877587464,0.6474436084474914920861011
-0.01430265637752013187233846,0.02150157562425423357632681,0.6467550786709178600730752
-0.01493466772005458929883925,0.01557550524579450791640145,0.646962780852472274517595
-0.01653456462829053577601179,0.01943798928159462882647723,0.6466943577843172752395162
-0.01574230106923523581086144,0.02310357873943689674400837,0.6480606175597055651493861
-0.01692167775380611777213957,0.01615116973609737743844406,0.6515809512496231192812957
-0.01798097100954977600739682,0.01660558281182469148040681,0.6499519037036700641607467
-0.01891694509715486152701125,0.01703383722859817470118848,0.6497816091653560999219508
-0.02024749602537275275371265,0.01948655848277270133395156,0.6503351463691511291642655
-0.02227704959513033405871241,0.01492930059425927151461888,0.6499665199326941644741851
-0.02292900840682442903384342,0.0206468545754632873401313,0.6490050523624611988893207
-0.02328805607660347498644171,0.02117042717641082899548977,0.6490856091210008838032763
-0.02451081130235260516214701,0.02454109322571412094005083,0.6486310203448031330708545
-0.02587731433146106888032456,0.02222251489194127307968962,0.6483902792887680233135939
-0.02436024853067529291616999,0.02347222847289020392080872,0.646002678911345773471453
-0.02415691572502006931322249,0.02958487672563191520080927,0.6476355205704342754557956
-0.02361890650057885121526624,0.033419872857450960701442,0.6495657441994653336081456
-0.02281194297694212266836011,0.03777747759657151815915199,0.6476829176469379723002362
-0.02356847647561456995934925,0.04000429094316547418141994,0.6515267007721096126360294
-0.02112258327096267623845804,0.03270959307389308123870109,0.6489780304420188494773925
-0.01781997671507940320112517,0.03572995473901206114897278,0.6518794094834479135869287
-0.01698022905230457679781608,0.03655096472811828617333063,0.6507506412886749913582207
-0.01330789404129815479971288,0.0390481526462067504712472,0.6466875331414523309092601
-0.0120390226013217475214967,0.03811580455280039886334364,0.6496454043290241786579031
-0.0108127091605950877845066,0.03641810622131788632849236,0.6488283792350767464895966
-0.009771634723501010366675246,0.04480979181608767819566808,0.651938304797720302730113
-0.006234328976737843301669795,0.03618139421636729774478525,0.6479057593345728394140792
-0.004288374416694426538576579,0.03563328947900248899749442,0.6470019925375327662919744
-0.001589772644069427278562534,0.04368654659009883062248392,0.6445271309587641272997871
-0.001420474259443589137158481,0.0371173121819766554940756,0.6466031414735857740794245
-0.000619317907187263115564857,0.03596843162102010549308062,0.6467419634957872753844299
0.001192225393113257106425529,0.04300061896207166278749412,0.6443831247774480797119168
0.0009591912299917457803560827,0.03415474783609331183020785,0.6474948356931616855192146
0.0005830855700033191809511512,0.0335085020744442865781032,0.6474308183072010614012015
0.0005844003015582418126411257,0.03294934717994585371414473,0.6481269483309062273690415
-0.001080466842451097576188745,0.03141747278913840230041288,0.6475295934455223001435797
-0.002253424909088597334616555,0.03651624635109915195663177,0.6509985291129202211735105
-0.00187330590095217529994498,0.0315915371511922768443803,0.6448186841769469879181997
-0.003804282005358896896068943,0.03013060242274934880102322,0.6466369141030859912788742
-0.005499044767671033319411666,0.03299334914157406317691823,0.6511589205925455425827408
-0.004459035238259641265035071,0.03021925780548085499477295,0.6454065830964053063212305
-0.00705280495192380993407788,0.02827482726976992058465221,0.6444871150953056515575668
-0.00964127323430410618221309,0.02447717194419956818207673,0.6444808333428796442987618
-0.01343649802232922511879831,0.01981561106090377888389042,0.6482094883848286137606465
-0.01285138455393979896312917,0.02330846511779901403249582,0.6491032061128403363170492
-0.01655952920428526570217898,0.01906287918616017540429652,0.6465982521822207784722991
-0.01786503717443777353168777,0.01908473034337384785508185,0.6467584124462590899895531
-0.01843724662640120262602217,0.0317514774996783405436318,0.6485524159740749805536097
-0.01813235495434482869026027,0.02775907173441793593382521,0.6473359899902290104378721
-0.02203123476925968743378448,0.02285756245835100786134575,0.6482343036653065437846521
-0.02141090305008382099760667,0.02234841617139568525907123,0.6460882882836442853147219
-0.02028530936289557953799978,0.02751000037295095457245964,0.6480444939978654561585358
-0.02080378015323994592145063,0.02393351260697457183468373,0.6464418020565220190931655
-0.01939115079803109195633049,0.02946339160177676580465445,0.6467413773679211441702819
-0.01803618267054453438991146,0.03593461366718492255856177,0.6437339238233533711408541
-0.02054416443033729722245084,0.02863147425136931475964097,0.6471576238321927743157858
-0.0192217719727283825603692,0.03831544128438254398494323,0.6488533909546456701633588
-0.01574812852308290350711317,0.04567652049489145937855028,0.6434949507349694286517661
-0.01663223199046622025054631,0.0324433481661857842093255,0.6460518232490637391407517
-0.01506349548143352465312539,0.03253708320310304963340897,0.645773644004251301531383
-0.01297231208678608326001491,0.03548292963957510454120481,0.6436040485272137567918094
-0.01258526220003928879076494,0.0320354984818082000330719,0.6432560864621917895433967
-0.01146648628748462260540375,0.03192827634370677680752948,0.6440603107637775659455315
-0.009117536122578751706102551,0.03310513360844000163574208,0.6439158122252623961401241
-0.009286677037405668966307815,0.03307100333447860612823277,0.6441317907827157629441217
-0.0104570226627098399746485,0.02994726388833664210142871,0.6427805691322373560225856
-0.01012952226126783740467463,0.03249065701967856351073394,0.6432487634999062287022298
-0.009716104805063446175905639,0.03327663343777671756118508,0.6432642344424306379835343
-0.01037544510615438092537843,0.03180529860873148456645865,0.641636992608041745178582
-0.009981378233351306111797996,0.03380222344440835663403888,0.6415662665220702720603185
-0.008808167966846726371077381,0.03206752709156549668856329,0.6427011484816486097670918
-0.008916674966181783318353027,0.03376261222947383316972392,0.6424223950673397798283304
-0.01126125097565359306495125,0.03699045748405691003135587,0.6437184287978612307057347
-0.01117081939319952699207761,0.03793590294711359639512338,0.6424107316389905397713278
-0.01323084392420797832101709,0.03474028583299880457158082,0.6419458588837881896083104
-0.01362470511298482372941621,0.03460661085558963678820987,0.6414373731927501820493376
-0.0117160630913079322201753,0.03235706529299225975293552,0.6399670882657759740652637
-0.0113427982939032119535927,0.04055989482055169514929105,0.6390108678917916229522689
-0.01266717389647342359437765,0.03564376960628839324796147,0.6431700216034551553789811
-0.01572600400243286122847763,0.03427503404105637641041682,0.6424020090843988173290313
-0.01594917018476436909590888,0.03495100599001713798097413,0.6434724092470680556488105
-0.01796626685772428552723134,0.03493572733196861901383556,0.6418692919435312616016631
-0.01845083360851099835153732,0.03150034857544920657845822,0.639800956413321797455751
-0.0186539691873088588069951,0.03211164447852363212909665,0.6406793363881382319391378
-0.01924603357374455800399282,0.03399384805148980559508232,0.6386755316906123081110991
-0.01968819497617726316240905,0.03268720809160872292631339,0.6388608455003859099008423
-0.01916903343047073743354858,0.03027303983890335115081172,0.638490670812518423815618
-0.02035149813888004199924353,0.02692662949669075503345006,0.6359066075162831399580909
-0.01819798084638622401310037,0.03317962841971126147777582,0.6347929947424223451335479
-0.01973252719928779083669035,0.02490389961864596102270042,0.6375361603367977192391436
-0.01682320946083202747867169,0.02728190726387305642397507,0.6377762109074370799888243
-0.01700839714434828828237833,0.02334588556771623191199438,0.6363406549363602726643308
-0.01583334077246143986594795,0.02228963658950013429493886,0.6367937723694253593365033
-0.01637494428936691476250687,0.02229621638876012543195593,0.6374357107113732823222563
-0.01357169443819328073785879,0.02402022320461162305238467,0.6334720815368259927424788
-0.01549808818039405573785405,0.01857122728339226369609349,0.6350018962734654826007841
-0.01434431030131113130043907,0.02113648141608743397101833,0.6343696458360229550876852
-0.01515723196113872954515767,0.02072701461647246182207205,0.6347532782705366249942358
-0.01430440414205222561527808,0.02712034199392010166973499,0.6309415226454768710340204
-0.01547585705059587035670177,0.0154027360437811820098597,0.6318244024996200192134665
-0.01411066383151450900901303,0.01805031037198973065116547,0.6325277232219221890119343
-0.01467419035229047645507716,0.02300454363167827101510632,0.6294036793147844699447546
-0.01682329818903171431143662,0.01622019534398643977879395,0.6307972768719447564933489
-0.01652709169969902858188249,0.01610853985939766919166516,0.6324025721247334974606247
-0.01887160132878381788024136,0.01707788790577140572435333,0.6314659763193868347030957
-0.01563398112519732638392433,0.02247715872471088213724322,0.6320465694449718396796811
-0.01758306659236244517963144,0.02102127027673865097834316,0.6324986240559085093337899
-0.02057416259999677449199496,0.02401269021621409496813904,0.6313580935867103560710234
-0.02026744923099026152168989,0.01758711930878487095242235,0.6296103516764379737224999
-0.02059008891231754734274517,0.01964370922451881551484831,0.6318685797714678198389038
-0.02191515705384495041330162,0.01833912080222193166645361,0.6310170356865565377546545
-0.0218029446557022887898114,0.01568901563684986164015633,0.6310881228997680114645163
-0.02230573247057630881240442,0.02139685174347801671634883,0.6321530364475613783525887
-0.02468709166085742215401844,0.01822497733078051046495816,0.6330551485662399002762868
-0.02202867544122451282095909,0.01336574492789552662252994,0.6309865259452090979763739
-0.02038155927110218285092103,0.02177431414127677100633917,0.6298930153766918449420587
-0.02236272122770023920712568,0.01463204015602651876515328,0.6304525654379645738245586
-0.021158731027374911431993,0.01768736610098144146352439,0.6316989896622775546575213
-0.01756943025507216524228049,-0.001450664622008047879159198,0.6257105514592996575728989
-0.01695656014841191369657558,0.02027633387414676940929681, 0.6313035388680813264628
-0.01753317945305704617098286,0.01645144227438554221376599,0.6299639254649617159387276
-0.01462067562565633888072014,0.01737156124089801051413318,0.6296143599442224347839669
-0.0145459228871709228547715,0.02789577489689079592416476,0.6294878166178046186018946
-0.01399068210766834900737887,0.01999507019802882964998325,0.6308937658876969667431922
-0.01265875535032391294154586,0.0217163451020212922015773,0.6301612991352172343795246
-0.0102381286437493047164482,0.02436431933503537330953925,0.6317803325934303604327624
-0.01266139850937867197822051,0.02250953870649943094894851,0.6292282677741873886390067
-0.01264687138562420494480865,0.02548043916291607702273581,0.6287364178612987464234152
-0.0117420127592973520119779,0.02481999715980684473315421,0.6298919711079274952325591
-0.01192858265243604970473612,0.02906549286043702204351824,0.6331620468091269104959906
-0.01115640027655814998930328,0.03189651923640365871470692,0.6334541704337566248028679
-0.008703480644997057050216149,0.03795745493140094406481211,0.6302291110838299514895766
-0.01078283809631611772639204,0.02685488451710108318004622,0.6295256173959403733775275
-0.00810839076159617332117957,0.02477348958008439294697922,0.6295181799741977890505495
-0.007133387989601679829432257,0.02247355059586680220418131,0.6293185213334487881908785
-0.005196896418672761717993946,0.02275158139159214401581188,0.629093243628047749105292
-0.003920127800968829269445681,0.02319139875670927358752849,0.629540525908652282005562
-0.00265875627743994988674836,0.02790997271224112188936495,0.634858254471798555407247
-0.002523136903396843051805565,0.02365553056285143659898118,0.6304641807206624593007405
-0.003552655999803116214363907,0.02464395205981743941503481,0.6279521369984193412960849
-0.002660669069690047624371365,0.02426948172068755377184246,0.6298687274972196714628581
-0.001242101163216457722707209,0.02622890842165851235656682,0.6315338851380769558119255
-0.0005472997204506765533266188,0.02581429970656897235348204,0.6314969985709331101730868
-0.002151247784310069809804444,0.03221384102911215019382496,0.6346267313221323203009661
-0.00234849144717432650741884,0.029958862457586849653568,0.6341060324856900853873753
-0.0009308445679641787337196823,0.03007960439419823245321695,0.6319995129445016290858916
-0.002772893457531327293663637,0.03430413324719074757984671,0.6353843728256890477368302
-0.00155828476951474798745112,0.03057209788526751848003471,0.6355454694299730311612961
-0.0003985462769567629727658631,0.02567860119669183524560019,0.6333754661409853881082199
0.0008514317674097954735321081,0.03222234712446664373075578,0.6367189020536914156878083
0.001286448772098508540676076,0.02722344450509834798412889,0.6326622489471648291825545
0.002852837852562579556287004,0.02449754517655845786894275,0.6322487761123746219382724
0.002793497983530764030429827,0.02182192035839070759495328,0.6311928774358949167933019
0.003846473909652551627369466,0.02178614670299119579488512,0.6322517904645139630304129
0.002873510705260642113939573,0.02164995119193006273272673,0.6320484607040695035351519
0.003048066510460298045998018,0.02295590548856796947463366,0.6320220753623012610589171
0.0001753095100552146015475408,0.0192225182724866765215932,0.6317660008728579468240127
-0.001063899939116096831151492,0.01874947443163731131132721,0.6315509390201857753410764
-0.0003103084975714346543419764,0.01649407589732342430122181,0.6324891743222537110469261
-0.001194680682375319925175861,0.01563914542547383337844913,0.6330009198765150779664168
-0.00409712800850153303910961,0.01451022188329355311342539,0.6338966803078441847318913
-0.006086395434775277064887167,0.01660788718983447626031946,0.6361753867742154788800235
-0.007972933728029828887029495,0.01647684697371814763200426,0.6359723493248556902557311
-0.00661758745469587499749009,0.01282336440495642632120266,0.6345171847054970060142409
-0.007473943130134470293202131,0.01302807377006022851451128,0.6350666451683004698480772
-0.006280786911731325861119046,0.02076388306786213638899241,0.6327677192177737497402745
-0.006650676058989983367719656,0.01467793143350433482385853,0.6313032567579235365684553
-0.0069070611901960315970328,0.01540223157535280766594621,0.6332277346621202340770651
-0.008295339204616284517479485,0.01704754578193554831466727,0.6348857489536335885205176
-0.006100564867305919083961818,0.01175088633848133182202567,0.6333537018951344021999716
-0.005502202355282814760784049,0.0129992156941209184572994,0.6340489357462928410313907
-0.004784755654378183495345489,0.01131300690404478219430739,0.6347772960608663028736487
-0.005352455679250044118244745,0.01141161195344289440434249,0.6339015642083625223790477
-0.003039437453534085589040847,0.01613817593606042127829525,0.6330766913668582906993265
-0.002921383215764385577611906,0.01648374618010552822289227,0.6331407805502166086242255
-0.0009532656837427077580957024,0.006145067878507970947354888,0.6363682349525690007396861
0.0007329336491330077198516624,0.01218181946076654469102163,0.6328165777158560878490334
0.0002480811843121896818203931,0.007384037994703251603367811,0.6361499506522010349840457
0.001555889521800756869832072,0.009605899072618752365659844,0.6375941195872386613174854
0.001038527947250138380383411,0.005793375190652293345305868,0.6358234312358516104879413
0.002342727046732598003564441,0.007396846507397015352269776,0.6369588472666141143463392
0.002301070289746538939656961,0.0161245729234205520397083,0.6342826759370119305003755
-4.441816870879447347840452e-05,0.0174634410937740333635837,0.634888439977185692342232
0.001850975440837037376551333,0.01140087901958403843183376,0.6372596962558171318491418
0.000475600464008380939724685,0.008908735600786525654637416,0.6372118353818215785722145
-0.0006653208487318335723204044,0.008568650065446818675507501,0.6372681108275120021033899
-0.001269633784590573763115251,0.009389631001581171670933301,0.6376682052875617401355157
-0.002890227239411965933640891,0.01075648056779543795813403,0.6375464631622682620815112
-0.004635385685708635385149368,0.01109572550893557670026457,0.6383855387035357598080054
-0.004525827670414228100226328,0.01237078986558019962072041,0.639228625332075028886436
-0.00549066667934553463703562,0.01031914894414958684676353,0.6376639910531332056109477
-0.005350079909616271833794343,0.01230957384998057277392114,0.638069404113914107057326
0.005112834780467578714435728,0.03086306148476545066494658,0.6427745696145813480981701
0.004869225350293935813961177,0.03309503967230409404720604,0.6438381427296749892619232
0.005843862524028672900122672,0.03412889782743669386810836,0.6468107007315934131597146
-0.0002217387846905294291818822,0.03599788044482989807226758,0.6458380839976600729102074
0.001673412820236875805934851,0.03676146774291370877829621,0.6458534558320091489846959
-0.001488785316484472808287731,0.03689834727559571092569968,0.6467501117204041971575634
-0.001604622323639695331137789,0.03853427776703107626721234,0.6477377522666351028490794
-0.002397734852671434650772664,0.03922090888492136412368794,0.6445568840419058087576332
-0.0001414817682329998346432709,0.03750811330628759515670723,0.6437806123968894400633189
-0.001910666330524817685398986,0.03883420899648977464568844,0.6447424103269956408013286
-0.01173919109222302213646483,0.01989864473340591938255173,0.6434253239855229900001632
-0.01311559131715855398836457,0.02398131911617158371075043,0.6447972571395322871623534
-0.005576769005946578816601544,0.01756070396643301737005238,0.6456399779433062979805413
-0.005722844635755616922445643,0.01332174178474406119054851,0.6432286753517417743353235
-0.00535555129562465242337721,0.01476252381027391702428275,0.6434354899295958718496991
-0.007769958482797430926458659,0.01947609143277303361818653,0.646288746723496676516163
-0.01101903738601887026982151,0.01990617827703147421636309,0.6444490021844638816261863
-0.008929644920031256510872808,0.01709091335098906691558618,0.6440096048911678749959719
0.0004019138774727246880662246,0.01297589021473770018455518,0.6431382523835859066352327
-0.001562220126070331489495646,0.006002539293041399617867349,0.6465392665185154541518386
-0.0003789356882855706310647692,0.004937046053290189591422621,0.6484489425317760957767632
-0.008271516595790642106811319,0.02564270849878590857739979,0.6461087669408023259620677
-0.006735371043875693422564588,0.02718371124525759477408293,0.6455695404529133707427491
-0.01164414160294099075121377,0.02539193820797325251703569,0.6496244542172820990444393
-0.01105421532742160983797675,0.02567166547531565812256815,0.6503587856211662243666183
-0.009974349503805273950418631,0.0267405779734260426461212,0.6495835721855606204044875
-0.00333890252577061404093417,0.0187890115856804568172933,0.6475461930814191413574576
-0.00294905501630846967123234,0.01772888765486665615944695,0.6463598875749699823600736
-0.005147757952003305381705189,0.01217731997961512234451842,0.6420156172671663830087141
-0.00800312235112530384606444,0.0188109300806581399012618,0.6464023411334216540069519
-0.0091868119717856740885642,0.01030083713147524407394151,0.642278174195398121604228
-0.009176094749046778686896175,0.01173918649497993245411909,0.6425066555374859822435951
-0.01131585505732565430370151,0.01552760973791258644616242,0.6435438414261847039909981
-0.02095748622964658039458108,0.01917886831124032687156955,0.63537101837325538067347
-0.02196072340316251522707169,0.02291826426269629596310651,0.6373656300934040785932666
-0.0212158282297434837293526,0.02126276397328823522525632,0.6389038719145044842306902
-0.02101733182531925411828944,0.02759665139529745778168568,0.6344544795503712641959737
-0.02151271553195631749955119,0.02108519209806410110719099,0.6362163376072516030035331
-0.02122963387821247271958214,0.02169605029955114228190638,0.6364323813626746595417671
-0.0186224470140242438775946,0.02963893794836670522729882,0.6339119831850326125533002
-0.01076106086793063819351257,0.01797199527696244705787798,0.6341583431642462409527639
-0.009573930413862946978142965,0.0223780421524210591799342,0.6406240229373341144025744
-0.0118280726028784730768928,0.01683788683054441084885333,0.6349226869173834053583505
-0.01220382103451845244579399,0.0139730660820062777688344,0.6335314143639614314906794
-0.01041046111717929163742458,0.003854414327610765356180167,0.6338086962782040201247469
-0.01264632817627662879356176,0.004277040495998054442372549,0.6320518467069008439196409
-0.01388283333210153965009415,0.006673828566022138586433243,0.6336790000528816912961361
-0.01537913198114238336189352,0.01607718786351912745868908,0.6327055885042315308552929
-0.01462546533427754209821803,0.01400074469625114080562067,0.6327299810976810823248684
-0.01313247245485119410468577,0.009125539783758145409575668,0.6350713441651074653293563
-0.0112180803185199604726785,0.009260766685344097581822354,0.631869676064158558581596
-0.01452238744811264192779987,0.007945753860773218171797971,0.6333419973339857733662939
-0.01269770742644216882100139,0.01288281126259020401003674,0.6310759442718498757329826
-0.01668521419702506322635394,0.008673278956585832658032764,0.6344373864436080312501076
-0.01701996228841095096240288,0.01241328436490927826507669,0.6300974613953235214935944
-0.01620766304041976191285812,0.01260872524368700925423425,0.6309047598941728285382169
-0.01586919351197414035370414,0.01005084653532682496812622,0.633944389630687332726211
-0.01576515760127787310618253,0.008691035244227603151490058,0.6313386703370793551215456
-0.01349097701009683604456146,0.01474468290754912640216912,0.6306135854899489467939588
-0.003308775526983807196979015,0.01850270149220770501963251,0.6295447697319858093578659
-0.003609156501690651344671501,0.005172238355994503850032729,0.6304030061725088840418607
-0.004191617955501240541660302,0.006642539374003380604760682,0.6310379920328753611258321
-0.005431018768029847315625958,0.01470279320311319512515347,0.6335555364895630869881415
-0.00490071705140227454472468,0.00907766258347885747481687,0.6286653652667473224369132
-0.006329471848996132653242253,0.003268208033306604313322774,0.6292810539868836094967719
-0.006689754618687126716536362,0.001561244585558410396738949,0.6292468057579250206856614
-0.02558874852937815039255476,-0.01100936884501012638648554,0.6272287613445373111176195
-0.02603329081308380227310906,-0.01026849138163095885578624,0.6269621394271498449057844
-0.02827443496045451559739448,-0.01211211804023425153697957,0.6267550973447170159502662
-0.0306928134683611547606219,-0.01169153414661781159589182,0.625282683525887117426123
-0.02890104480070932249646809,-0.01156731876881728418582362,0.6256289951409366167922599
-0.02564029702479088054789536,0.007592351281830911693959685,0.62629166412019088294727
-0.0257466623303829536539844,0.007780201633692218968207932,0.6267692806536548921769736
-0.02517480144510488362930012,0.005999060449720585927457783,0.6277319437408532820654727
-0.0221597081780191239308575,0.008024595192260380177584622,0.6285823113390457406168821
-0.02406910771861398012916311,0.008358992270064133367490911,0.6278328408360782653119259
-0.02190810142697541262890581,0.01150444997338514845075519,0.6278259790909931359337293
-0.02239538978111109412960644,0.01058559070798537234125991,0.6267941689397220628165996
-0.02200517882140651249045504,0.009465588195358400069867599,0.6277227819969731781313271
-0.01643477098260580707145273,0.01185155766057736405338918,0.6306972779121002847801947
-0.02005226277030537976320268,0.001819062108469171991712021,0.6321198565166057381503606
-0.0196419296840682697236069,0.002845630340907275533657295,0.6315503788277333496736787
-0.01882940692544765245997063,0.003197509749960982059630021,0.6329317842648252145920651
-0.03606468034002472539123474,0.002826369321467024024047143,0.6350116267314430684720605
-0.03608254799908580667811009,-0.001628740626702637099912363,0.6313574898707819960108623
-0.03586891192568793934603022,0.008419944389271067156088613,0.6391419169579161119187916
-0.03746737077102476470846781,0.0002253435239424841798980964,0.6320519183813222419132671
-0.03297433423343015812534418,0.0146262412612330472416744,0.6347387130284052325635002
-0.03315625202476553401442771,0.01245782617654184534772277,0.6308819844181030589425063
-0.03605938962075069115220671,0.008774911556932439224421039,0.6320665832532543770838629
-0.03558131900132296271399568,0.007135460534703686429069958,0.6295164040721823450752481
-0.04297456179772119605475567,0.0194912167783566417367247,0.6310528549934744102500872
-0.04223106076363790373218166,0.02486525461050815427599403,0.6293761154271994007203261
-0.04475618414905053327190743,0.02923760038996134347222267,0.6379494345686780309989672
-0.04419892879110816352739022,0.02484032990207161659124147,0.6339668517436374273188449
-0.0432679255285183528290105,0.02474777768764766308629,0.6327764023437215668010936
-0.04379575475304187115455079,0.03216458774220900401763501,0.6300626469831777098917769
-0.04645801916385831897837733,0.02907133903190617374434623,0.6317541464608728007945615
-0.04461554286065112784331887,0.03622167195054686733568516,0.6320112683398870778717082
-0.04200460600927727328190997,0.03653979495966778318072343,0.6298349541823498043413565
-0.04183669467640868666613585,0.03582089711703900086758878,0.6280755586965384162922987
-0.04273438808126494431460785,0.03118070796300037583748122,0.6326895495213966658099025
-0.04046388151561135237965772,0.01506616854956734953552289,0.6273044184263278921775964
-0.04158206487652110067143596,0.03981564536232182205388597,0.6325289930233463087105861
-0.03974494855318967678758924,0.03863081575407485701578736,0.628778531976389221114232
-0.04176007661244391516719432,0.04061546188587711325723717,0.634323343997012956130277
-0.04146331180905182128837438,0.04065720071839413335412772,0.6367683052270666221872375
-0.03912521063600021831163644,0.03548510024497622539207953,0.6324152512637566392328381
-0.03963234966032128103741172,0.03226972779513524736128005,0.6335742222301847803578312
-0.03918932639191218675334127,0.03420017264037955584399242,0.6346046696495567518425673
-0.04046131910829715849775567,0.0317641919350357265772189,0.6311028202257089603222084
-0.0391261203368151178061396,0.0251800992754127317407864,0.6302672185394457837759319
-0.04081693880627727810672667,0.025385379194986016498925,0.6309673201874480552575619
-0.04242824884080943770303662,0.02496965103316771059094314,0.6309212702419256801888992
-0.04373616316096023276527305,0.02580221255472951377707425,0.630685925653151513436967
-0.04443316923475780499952492,0.02501383169311436824311379,0.6306610240017455071281915
-0.04283334697268263713265668,0.03191266826192352967783705,0.6278892696391072947292855
-0.04607920337160589102643016,0.02076627189688879521201059,0.629466708104008954016706
-0.04748319821610667151867702,0.02035570922227849383068232,0.6285377269177967463065215
-0.04560116281496721934995975,0.02252610974202019430978616,0.6298250095020152539149194
-0.04953295719166526250853977,0.02318277566749546436675189,0.6292078491628668723834039
-0.04755031654454006107002328,0.0257869869591753203552642,0.626688843967874831264453
-0.05016076433409215329373154,0.02468580719707214390923333,0.6323440142727283497237067
-0.05064231184826809700760819,0.02169568401543417110466372,0.628460333599991871622592
-0.05193405135853385728994525,0.0219966858875685483676321,0.6278921576679260541098415
-0.05219641401398500413222337,0.02483805403044316365002153,0.6284883604590422168101327
-0.05245920171238039469985281,0.02141941193737085386006314,0.6258550510279351497544553
-0.05302746061027504426155232,0.02464279209982780591281504,0.6287185965889301453302096
-0.05492939458414918679762806,0.02250013548581053512975814,0.6275072200847708892013088
-0.05472809589594387902344863,0.02379687629663373646393687,0.6279386426471263993320804
-0.05323778501863899587087658,0.02597654809242216228382105,0.628244684056024738083579
-0.05777155668156603446350417,0.02714555823246076263211002,0.6276895008886216320576068
-0.05631447183564201874883537,0.02983180625827847737285836,0.6251767749447650901473139
-0.05528170071898717841119009,0.01947833535420542480642858,0.62465957403418304050291
-0.0559510241041008757334474,0.02259068831600435922624115,0.6251037795920811879213375
-0.05494163009122571966758031,0.02477263942919930364561232,0.6271188619300344102569511
-0.0519508007764118706628409,0.02426656982239547635793464,0.6256212409894232884255416
-0.05036985585549794836035531,0.02597961464524085883898152,0.6268173295625935059760536
-0.04898421797423330864562629,0.02546507257639992610753765,0.6244376591773279638886152
-0.04499705762627683597321138,0.02519523644000774831308576,0.6243487442592505765048827
-0.04375540124021908700013839,0.02720836762991276150391862,0.6242583694840094787892326
-0.04007683485158974878714844,0.03445342729583824453731822,0.6176413909892010112301364
-0.0377220160590031466929517,0.03078873842717238726307549,0.6243135534680800402540513
-0.03674653574455315901969854,0.03259956752364388116172123,0.6235448158412864039235046
-0.0348414454529022699080798,0.03192850564758671627618725,0.6204450059965876951295627
-0.0317727587717138645895254,0.03233157123247535486010307,0.6216088080849727637300361
-0.02937271737299054427672296,0.03674736418114456226735598,0.6212698383430566018148511
-0.02765634796921666999081069,0.03863503845628685207103103,0.6225921891323564771880683
-0.0250752041705792072523451,0.03780237972576199617646964,0.6186359532093089752535775
-0.02259744596040353173393989,0.04658023340223343272681333,0.6213666042859523619412698
-0.02202935156043041298179475,0.04437046411007448259988806,0.6198472749627450539833262
-0.0196855937491849930509602,0.05044987181364864875510179,0.6226104648443624434150934
-0.01946190641284669189947643,0.0484984216730505388048833,0.616502775153433768551281
-0.01803126998783675244419911,0.04822542584881422955689345,0.6198733669772444887513529
-0.01680438328477919587844447,0.05025332191567343648186394,0.620792562897661714949038
-0.01791570263888198066837276,0.05178179276210056330986831,0.6194557436300562880404641
-0.01813391742955649046931121,0.04664552027723364163724895,0.6161459110362261792914751
-0.01841791263694362440483943,0.04681975515609113763781934,0.6173428639613254276241605
-0.01763351200659263318115677,0.0484845161514603981145477,0.6141755088312444987863614
-0.01507961482862111429747998,0.05150329375118177510639583,0.6179135133029033388751827
-0.01703333033152182665603824,0.05292579375388756224296571,0.6187695836840867436023927
-0.01957350364896032896000477,0.05695959519389158509650173,0.6181482884097765362341192
-0.01691069777393418294142435,0.05689139754679858190788977,0.6141028747411976240755394
-0.01914481619208908275142633,0.05746559037760539528916226,0.6147745517327156683506928
-0.01893268425589471337655567,0.05123541502348748916118026,0.6148851736431041326014224
-0.02269751395245028433023116,0.0478242903035345431894676,0.6137444800209158612958049
-0.02147999050485297628521053,0.04915485613554074206810185,0.6155316180691212668563139
-0.02381630515844682799420085,0.04968735987889108529635962,0.614359855953085620683396
-0.02624214914647687510451668,0.05776195985759256801284067,0.6180307108399462068248909
-0.02618817077241511470653279,0.04692503730379331966515721,0.6241121778888272242369339
-0.02881492619794591772408587,0.04898996651029695337253855,0.6130896538058778766355772
-0.03140835597652034960614031,0.0526879425973099529967314,0.6164393540865596987643471
-0.03001634523131574763810114,0.05169899686218727002939843,0.6171401777265896892998853
-0.03227711366590461927739142,0.05462235911354011014262611,0.6153951729746598431347593
-0.03190954032809575208196051,0.06271313686504964568513287,0.6114626326715656423615997
-0.03177710050600086877370387,0.05946431784389127200851632,0.6088356918057074018690855
-0.03120515145371303630805748,0.05148217850472842915809935,0.6182310709254944525170572
-0.03203768260979224929974052,0.05960704936484709920430092,0.6087933494715015436682393
-0.0308179586372384559100901,0.06162267741170007750994841,0.608169668964746334971494
-0.03059865067377033967521704,0.06330424021548212987209325,0.6098808826538737459799222
-0.02998980713942343487299347,0.06565558898753305616668996,0.6080892830840528562319491
-0.03148995377638473536219266,0.05918976171781146350392433,0.611053201211253838032178
-0.02860081881523447028259355,0.0637614191598842583452722,0.6082872268264344350896522
-0.02848759820830647909728484,0.05731873601092503378584553,0.6077108956267986972221706
-0.02655823383490871561485314,0.06381109015535862960533109,0.6094558237231341157880138
-0.02718313124515620710086594,0.06094295022252641663706996,0.6112872810018195046666278
-0.02182709661501556347440456,0.06743837530488548670515314,0.6131887546613269401873936
-0.03018278165422295239439521,0.06785142929120609178728074,0.6092085190813774087104093
-0.02124872863537423731128406,0.06651208138891682997151378,0.6129562969783235448772984
-0.02035108918031615365951126,0.06442028162030415117111914,0.6129193026375944208794522
-0.02014816411985908758963681,0.06633620624429294176938043,0.6121561853942494302316391
-0.02077014610553093790223933,0.06760514342885851069020475,0.6094558460710299829798942
-0.02044916753043728163685699,0.06423849776653609011667356,0.6126886852370269087586507
-0.02128732368338875913238439,0.06726113782498807647236561,0.6067962580351853318916255
-0.02790446224697067448272669,0.06652348815094161205152545,0.6070789131739965371892254
-0.01925980847908499368759117,0.06567768914593917484179286,0.6074576723528267718776874
-0.02001355715295710657741779,0.05783168334606460930791272,0.6095689394068423139216861
-0.02115738476273206283839734,0.05692020305971216831419923,0.6085034987092502456462739
-0.02067096987170866442817818,0.0567880454310137547380144,0.609675150103900387321687
-0.02048614868211676848241964,0.05628349791535335044923016,0.6063877993100001972948121
-0.01941745999126697277969988,0.05613672793466386451433081,0.607984258978705782716645
-0.01939924794392129669962088,0.06106732265752992661056453,0.6074911993097583673417716
-0.01644999179508573397545668,0.05841930321248575697090644,0.6099643881788272548050145
-0.01772742202221952098617486,0.05491802007801614010640279,0.6072516895020043659059183
-0.01838681443460785103205524,0.05166549292568628493071969,0.6070928039130025766212384
-0.01264142704343764085639368,0.05780335065535087413213233,0.6108745296630135879212276
-0.01454401911590712248578683,0.05470175718156554400817271,0.608109648730127516635946
-0.01390071608857737679720845,0.05355007069330231656012486,0.6071187542219736998916346
-0.01226661612037241791406394,0.0505079580735032854232891,0.6073972602484598581895625
-0.01351064732144981010708573,0.04922325208075311459010592,0.6053265765784895391377063
-0.01164138914304751158679263,0.05069878332813983895510646,0.606547128191482931569567
-0.01105002959820440555649412,0.05028145670166676850509901,0.6069281147117319141770508
-0.01294842400757652625675753,0.04747958007909024863435477,0.604067628223677099974509
-0.01010420462870519064946251,0.04822207921348078268897197,0.6061258396429319850184925
-0.01304567884016079835907131,0.04534717940715899536785471,0.6025535138247511968145886
-0.01125688272113240830096803,0.04913235453153518006441658,0.6053774283533169819904174
-0.01303321841694288218960196,0.05668858843761450522213963,0.6023103067876305338756993
-0.01030273772207261802347222,0.05026290567715901297374259,0.6075074860217382077820503
-0.01146788193676467199066948,0.05425476331498713805645551,0.6093042979479681431342897
-0.01235575600934034519451377,0.04618396663598348106383185,0.6035969839735126907243057
-0.009538641670842179162703722,0.04812451275882084766877256,0.6058083723812133225550269
-0.007413742533373969198495779,0.0479926577305794591077337,0.6064136604388885576355506
-0.005960215748552983097696689,0.04965117511986165410586835,0.6055618644267226624577916
-0.005640232395703827575350608,0.04922782902153576695125636,0.6057121104801653777016668
-0.004905203875932972329421133,0.05004502898304708652377215,0.6063310429461171713327872
-0.005602849288525538554162075,0.05745383792744153395037898,0.6109100993517199151838781
-0.004558812069181545668927757,0.04857191105877795012091269,0.6067697301197215731249912
-0.001502237860561695271394145,0.05135327145678456745025997,0.6062632450027640729217637
0.001231383485587556015847244,0.0515141233334107107033617,0.6061094592756776089359505
0.001462055315488931285516916,0.04846016839723042701759681,0.6052693790965740783249771
0.003626092140132633825921893,0.05061453524381111929164589,0.6056274459998145509587175
0.004262402135568474186022581,0.051459835122161574905153,0.6056370936400392590570618
0.001243741380228507347263656,0.06257505614143311911679035,0.602193630655513678640034
0.006254245951728762062393763,0.04987294648458608786745216,0.6009845710496132253908286
0.009283115142500556263294165,0.05474569520742504635801851,0.6058522921936312366497646
0.008926211901907944029632702,0.05565567631979934787311848,0.6061479850739067698484064
0.009550106277149441463825141,0.05378981103607031327706878,0.6053608285277042311278706
0.01095390161456017037722166,0.05639217278908486424837676,0.6053356973681458530478494
0.00830604368485097534213768,0.06575418434883363583143279,0.6040917902953355511641576
0.01426137162912825828708918,0.05580137633622036380520726,0.6054864118320485433244471
0.01282612822998890726722276,0.05303752659753774995055053,0.6047976558896890342253982
0.01573416000460635053026515,0.05327802871464458467354319,0.6060713542191467073649846
0.01486057965548445540526767,0.05403676045077319967102625,0.6067349607037241243645553
0.01478247055569550071074669,0.05278327810853561397053113,0.6064859646651474811562821
0.01071775245956780274469988,0.06554088537767527311572735,0.6068638772013066340349496
0.01316013938729379550984788,0.05988380581515644063284043,0.6121348674546759349723857
0.01114254720477389840049831,0.04804528581281460736240874,0.6072588754425632950884051
0.01235934601425341984592965,0.05084392673959283598383863,0.6090808873997346495343663
0.008012025640801194101281446,0.05098521919303446170435024,0.6064549009488870989770248
0.004201782722364391653435689,0.05804735088463724296259372,0.6102346798483228029752468
0.002701513953534031252379233,0.05346706976191016591481997,0.608790250369856011936065
0.006191535567473330226029304,0.05417348710433705916145186,0.6111897064450008132396874
0.00434052140384386109239756,0.05057620659957414582796886,0.6090939878477622526631308
0.005133362377726249405063275,0.04919473313391436314345739,0.6099202910166462432428602
0.004586766909465047475924493,0.05047066428692147804779822,0.6089182012256508791381293
0.00326679090840839439838228,0.04897736280843498213322107,0.6106057205804952259242668
0.004535344020340515910905133,0.04834952960404645394554279,0.6122385258877380831421533
0.00663574100074947048621965,0.04764145646866413397191309,0.6129248035831784680027567
0.007330803250602827003667983,0.04767603645796535116740955,0.6113315316761044337923181
0.008566707659921127954172348,0.04733904077579249858320765,0.6114949381693060015408037
0.01111787613455300985365604,0.04677304198445147997986737,0.610668317730207022009381
0.01132795029254248311834097,0.04558611047401671390044697,0.6118603176566889123577653
0.01404866637537893064857641,0.04536249474635997008808985,0.6119872759997389000119483
0.01411611466694850935965633,0.04076222933863502678741852,0.6102009648086490489760081
0.01734756836742453942057374,0.04233802092076451722979513,0.6142874414638603841609665
0.01621336837518153398129961,0.043271774238880296448162,0.6140096900104495825090112
0.01770772498566265326647162,0.03856568280178082619435997,0.6095947097067789810509453
0.01984915498980643205895191,0.03716503643460251915531245,0.6102929084396468972784078
0.02242588826172876859121885,0.03757642464266682663653896,0.6110490361125651137541581
0.02309530809939009526887688,0.03538981453599505250240398,0.6104320403749061707543433
0.02311499689423001172028371,0.03876466829887511428287539,0.6148409522953999228889188
0.0266699156499596544411812,0.03317420743434587593334584,0.612713809570437861751202
0.02458377534629374583374783,0.03176524061506787871556057,0.6118924097304663245466827
0.02516143441252349441383807,0.03413425538295405264888061,0.6122259559242865245565213
0.02702156789372537476490166,0.03309236180620151596132317,0.6145672503609964643089825
0.02407508613795078869501687,0.03439265143846478162137359,0.6128810193319060850569713
0.02363970565162997958252866,0.03756531678261999795953585,0.6138255240442798132960434
0.02190220364889585921708282,0.03576940789598579556463065,0.6131036118639734411317477
0.02196185905012040112671556,0.03396980432507896302540829,0.6141652658783268714515202
0.02027306532045093645511002,0.03452326612847643472203885,0.6138261209681949992500449
0.01731485389454147025278807,0.04058595205299517227892636,0.6179225070230522920411431
0.01610825751359594437683853,0.03680066833723992514304513,0.6140938806190463505885191
0.01270553817889956416120611,0.0369104332459795486665044,0.6160732353381345172138595
0.01045347769730694403866877,0.03642084796440822613838861,0.6164334093666045122361652
0.01227129304573349247164948,0.04153075472059139516822768,0.6198636683826970195099193
0.01021236057554629310384353,0.04833915986731585068270078,0.6175834501343491211855508
0.009582069715558029845969834,0.04101285259601532284801095,0.6219261883221016695699745
0.005794385426513785214419627,0.04233193395003903569673298,0.6213296471725238134808933
0.003138137552824252132083194,0.04259730238945458324906213,0.6218602148749959868112569
0.002081578762045974660688241,0.04308918027810947765088301,0.6227883124948938586840086
-0.001162746752237372310778696,0.05018541498211214618718756,0.6214895500639013858901194
-0.001360703658102508251809271,0.0549631009175895884899532,0.6192474447255680303214831
-0.002494461675103386722601728,0.05319532299830503213611266,0.6186434293049962729327262
-0.003890979483565188464661011,0.05087729499566478325034424,0.6207445113384036927683951
-0.006126768555046731984381481,0.04988645563956662504212503,0.6275152435334149236823009
-0.005476814590464753468301851,0.05842588453271016502021951,0.6193775348758395749015904
-0.005876578436272478569990518,0.05428459964430287776337991,0.6205382492603895849825335
-0.006672841613271349170410929,0.05371039389851455653213108,0.6192708658497065865589093
-0.009522300784177543248043563,0.05790728316432947747616211,0.6262517370610216627113687
-0.009184007017974258474390936,0.05711419593971817781907774,0.6267526550027767706652071
-0.006292946209037760842142095,0.0451511063683333255247554,0.6222318188842697050944253
-0.003668437749004435383809453,0.05161364545732430308966343,0.6206936853207226656437001
-0.004999100301553129066522985,0.05576256387299424743808629,0.6272546384907308203437992
-0.001796139248690353665618979,0.0494084480431392636390342,0.6203349059916632990407948
-0.004783160572504200139243302,0.04151995805686909540854757,0.6230108065256030336342974
-0.001262501214642058541826053,0.05423115656661786632142253,0.6351069201224409654926717
0.0009611578384427373576703868,0.03866499303290641537111938,0.6259852172622012433933492
0.0005057008622076453272647933,0.03853870562246848596732463,0.622841826202815473934038
0.0005756323948071467942050328,0.04093573034901938634266827,0.6249963291829880862593427
0.003488706566742179934065282,0.03641265497083233382280554,0.6232399161482579108550794
0.002276428023731565369186525,0.03767986262834917277064761,0.6256029146854168443425692
0.006792008271615339147497803,0.02972920810342220485078535,0.6249777309011431691843086
0.007002466721581360360737722,0.03243041661859655255817358,0.623330727930525574365106
0.004169351761357605393176762,0.02940793264180016630682246,0.6217126599715492307751674
0.00606136442760251293454532,0.03009859324915647310616507,0.6231054241439140106706418
0.007969971232133905153505182,0.02660357128465507328685113,0.6235548073227891174852289
0.004841797092649984153578391,0.02659857790848292255492247,0.6222013948343730893597581
0.004042797714714091612819846,0.02726234672830259858633539,0.6236513417848899010209607
0.002418695560007662424123476,0.02464671273369710424727685,0.6222077087000124073767893
0.004631625454520971532645923,0.02424878197243261757076738,0.6259453345688850145478455
0.0005539270024813002782013149,0.02495396412400563423972244,0.6244903850135710143831602
0.001622040335662608325634215,0.02291461121966268874028394,0.6251326532284720016718893
0.002558718707473365671506427,0.0201407873326065571528698,0.6242405945615890905386891
0.0009990699285739156748631373,0.02161180049110754050611938,0.6225685691241424901676282
0.00381341215954643245403255,0.0208145596910347292773924,0.6260743503423904510185594
0.002193789241587218788454017,0.01915897898836525087284954,0.6235410939861392165539655
0.00277614440434735586585302,0.01883507931527699311158308,0.6255753370748032837767028
0.002250048491767730422102867,0.01805687041884791038670599,0.6231760609370795567230061
0.002041056882573348899012622,0.01596922826583269464095771,0.6229803491359861000731257
0.004885084203312500122917683,0.01685718163999259597285452,0.6230905691842337779107197
0.006143648314594163904744928,0.01633505549003469101143615,0.6234357044833266359162849
0.006266623343343148862250036,0.01730453831773344844369156,0.6237816053257075887827909
0.008117097750665335648134757,0.01777334675664084956414612,0.6239544389540571112107159
0.008302149324877178965254032,0.01969648257921268602599341,0.6223998024669766815364369
0.01028419933099364302897527,0.01878619014672664941367763,0.6227436418371634641033552
0.0123473564228537956849463,0.02101207214458486113861646,0.6245014849631967956966605
0.01278490970978492409504401,0.02055881641765033157609466,0.6235479502542827789923763
0.01705725584533673497289463,0.0198136200753909613725412,0.6256453951197995522193196
0.01418188117276248522147242,0.02255695231066504741201939,0.6241284945667355810172694
0.0143994095966930805291506,0.02209507698435863795594081,0.6229481536646824801906064
0.01549430294565859976552158,0.02401468320126337249731385,0.6239094140121175247060137
0.0157624520291440722852272,0.02429591823966810101853575,0.6234026753389112496250846
0.01549652016407182184010161,0.0246581670104834838053165,0.6238017300278270171887129
0.01558971235983961332871583,0.02433302805894984113810331,0.6238925421691432493531693
0.01664402209047794248264474,0.02250139451381292371445753,0.624353582996168721130914
0.01795340316977903430406549,0.02550262095870514320039568,0.6257002508203172164158445
0.01722335939354320902272555,0.02573554596501315822054679,0.6233363356544694422467501
0.01568905640865984538190325,0.02365844766600047957560982,0.6243331980850034268470949
0.01538625224396212090582914,0.02310751497887797434316326,0.6239514320555544779622892
0.01612388101791647349037007,0.0217116667081938795325069,0.6244589317184039423125341
0.01461863191294068657632987,0.01988393277367541539524254,0.6252577184221818074050248
0.01417273746579978885296036,0.01963559592544397713886895,0.6237973989992837697826644
0.01437564824119742790120569,0.01901520545001397430318058,0.6252283768817962217312356
0.01164313545567413621384389,0.01551931831811507317420151,0.6254362476063203279963432
0.01318613322052425949892918,0.01413598502084948728418912,0.6278146450537492873067436
0.01049253198930257327536886,0.0144409809020292663472862,0.6249474456834103186508855
0.009693422558159442425917973,0.01505596970774505591328385,0.6254015042571582361219384
0.007817114956768891551042167,0.01314082597137332213133032,0.6251236559483855925734019
0.008015185790364625501025486,0.01679525512450979335410395,0.6270904695278494145327386
0.007327653582695703264604514,0.01979144626108421747834321,0.6239657649577999842804843
0.00545543311739973748458743,0.01392357294568491270225774,0.6281666298426927808051801
0.006765625977886583278242405,0.0158070517033316211563676,0.6247633242868045888585016
0.00337270655023632313918025,0.01817230354916226850447991,0.6293891977323358144502663
0.0105362032189819602306935,0.02712588967926525540530491,0.6432373560294242231805129
0.01384449563544422161232017,0.02615618340589935184037351,0.6460279076542871923294342
0.007664796339727690185905651,0.0271489731657848405721456,0.6429707848412713477870284
0.01154594265248228175668732,0.02745262540795345707067554,0.6429676310088203727843847
0.01140995062686993993805729,0.03099916048270128302033477,0.6454647491688981775226353
0.01456201091451475408689031,0.03030267818725409720292951,0.642700211212657857018371
0.01080569498346564856483543,0.03223768221228201502626121,0.6414490481838838187300667
0.01236896905478432860669979,0.03091650880125370107198712,0.6431612892806182202320997
0.01032900703491407452816464,0.0315099129506421840596353,0.6449050597444273558167538
0.007936865957630406809286683,0.03055719885543700317653837,0.640412302666261479267007
0.01035154087957452714863216,0.03145008183424076453338358,0.6397740246544867392941569
0.0141958509528557885043254,0.02889411031610516003564904,0.6422528335727855086645377
0.0199083171711275583315448,0.02839013192908276111969812,0.6421823038599202559950641
0.01966086914593707934972855,0.028803443156927746593432,0.6422569761821408373947406
0.008885284410152093081958213,0.02279919764568457893338937,0.6231570532100985104762003
0.009072746846856966085326235,0.01326328076550085943718926,0.624003076338271345235853
0.01211446325839187453110579,0.01805336724576459342395118,0.6245302837391120132082278
0.01645931679663176216976694,0.01458283581768845052484274,0.6278725546494816622811186
0.01368218739728115605769343,0.01346728621248267747378957,0.6268864054081163539322574
0.01520233077791717339610766,0.0187513828113384482809689,0.6243680209344544262961563
0.01504084131044032199286953,0.009412313286024844710686565,0.6261927317493736211417854
0.01768966851519982244611562,0.009276123577396851518916954,0.6280726986840299286285472
0.0153970506669395511278875,0.006129787902877039881821553,0.6256363716260978646843682
0.01743062134287071129890023,0.006519814360235198086312991,0.6273311045470886249120213
0.01802784552604866363800795,0.005517170429042823030785225,0.6274050115477336486691229
0.01501939704745319618950372,0.002320120629372091070052875,0.6234040748357427830228517
0.01391820029207745633426097,0.001959154436610024887371884,0.6255976723590329635626972
0.01450711825229481985455315,0.003165691574102074030971909,0.6267630494683186226367866
0.01111835465975927542126023,-0.002575255168255353478701242,0.6227532924960267335379172
0.01195220523614408045243174,-0.003307641065161332546290529,0.6250878081095579963388786
0.01101640555137581474476338,-0.003625121668966508302334173,0.6242081004283736023197093
0.009809561066252060756998077,-0.007465043915064821858362798,0.6212931477702531291029686
0.01069350329352585296516231,-0.009416423157244833627710356,0.6215705657273737916312939
0.009943399314525182275392723,-0.007298704724566456789047741,0.6220750190598189899304771
0.008068117848538634839794526,-0.007950517554628505276226313,0.6225900382068285665582152
0.009019863364827370930121297,-0.005404711501880241769635305,0.6222103211469397487931587
0.009552121404475415189505583,-0.002944077218302230698060429,0.6196606910220348041207217
0.007048758116907015772167888,-0.005967402792834051138137763,0.6242496434890349998880765
0.007590060677756634704982375,-0.005505278259893813669334506,0.6217269508755346452133494
0.007912625520490311828436525,-0.008944795892158088901346957,0.6212586041532248692931262
0.006906942665236739942180577,-0.00928283532444073786193961,0.6192278481846437143687467
0.006959371346969776481183878,-0.008195854974199204626139625,0.618579407719846652291551
0.00581146687673233467569256,-0.01011748941014642758084996,0.6189891969015546280274975
0.007392131908620452884761676,-0.004777751570643669690174882,0.6235761040787305420352027
0.00744614637237212863285496,-0.004460223740557323068856022,0.6228700304031251633318789
0.007474827461054917195071301,-0.004175001454081474910884353,0.6219813992145161174462942
0.007120695488849210913473442,-0.006734950055998252874123189,0.6183075502170694015546815
0.007249458510854565537750993,-0.003132880245130087015076326,0.6207668209409956672217845
0.008334471849898453243987717,-0.002647695037438781498484452,0.6201260708260100118494051
0.006160502049976225406868746,-0.005861879194528376441075679,0.6173951035934989173270537
0.008479031807642398860247468,-0.0009303170768223811967420622,0.6182796657147955343702961
0.008813467482058533891686736,-0.0004422810059795753310704636,0.6194416917420280110917474
0.006383988775761430950472786,-0.003973052882250340846204129,0.6157779181390656830785701
0.008644706206210066648520929,-0.0005473175708867698959977921,0.616961485855589408799915
0.008467388157498648842969047,0.000704623503088449513326319,0.6178139603570407256682984
0.006960345327401034828951332,0.004798231981269814559742937,0.6159457802182586316774859
0.006774810441672550996583535,0.0003515985102820513180134354,0.6195353876343152599304176
0.006328332564443192587155806,-0.002389033824381639383588327,0.6175212753886062388986034
0.004863867262820323680849732,-0.0007553689401651816773611281,0.6151898037388203732689362
0.003455277774362550732151211,-0.0008266522788074835963872955,0.6156435155641525325265206
0.004630999877408120343758036,0.0005810314644016815804547504,0.6171577397657761476779115
0.003768613529076040007809167,0.0007408818119651038600417814,0.6152039845735043366303785
5.26621600795815940961736e-05,-0.002136360395887410869308898,0.6138659842541311917329949
0.003827991266852382844926295,0.002363421815557667070989423,0.618519987924336156481786
0.003190219114164674022587898,0.003154863943793311670260593,0.6154044389442462348327467
0.002630697893568481778026058,0.00363830335241433714538184,0.6172621476993951361578183
0.004126220057883905889539733,0.002331044580432001071812476,0.6161183799110204750704156
0.002987191772148619934440505,-0.0001097766794624373916031135,0.61438204808182239613501
-0.0003788238066973142288348941,0.002013319473764801654375178,0.610825774906859408908133
0.004049481833717215664703026,0.005452142541009690271391896,0.6167506448022419540677674
0.003765423246960966380952884,0.004608705100766202940321126,0.6149239476756410693880639
0.003914942220644679858609916,0.004616737585947777375294798,0.6100477169179104874885411
0.002409161596715713674760062,0.001765012932743878276350968,0.6122908227625276644801033
0.005462561870700337676720615,0.005809869783986306920886555,0.6168149287156806659382369
0.00430433259120758561488973,0.004522249830158269270907745,0.6156152975763127255248719
0.005470938361966141798287122,0.003523002302083529102549875,0.6155485919564406271931034
0.00619654668172122877201069,0.01050909916623305601079963,0.6116936590038686283321567
0.002759253408423028609830485,-0.0008522982855562728863457744,0.6102963384713878669529663
0.004753686193075831387111485,-0.0004801245502744264071447178,0.6104094184526561717163418
0.005869602963888181750007345,0.000744705771356004046432342,0.6155274420312653038678263
0.004485017875423697938930268,-0.0001433107758798143980399908,0.6152548778233721815666968
0.004406243494545787793559288,-0.003100966827294032897299747,0.610921603295593418359033
0.005765558583921375282455024,-0.002370713321066632468803181,0.6108352237084387903465199
0.003844473815673086526667479,-0.0001784224348578919850782237,0.609912480944842960717267
0.003930956113689978645431289,-0.004263545510839492763688341,0.6099245575352465476015595
0.00310296076530391581882462,-0.0001387704053419180720823495,0.6133290121440108100259181
0.005193829335393445288671099,-0.004651342389974840764443886,0.6088368909194183942190648
0.004722839655242890705144632,-0.006268328495897878410714199,0.6075514023794603701844608
0.0046234110970453717523454,-0.0105418119977530588826653,0.608033834924959770695807
0.00561145224041107153895025,-0.01074399071440390422693678,0.6082624184262013233848165
0.004283209530200524604859336,-0.01060047305813481208214277,0.6095927048681638593663479
0.003660672815697584795563424,-0.01092194094391459036064163,0.6089563934939672407153921
0.002914467736823091702225152,-0.009662749143752870709112024,0.6106158298401895834217612
0.003400791252483027771180701,-0.01277699364126382540474136,0.6075494178871059247626363
0.002010279466926034094148568,-0.01221051360494518692179078,0.6087120641365389994703605
-0.0002720180831737983710195972,-0.009439283876785659402330886,0.6153663103688893354359379
0.001670452046994907969665323,-0.008818066958919401621130874,0.6078991222539043004502446
0.0007385363913271118059197806,-0.008123573161366876710376417,0.6084328136249019802761495
0.0003084687477892381936295241,-0.01245502780349107968538291,0.608472246090528967599198
6.617534608015427613665616e-05,-0.008026514819454133239928773,0.6070335665411838999006022
-0.0007147988159874207490449005,-0.003920112453331519794530458,0.6072468763849421247158489
-0.0035649243529913584964397,0.000258874210957590563698949,0.6106619942680516777144817
-0.002983357506259457815611658,-0.0004429897672160661463089393,0.6070570487084998578808381
-0.002556951298170184305041941,0.002832574307195665636038839,0.6082719181683297060558857
-0.00442943685335263001578987,0.002821015599825193488625619,0.6085351576159008235578085
-0.005617837414239036826490992,0.006412418866423515856345361,0.6077935559151567135316441
-0.005672791697687537895711252,0.0102072004561773697906002,0.6071767848377627174727422
-0.007638003176563291744816109,0.01215083157557613618982018,0.6092538371803060126552509
-0.009069921820814303564661785,0.01617935352066311727181613,0.6082642467069004910129593
-0.00700960332079059254134501,0.01709935174581907538216008,0.6074409363805230999133755
-0.007069682838342776151629998,0.01618330590812183319981976,0.6088908953737443008336072
-0.009699286143365971543661708,0.01998386634518585849851213,0.6105257271340421842964474
-0.01002817483845372739659219,0.01939461407776448681472559,0.6095294177089518594669926
-0.008853035590717933320248356,0.02055713614082982365616203,0.608910430789100121096169
-0.008974789237753494353100336,0.01656798095355450223253868,0.610363889693587124973817
-0.009294457895640701253214822,0.01804421813332573315546981,0.6106055958596062760435075
-0.01091588298701567059934003,0.01873391863629769726884433,0.6098671969482015731145452
-0.008650741767615053104401035,0.01824357719253951598537,0.6096826538151958185807189
-0.008289117293295969468580608,0.01445913638075471512045578,0.613684657644783193575222
-0.01001036705741053557672249,0.01668214036251889839657103,0.6112357683152296328188413
-0.009665838693525760638713962,0.01494499550652629397962112,0.6108762968198718779078149
-0.007501222125089740747072575,0.004975036618797704437988649,0.6140128522722660964205943
-0.008213840719707876658617351,0.002987279868808314156614081,0.6116676862377575796259066
-0.008263282338927591119670524,0.01118716954995421786200893,0.6093802100759355688808228
-0.009795621685263791039721681,0.007697572245252755351874185,0.6103998520962152785074295
-0.008344093190921929650838429,-0.001484106878842079632607742,0.6125529242627804071830155
-0.008605451829866111665423567,0.004447691870929523089150948,0.6097624698577059909609943
-0.01065707482050866003464584,-0.005003599868406107507856628,0.6136613347745678570532846
-0.0109729303833289507097426,0.001212797804083831469668109,0.6096258878201311626199299
-0.01075194036119487411840012,-0.00353230784809710138261174,0.6117537128560561754397895
-0.01056179222640835080326838,-0.009023125353849564128649874,0.6105082753866015732313599
-0.01171310007379756414069849,-0.006234958377495810298574153,0.6096979356422380647018144
-0.01264113700028816379694607,-0.009110711412701909608924389,0.6094130022144360614433367
-0.01157078406416711842397138,-0.00817951578442442303606974,0.6100329089651240765945772
-0.01178100421402475742049809,-0.009947445310398256648753978,0.6108417399098032829485305
-0.0117465729416677509833189,-0.0134431902726287692134699,0.6117355160499809985097386
-0.0123057563843454939589428,-0.01220128025426810494669105,0.6095534281464850545617651
-0.01307955493613678805975287,-0.00962724802899983522763705,0.6097001444974602391013718
-0.01287071656434505932675716,-0.01044428410989521778529099,0.6125325330941595591838222
-0.0130710533719575298927662,-0.009206804738444460817214932,0.61059027204734750426951
-0.0120412412942701180923466,-0.01141159651099037282417914,0.6099266348270120374763792
-0.01339245946721830289594113,-0.01002126052792664395729716,0.6105706367170327109050731
-0.01175961291100685937593973,-0.004319666337135579653461193,0.6104016592089867021542204
-0.01282217744628013494923024,-0.006396223699036317038302268,0.6090152665010175603299558
-0.01274425559320169730470607,-0.003939319902508718954092792,0.6122480830241349147868846
-0.01355004987403737003182069,-0.0007900844343623924419597881,0.6096331457037652556962826
-0.01033299964057765932268218,-0.0106434773875201272447244,0.6108803019387374355630982
-0.0116982617878026561725191,-0.003927333398687371177060434,0.6092919061043110540154544
-0.01209753162876557597282812,0.0009241368245872070988702895,0.6092178209152367962531116
-0.01152431308657038411258355,-0.004569588642391527420760777,0.608366352206063054630647
-0.01286636142152590422949032,0.002419191274252382312104359,0.6096593944698402989246233
-0.01183679378107630950078821,-0.006759339076785312976081155,0.6104877461132822702438716
-0.01193753136034190337477767,-0.004984375521861158543635018,0.6099233312692736719284881
-0.0130972778157078459382312,0.008501334780325045178961396,0.6093714502942237931648606
-0.0113091411322868602706837,0.004471813756972841009951214,0.6087867916577728299998284
-0.01361536467096027824830173,-0.002575414805695363986565161,0.6103960814971705062248475
-0.01244196072973482655732447,0.008438266861871449031617942,0.6091814747931847406903216
-0.01296399144126767627449581,-0.0007061253934884443488398387,0.6081189880823069104920364
-0.01334473546262986663746286,0.005818212968245569348402224,0.6083986899641971035634924
-0.01237087289181809136862089,0.006928094346408462771147452,0.6080669294576402927887671
-0.0129375531848111118005118,0.000401714422969647760343348,0.6089239975241230728997266
-0.01390792889055008155207993,0.006427288777268339720061263,0.6087220997750419915206521
-0.01531410904012763495030125,0.005351955605157984741104826,0.6077282785300267553552089
-0.01262490874501659074424786,0.001617776340787009312083278,0.6090629588304059538472757
-0.01503692285763430849798716,-0.004001065084145835094864285,0.6100492010827238686943019
-0.01424736857606152817812273,-0.005681424406723113544603887,0.6105477324663202143284479
-0.01298825400000280273771214,-0.002245420818507300707300711,0.6074693948314885405537211
-0.01323470866777423822491233,-0.0008736123178038349623361625,0.608997003559232918945554
-0.01472210458661380588774037,-0.008152980654354160042207589,0.6104768351090229527855513
-0.01452970001497890309427596,-0.008458890446515101094182576,0.6096557058638097936764666
-0.01413494029053066237955338,-0.009241474975670675717775993,0.6110215157949480113686036
-0.01461951229875334615226912,-0.009254443470179498851257982,0.6095626867613825883296386
-0.01448422643217853189590016,-0.0006456762820587713886180681,0.6085911685381998337263099
-0.01335069137357512703001561,-0.009652787235363223181106029,0.6099112197243331534579625
-0.01296458030250275360317769,-0.003988385939093663616616947,0.6071714070721611067327217
-0.01343423067101987000704355,-0.00506587145287829953427261,0.6077475900491289273475104
-0.01450908015845289895928705,-0.004638940478862716224051077,0.6083950706258827167971504
-0.01340035873507523789260887,-0.004683303493076326935729004,0.6079266413924366840859648
-0.01597077075623104872037494,-0.008663766087505450630423809,0.6088591156523411873635609
-0.01558552789313080201571982,-0.00841454947942214294409613,0.6087628399446194382704789
-0.01595739338029357815007536,-0.001998006056235812968879806,0.6062375534546804445312773
-0.01560332274558216825166568,-0.004353689446741015704744893,0.6060367598110499853802935
-0.01663808735935397992156126,-0.0006972956297389396084288049,0.6068343952919587058758566
-0.01925241785395863727825549,-0.006296201939602058018918829,0.6073000567849972108902534
-0.01987484686165061006923871,0.0003906532189314153432832533,0.6067168276608619903456088
-0.02124323814609784671914028,-0.006127718890004640178714723,0.6077768982664568664375793
-0.02435402628319243908960878,-0.003164541688173296875297158,0.6073066153457800098180996
-0.02415539724515181410624542,0.004031032314926226087226091,0.6066838236394669348072739
-0.02528578674247584923140408,-0.0053902206763039037587526,0.6062039373011427478843416
-0.02911093092112329236420543,0.002833977149812055666699973,0.6038297279890550983694197
-0.02936505561561570526452059,-0.0005697368786459769884542026,0.6047995923240875315585185
-0.03116701918279701083447364,-0.004290916611978291481110936,0.6051558906220981803869563
-0.03126672183509099367526574,0.007351867596363341299248173,0.6040106666938398483068795
-0.03260963021050588411808846,-0.003883696142616556001153638,0.606397191559818526940262
-0.03403070326256868449732451,-0.00340615706727911190382363,0.6053216542362492846862665
-0.03464916602393499495127216,-0.001447284323179488449429009,0.6055020126257806278857743
-0.03599276444653233542059212,-0.002132839926771530267290977,0.6043106902184711692882502
-0.03545625614032700545497079,0.002906964682950842308872819,0.6025543384624175713426553
-0.0379356888603877354104732,-0.002067466115025358604218031,0.6058637602964443980013698
-0.03782073989854707607438655,-0.002759742746069566293742881,0.605011352312372241435412
-0.03754405254679153702834782,-0.005114553367997666175059912,0.6031697151885794250247841
-0.03699365381536977304133273,-0.0005424064633810108055148036,0.6012475956126034359883192
-0.03831643318428461231217597,-0.002972898040040954786844551,0.601487019132439848512206
-0.03807003970300221196154666,-0.0107123232499812641449477,0.6018818561946125411665776
-0.03848857853567588110932363,-0.01011152040581509217731515,0.5995440797054653048192563
-0.03820693797282683629168432,-0.007606879300160272923403415,0.6014254617844834172046831
-0.0391085113380097229573984,-0.01735779076604352863522074,0.6033842012181782621382808
-0.03862190793845863417965703,-0.01434582208398357816570012,0.5991207971002849852482086
-0.04117416961115810680738036,-0.01843456017225436963102858,0.6010960287744723240521694
-0.04178918971390764569573406,-0.01590495474767226677381693,0.6043081045813634144536763
-0.04409356811656469504745459,-0.01782029004294181581680157,0.6045741741762571397345027
-0.04105885361773247560490674,-0.02090895555138796643723786,0.6039855745810791542993456
-0.04181259254993444085535259,-0.01721262245433002532890576,0.6000314180479645598254024
-0.04235446199017420254584465,-0.01877185321259844733021716,0.6009784778625119061601367
-0.04234228590828703620019269,-0.01629193202511930796405615,0.6017479736664824718772593
-0.04295487078996781948880823,-0.02020131377227298713483705,0.5995914580603228793975745
-0.04431826015878759933430686,-0.01659788279885915721068024,0.6032300734236561989831671
-0.04486004937520780139204035,-0.01434362739665732272564824,0.6022919052978155107780367
-0.04704188734934695165224028,-0.01395397763253977338471223,0.6003809640212396381286908
-0.04633291811456281134029567,-0.01280463427319702626738795,0.6008757808948047562935812
-0.04741611230274873217682696,-0.00956989587894334185758094,0.6007420364759782360764007
-0.0478442282388816808591514,-0.006715045457103666765030781,0.5995035562733026512916013
-0.04740864924864877233412486,-0.004240758299408414581932458,0.598335204613416937746706
-0.04640870972005811667671082,-0.004034421786592972888896291,0.5978195542997613021185543
-0.04538926110038732364415637,0.003966675361953439678253108,0.5974195692510180233369965
-0.04626690770855574480480144,-0.001568250386182643788673952,0.5954568058549802866963319
-0.04463549861589632961056395,0.002047746374831463204990722,0.5989023089223510787348914
-0.04431193101860710775730112,0.00880098544751216002590688,0.5970870820467110151597012
-0.04371785789541209749087258,0.005299783642910723541197271,0.5989209514647931831277106
-0.04000942112302453834704608,0.01309070380652044979230553,0.5970304465997788856412853
-0.03851138188038032844628944,0.01178587257196888476995511,0.5968451065614570616446599
-0.03528734136919013664179801,0.009122015271914366701944132,0.5959028450009359323402691
-0.03618277439566856823471852,0.01192816256618860031035734,0.5956889290449446372477382
-0.03442643252850164509171194,0.01607943894245485866312251,0.5938149203992085789494126
-0.03086559163031253952280686,0.01442239901955833479563207,0.595522266464351912595987
-0.02889424541527473022650696,0.01688489697575529593920329,0.5947342613812240941228993
-0.03147023709464936286339665,0.02196523595115278809641879,0.5957202276647810545995299
-0.02860985034263692494693743,0.019189169950863640273786,0.5964374373704585119426724
-0.0269368810294852607800653,0.01982843985441683568038407,0.5952205038164746220274992
-0.02737243712957392396956102,0.02076975425661384613840177,0.5960397362807028365239148
-0.02492638913790075350096487,0.01023872864255708468872452,0.5969418426372652408673503
-0.02614947638254841097427139,0.02417890044492298703970867,0.595051870164691965037207
-0.02543659190347296802925392,0.01601103491706122594617767,0.5953024084220157607916235
-0.02403801975401418170030787,0.01111728171191807799933482,0.5953471496406408380863695
-0.02772324303060530112374771,0.02115289771871365492872386,0.5927067540584582960860871
-0.02686780516069542379398172,0.01705913016662810588464083,0.594096126008352043434968
-0.02788134145749829664873154,0.01474722869938174460435754,0.5947818061804527323133129
-0.03082113781696337387328022,0.02298874771281958148683167,0.593369534189631342435689
-0.02970058167695493675508622,0.01482764482668839922663295,0.5969420785282342212241247
-0.03084864497725996884680555,0.02405875846151565161656904,0.5947520605541014582229309
-0.03203352031056044824097739,0.017312987522930166350843,0.5936356709190080405136314
-0.03314790053815705461737195,0.01819810667198100070929279,0.5987132625634864480090869
-0.0335579185922316100554319,0.02113874784989158706061119,0.6011344437286196829006713
-0.03401704028171199933883173,0.01416100762419005010261941,0.5945598590806630001637245
-0.03456225123583833713780677,0.0121671805665514859429166,0.5979584706607296018532338
-0.03146941771220869432656997,0.01593270981136259492605411,0.5999713930621701774015264
-0.03474816644386950759137989,0.0116571434880989328181089,0.5966835560723989795306466
-0.03414713144578607889600974,0.009140447144458168846070656,0.5956734664432515868881524
-0.03378055256122926980344445,0.0104784766803440645283052,0.5978300725940882687226008
-0.03398150764088558872799695,0.01064932945403621565583219,0.5965995069522683769136506
-0.03625258449946650723960673,0.01016421458951516712532204,0.5979405887567675881300033
-0.03421626414306443847435091,0.008712327957469352679442665,0.5959339306066731012379023
-0.0338560943262974090028905,0.01215512221300040461569036,0.5957905528472213774193733
-0.03538483906133457063125647,0.01305561299622495612104967,0.5988744730809200111920632
-0.0353396916981624162334974,0.01737468412171603790450369,0.5946645392922496053955683
-0.03626448964720457163180001,0.007479290407890320027672892,0.596205500004446165007721
-0.03328240177333446903062963,0.01392794333792552081974225,0.5940158912143799208038786
-0.03712730917955960746601463,0.01245510567432647937302637,0.5993983738265816763046701
-0.03564982782151249196544995,0.007993325279103555280890703,0.5957156547882759278778053
-0.03462967339241253272863474,0.01614003081788064133950122,0.5997401975793712480822251
-0.03368319727889360765127336,0.01449391642030370928873051,0.593042359034808397311167
-0.03682484521242922193007274,0.01465709813213292300737578,0.5956421650593038963350523
-0.03889049908414207029627718,0.02382200732434996623410051,0.5988940203414807594839431
-0.03775787076268385250576998,0.02067688476779595135868206,0.5945719843424828177091968
-0.03853795812108556928521352,0.03052805627638697713588378,0.5949325830921357027847307
-0.03893656794412285460094125,0.02063958401582509372129692,0.596050730935012706979137
-0.04026439314040042294351451,0.02444186063689453985992017,0.5952255301329096859319634
-0.03915352792258351699583585,0.02122884237260651285605917,0.5980900383846333712156706
-0.04087710179918733338633174,0.01905819809945463044753566,0.5957661225990015241293918
-0.03913112542741993549189061,0.01975935372376998871990494,0.5973883176465686339895456
-0.04048774557095921600158306,0.02274123354586795806020483,0.6007676849835025256751919
-0.04223869984356615897569398,0.02292884236941921186070381,0.5986798730610713992206229
-0.03724653147572034445067501,0.01961962674568369993655104,0.5961137515160839228656187
-0.03833226192522135034046471,0.01639122999677827124953566,0.5982354228183039968058665
-0.03781695656107660064026987,0.0266092778434149773714168,0.5958468066797718565297259
-0.03851546737098725248227282,0.01436170153118986568541171,0.5990572398262441478067331
-0.03818557012257659671883303,0.01675629708506545453849945,0.6000625057004110862735047
-0.03804079938281151873624708,0.0154021017641688233446029,0.5988757909362103504236075
-0.03571312829906275049252073,0.02449919349166409729412486,0.5978774193179687834742708
-0.0370657180254275048225665,0.01878523387986261519722042,0.601149094124345917400376
-0.035238006696497084502262,0.02295879322413568734972955,0.6014462903592157072552027
-0.03575131780393630415160189,0.02036027427551537899441669,0.6003022745330461873436434
-0.03607329274556200782164694,0.02011768096925373172645379,0.6009308195090624638012855
-0.03659023557901307233120036,0.02283970250221588338401801,0.6021882928693114145346499
-0.03880189498931610470044973,0.02753469965366277596996447,0.6009639254399008478912947
-0.03679774563806689074985101,0.02152585790412290742135148,0.602334888193358786168119
-0.03377822365669194693005295,0.02542877784025999315931088,0.6003207324177597392633743
-0.03290191546459145938152702,0.03035968327697390056751914,0.6043096678529600307427927
-0.0321585394366416948974674,0.03715352404561427651641381,0.6026981622691106599276623
-0.03262194003667614333741298,0.03075659375407038126359893,0.6049994019938292888483033
-0.03242651202715016167665851,0.03496765644312799237169997,0.6042015994263615352721786
-0.03023046121590331272721563,0.03558084007725588471249267,0.6029079315377448011759043
-0.029612412017158688815055,0.03425129232979401416869791,0.6062337121390493077655037
-0.02636058077172036620550166,0.03669359599823231177229133,0.6076890331831720226674065
-0.02703656086866277133418102,0.04286538984310440947300691,0.6112184514968231896503426
-0.02616006487833617139004971,0.03439936511300104721167159,0.6082845015067547267406667
-0.02589552599005422173217283,0.03589813338163338335418118,0.608831793038104862603177
-0.02665000307402853527150022,0.03812126106274330017420482,0.6069372795614377258388572
-0.02649809423112699582891771,0.0322343721531982568828667,0.6075394650283338915386366
-0.02747819196119787032994708,0.03433483325741965713762127,0.6080195934796245316178442
-0.02800870944090428499295697,0.03502246851659567006276319,0.6110425374239293327960354
-0.0290660195987976557874255,0.03386502494461571255435217,0.6101480991886394367185176
-0.03006800771200547617301169,0.03368271140629933158017195,0.6124594061763223296068759
-0.02986255026060294012757446,0.03483632321629812067520504,0.6114546011542877357314296
-0.03335436850155282934027312,0.0329703198940518790727161,0.6141356515379450264902061
-0.03164022065104471481689075,0.03578793165545789134451837,0.61534799956970032130954
-0.02847381302832444754935537,0.03370232172198012188246707,0.6150582487568098111196946
-0.03485549498678403718132657,0.02910297101571021963217767,0.6109288831327048807651181
-0.03246327656233071595748285,0.03518802743637767377338221,0.612847569914296230741968
-0.03551663336859192665606599,0.03491411407030426544695345,0.6175086869107233589204498
-0.03270191074857512619766808,0.03040078322408703778712002,0.6143280504809426334489331
-0.03384469189266818556216521,0.02503004086823333237954436,0.6144568311175746533336905
-0.03394025378017945931974353,0.03223834696925075710138842,0.6178905050196245030136311
-0.03199424400453125538756893,0.02527006159150536196422721,0.618589163899822880310353
-0.03026044269163532390853888,0.02433126937773071735149344,0.6195226031381764197902839
-0.03054699256076831917483538,0.02461402303207298886134069,0.6180766608466460310111756
-0.03080691327641421964345092,0.01745893585942792994303296,0.6168853226872845763040232
-0.0326368062419136045759771,0.01878126583497567031466602,0.6166608722636864881039287
-0.03539535207178863551735759,0.02538710577524460124121397,0.6172789014823756303940172
-0.03030372396997656203598837,0.02697604084498908191824817,0.6133397166965407487637663
-0.03192319981091761710301213,0.01923170434850300300477777,0.6170567251073068026911983
-0.03245111255977089353974563,0.02275284697580988446663497,0.6169632349133795656825896
-0.03162872419976198168356518,0.02957063911945077491760792,0.6222031195402828451790356
-0.03429876986885643103120103,0.02942700419198665540143622,0.6197371269843181540437627
-0.03343690038843736417328856,0.02729246388652064106428163,0.6186844080035713844267775
-0.03153879322159652831558674,0.0337697328437697660841188,0.6211673241522506216938382
-0.03290014158847087005765886,0.03204169232134625872054912,0.6199007612249958221184443
-0.03385892596848415203591998,0.03988335779444741185928436,0.6193124003246187614379892
-0.03294219932659986360690141,0.03989375360740857190400277,0.6172488210673869879485665
-0.02939257594417403474107431,0.04993328756586800504235768,0.6169882200488384649261775
-0.0304619949953029468814325,0.04144584899298708186021756,0.6184397044907361529197942
-0.029676809061031542841258,0.04535320184828710299296262,0.6233514716917378795102422
-0.03107816964300484652294898,0.04186454088248822008599959,0.6184714140262078663212719
-0.03012083209054513058267055,0.05123359169582748090521207,0.619177067577010187271469
-0.03007313519517088376553637,0.0432227363610809683924785,0.6225682707879944821627305
-0.0275338459651615942436198,0.04492653907889031933420299,0.6211340513177647792986136
-0.02762565226114976207894003,0.04621648866503258457072434,0.6217125417774630458112028
-0.02679750656972579997416872,0.04797702468328438052402873,0.6208653325432209602041667
-0.02729778013653209184363746,0.04731554622531602277701879,0.6240410524911623735277999
-0.02501736513287471444511034,0.04804105651156846679139534,0.6227548302006993274915203
-0.02555226939727148205427909,0.0531958194572269907340889,0.619700017738383235332833
-0.02653362500435484105931749,0.04155097604248687154226971,0.6205314894753681809191903
-0.02371627537012881495326333,0.04072434778968579693891883,0.6202062681633984109197399
-0.02036534244070635837897676,0.04678349989530913854984817,0.627169249356398395001122
-0.01771601111745915377304605,0.04537347879906789005488577,0.6260081242819667268761918
-0.018023988327470239628747,0.05447162585543262325327163,0.6184834305383198893579788
-0.01990663994641348952252535,0.03969245310902482642978484,0.6231947801249800855671879
-0.01889613834225891547680121,0.04002448301725779200577193,0.6216076868169193581081799
-0.01633524483824894818484452,0.03906001704218150377689867,0.6228843120346513329010918
-0.01606865367204422107016981,0.04392150075706201250991256,0.6264882286018903512214706
-0.0166414783458201237520413,0.04760533137431601641287315,0.6210982045175510446455291
-0.01481673369813858893995207,0.04889210929714520037503434,0.6210656115983705927163783
-0.01392891758008124938883476,0.04933007564430709479541548,0.6211782927658927588865367
-0.01479325234570485862739542,0.0428012618947520434575793,0.6258282892022477561511096
-0.01473906463079058953846712,0.04485393459148587919083084,0.6233744293163572258720251
-0.01557737812141844063740237,0.04841562036051226536326197,0.6251341577873784638441634
-0.01552358486689457695018035,0.04940069563306956346160348,0.6272931857320654946974514
-0.01047656566733345083475282,0.0578309910101235113977225,0.6240816556312339669077005
-0.01223364955343365576001524,0.0591519758150302818466848,0.6251274954793203386671507
-0.01283587901046747033195761,0.0495370484238949818078801,0.6260948254281082370198419
-0.01086342664732908858127303,0.05738194448488855708978562,0.6218046429504552330413958
-0.01168386767645123759662429,0.05014351111715528719336987,0.6245054439289634551357722
-0.01250763826439213986796428,0.05048519853615686392434014,0.6243200965106953104211129
-0.01322684608081254632738766,0.05459828707315433904412316,0.6269037063984006508121638
-0.01079005742107901934245806,0.0526398769263640292637163,0.6253689776934999722257658
-0.01237248305187535132865229,0.04874331580745346059746481,0.6259687137600726813957408
-0.01060700175658862987049247,0.05450650597747518782965059,0.6250859778986588288773874
-0.01209718628849003850544985,0.04692367840338869389160692,0.626577417171194195333328
-0.01226094507834216834618601,0.05620900744120070624543217,0.6253343231029435678181017
-0.01096072921483434714495786,0.04858302583006800928755453,0.6301200526869406015606501
-0.01045930867949475089051514,0.0501860909317635300874727,0.624748864416175386793384
-0.01017495188575994434498906,0.04998054225499925368181309,0.625250315498596109797802
-0.01068200596857598640154752,0.05608222962812097617257834,0.6264330835323812518566911
-0.01203535659495233618720977,0.03959208728687137884838521,0.6268945558294939379706534
-0.009719796465613682323603228,0.05245031821712359959564154,0.6262525377786707370120212
-0.008658331864457765800202615,0.04457846032543396480596343,0.6326252274101032968545155
-0.008627565608564828972260052,0.05059742866920179105161282,0.6285336232675688972193484
-0.008542919840136657672058362,0.04123608355630499489041796,0.6291654530929735589239726
-0.007450892562155692414038732,0.04182665477103839762884618,0.6288303096369399769471897
-0.007093786580379395946549526,0.0412987320069517702125772,0.6266534487888404392208486
-0.007263069061927443677284533,0.03883868285035071282740304,0.6288980980329004211171195
-0.008062345960145132078844554,0.03860388069353164891550634,0.6272280997762651466587158
-0.007311890559509954569394896,0.04165472265510328925275374,0.6272164400551750729206901
-0.008184407411980655633332304,0.038127198059590680645492,0.6296955507466824863982424
-0.00688744973499254113658008,0.0566731295037472826425784,0.6280431681268598964607008
-0.006902666086487116957337573,0.04966445891802321460639646,0.6274699774447338729288504
-0.008291743149840522658644559,0.05524312579246169058189153,0.6323781947300695094327239
-0.004276643658985689044893519,0.04169115773471281788387088,0.6336768588607123442457691
-0.00406672233881224913509822,0.04030475452069438857538586,0.6303880832554034086001593
-0.004050751449807647730505522,0.03830725728419163977900297,0.6294151283147025877084957
-0.001830075518791166077139931,0.03833024772450904782417069,0.6298472350944295250485538
-0.004410737785866114014921013,0.02951419572164069166086975,0.6282236971886637766360195
-0.00311337204025739604229539,0.04530722990921828841059948,0.6295614607681210284084727
-0.0008807512608376013392083581,0.03677232897249672893824624,0.6279982813099711513871171
-0.0009597175938498362897724481,0.03625863676953040154460339,0.6285750645420188353895696
-0.002458314709790719327503483,0.03750147141988240812038313,0.6262410420144896017191627
-0.0008785186383586422124297721,0.04073856419913728099668759,0.6284055292186994101655273
-0.001560850979480751191813548,0.03899070974409490214496188,0.6276667046471052779921251
-0.001914015093271669932031842,0.03573797870282792443763498,0.6282534100757449779806052
-0.002519448907235283946492999,0.03659498624122168447536652,0.6277262453920244844596255
-0.004061602866380895938969164,0.04349873452274252705329616,0.629023596619945113417316
-0.003741428856403184247114702,0.02743346477806977642965869,0.63454418108673371623496
-0.007129017773289844130124582,0.04509870483377808464409142,0.6289834083652762197758079
-0.00568573775559584430883131,0.03785092295152784475087415,0.6329989267013397258310192
-0.009784077239130307968029143,0.03310889278341024727358999,0.631888480668797658523772
-0.008413837719752416052787503,0.04777843630076999970057727,0.6330257725975398930273741
-0.00962596245244933153284439,0.04719104753749160663378603,0.632496402289794978912596
-0.006439984696256080727583271,0.05122111466449116162769073,0.6301412557863219632281471
-0.00655197386880240068007808,0.04886783082279284179394452,0.6292545978670895934214968
-0.007879892700250100412429077,0.05399796523937253761582511,0.6285454226350134510070689
-0.005569553603346865180978575,0.05204190613592655362262818,0.6277822475485377307080626
-0.006635067634170605486987338,0.05161649997735723999214841,0.6366288552493782892938157
-0.004794895160676493350848659,0.05180557755016548110438279,0.6299988973805159542251886
-0.006892722313905992777283149,0.05599557959824596337083946,0.6364861931630633185008605
-0.003399020281678617489556915,0.05558727126100522497598178,0.6299951417431828293302942
-0.003410959897328516912673457,0.05560907983023687106705069,0.6304019514165664084259788
-0.004556196827380713625099684,0.05339433971018463231938966,0.6311365472556516031943374
-0.004816718595743940505016223,0.04525511962426936873882255,0.6309312904191548554422297
-0.005783170220095095598322743,0.046897638402049794670301,0.6299714102995225273318169
-0.008211105651375198363761676,0.04934285868556319981648173,0.6330222457124298207631341
-0.004431988113362034589770566,0.04859456952064512835764987,0.6306848525134720606644123
-0.007141581641363037476211151,0.0519657930907854587188055,0.6369253237345849916195561
-0.005086141924238253390899711,0.05833216836451154269083119,0.6303197498284537347856826
-0.006663626973509854944932584,0.03942041424486376899327666,0.6346517088681358220725315
-0.00601590155703212933757662,0.04599906814464336385350762,0.6286916469382838323909368
-0.006140101975682078772056371,0.05378321636755160894960426,0.630825647137973732903049
-0.006324152624575697136111163,0.03824385797622756322233784,0.6341582836773609344049873
-0.008164637906735361036481002,0.03566694976871335326373824,0.6315850555731998827724283
-0.004147688088779981699372179,0.03986059900321346771701059,0.6349666569935619175879538
-0.006217347578654193809843953,0.03604511277020140680438232,0.631751765379336860384285
-0.006353141305485531485641726,0.04305497644805509477317074,0.630649210217357314434139
-0.005275099656209716880717053,0.04406031282286452382956909,0.6306655381271710769652827
-0.00496262248577735744226036,0.04205086905074192915598985,0.6296268285980622936293116
-0.004277809959624226908425637,0.03665384049102522745489097,0.634157830828796731381658
-0.003747837796151525738969079,0.04788873087450562504585605,0.6331805747583489907270859
-0.004395712832022205009130378,0.04345718477484732805704581,0.6315818415432756793848057
-0.002602168105904010576845398,0.04440312013107229616171168,0.6308085492232756719133135
-0.001413476991357457378251095,0.04025146423737327450176338,0.6314800429376031809525216
0.0007704927317090270360092075,0.04154532530023642700189868,0.6397737575489026440322959
0.001147316109804145814812792,0.03275656621261847228909758,0.634769931084091854067708
-0.0008174027928848168894626625,0.03475674428671872429053025,0.6320249257259957786914129
0.004415849929772452074627775,0.03738523574182065628557226,0.6329588048910704811689243
0.005307548429810206996881661,0.04555972769985764531108785,0.6299130040659903784217022
0.007324462393509046861939105,0.04281979077403424288617018,0.6302270015692117421934881
0.007588415709044363417767887,0.03568207039702477739728792,0.6320790976476853284538038
0.007720753231029373921112668,0.03621949529980561521824711,0.633875918999048826307785
0.003920480648121383443482912,0.0408829344632400462633548,0.6347816216847805836920315
0.006534000424732691603146861,0.04096728148951461062621249,0.6343048847272116930184893
0.012258175819544036427855,0.04141957023025111955805144,0.6407977422589175020561925
0.004360888216321822698218202,0.04060470331605614546788274,0.6324112484871342587666732
0.003966726352289109622240026,0.04032955393597732057786587,0.632235359982976197201765
0.005337992891679281363959131,0.03741101550772818473689085,0.6342188380855933171886818
0.005375679056363305910459793,0.03775674511334510541349374,0.6353605130950280566182187
0.005563318361208370761705755,0.03688006121638768425308186,0.6352472118770668974008231
0.00424811395974698802202596,0.03980144660229152642205719,0.6364624483180960634598478
0.002350332913199781100649366,0.03987652973907863940272733,0.6351079566931140396590649
0.002677574363087500009666941,0.03883465557800774847763137,0.6370744375398471603944017
0.0008494172186648479361617547,0.03649610234964865279616575,0.6364003494426591078791944
0.00172496199590263044401639,0.03586635938464870221320524,0.6340333265051493194519594
0.003413827362891864482252746,0.03789485819219588075279503,0.6361491399250452927205401
0.001628639939251301169131914,0.03339927158609444501902175,0.6323830929660975153083768
0.003341160786304824339976172,0.04049741468521629583765531,0.6302008307024706823540328
0.002057940789354910718356173,0.03305186905903924332594812,0.6387026424336228469513799
0.001171894758189765024802842,0.03079791957541838307021997,0.6321633803693353925723386
0.0007308452064460383649363573,0.02856235967632941158411697,0.632613414681132302241906
-0.0005926394509662393427981697,0.0316929705855295007488337,0.6329655843772039602868063
0.001178696651819079524448064,0.0417961532736603538773501,0.6295397083794014303492759
-0.001138202072421940456992129,0.03077450934325639750333004,0.6349646868554456036193301
0.0009218853055963766550406913,0.03298084627058538859101233,0.6308031232926574194408431
0.0009973929057710475155201779,0.03227566181169013587171079,0.6339889194245307280084489
0.0006294082861428501119230305,0.03619333273055264782458451,0.6353043768836149629564147
0.002198833027113648863615225,0.03648367400823526035535949,0.6339785782520284129759602
0.0006766962240835353243131878,0.03261355114923097930912377,0.6330552317990484345600066
-0.001864514202369183968818755,0.03295095403410917833664229,0.6336390837709244827635757
0.003671800143245180277767892,0.02827557069435283551572802,0.6318304161868596446893775
0.003007774545110303635042648,0.02534924000187115111781821,0.6317868530487786848937048
0.002524047193394652471853945,0.02556985166611431756211736,0.6304686294412868985403975
0.00246449371773371480112691,0.03788105649257835633170188,0.6336037540434312775872172
0.004958905802074766409892614,0.02451544645140738346023035,0.6333019030074431565680015
0.002250766944078194057438091,0.03442522349729462000089697,0.6286527669473247481590761
0.0008847675116000580609540438,0.02378680834026729654095966,0.6303940826978358114018874
0.002747355759824156220400004,0.02267530922406342519526135,0.632041312983643188694316
0.002257796910897151825697859,0.021970453418728882327704,0.6305036104996859513960317
0.002194795966261477767472732,0.02112324149267792022799384,0.6296779016756243185781727
0.0007500903965040074932585368,0.02144202871241621469189376,0.6309722473846556267673691
-0.001832544216386129036847064,0.02273201967145697943717408,0.6287895582407129202451301
-0.002811029635337624569407788,0.02290047316047415584816527,0.6283733836749169077151578
-0.003012387909521639910853663,0.0232148412835299459977545,0.6289960330861741333308146
-0.005450267568088462515063508,0.02825604193957503493250805,0.6324433303083858426418828
-0.005735333861334423501132651,0.02932771029905653983882452,0.6329811046281635933397069
-0.003248854961029572132463761,0.03138250003545399458015908,0.6298965192966423654041819
-0.004258284625902337104663697,0.03132369155165517365935202,0.629428872433678288089709
-0.005072067284280239521376821,0.03014393241168625975356932,0.6300377804532468761777864
-0.004771219106238000322306458,0.03390912324579156006398861,0.6309691688091333405807859
-0.002516690308530810521459031,0.02910139501223569721832796,0.6277763592293916783404484
-0.002336964501600126420388648,0.03586468286857983495119484,0.6302065154207496799898536
-0.0003041065762765010247435649,0.03922965352384352039072368,0.6290378535392470160658718
-0.004172744715116959504652705,0.04111289844877242388720973,0.6285123185503972420562491
0.0005968998491764219071695208,0.03912639102974398153111935,0.6287044359962582484868676
0.0003488669594722309716915143,0.04151309203637289224619877,0.6304181468458418535760757
0.003978791730922287724070419,0.04358303472139066908619398,0.628665131370417018530361
0.003547234947786320584384168,0.04191477185085104584238991,0.6280507858495429918121999
0.005305791851704138445411374,0.04192928062901988411903531,0.625263225006101208691689
0.006558335037323582798751698,0.04030286205323809628486842,0.6285066120347714280214291
0.007164087074802470180012737,0.04185946352397820063862,0.628355346891186439250987
0.009507824082400946966164845,0.03819605632885608725857196,0.6240446415783889033690457
0.01101053030506633431673258,0.03526630673088446132901197,0.6256801996123539932881386
0.01004629460714609977267653,0.03437099167758755902113421,0.6250418237007709931774002
0.008926835429912932662332992,0.04152627862163301569742302,0.6290166913145438520871267
0.01292922147841732254114344,0.03398003637382846636727507,0.626572804345990608254624
0.009977881161303577342569504,0.03043061430461308641826079,0.6245198591904762563942199
0.01214614496253335444719834,0.03028648423509130993558358,0.6284927859054214582812392
0.01330811194726472766747261,0.02754444932312755806025351,0.6242497036369333285321659
0.0128021675778234138298739,0.02480305007201201797362167,0.6226446072806500753316072
0.009026250621843520671738759,0.02588512962796040914326134,0.62431357017886091043124
0.008938850879293256182500649,0.0198146220284405490119628,0.6217590710989104874073519
0.009165190110055161307189842,0.01841347789640969401236958,0.6226262889944660372520957
0.005368425918974252183946128,0.02269797962762397022795646,0.6249765354416255691560877
0.004798134269518811688415294,0.02220834704953057389675841,0.6247337908974831544028916
0.003249595152969854752744716,0.01496987258800963616067747,0.6219275277973589366453666
0.003191701783217708050105488,0.01686862330972516144100837,0.6256348486640053163654329
0.0008299192024234627916914886,0.01709668553512938907190666,0.6238310846087778971380544
0.001175164000510443710126318,0.01069658086359775647777859,0.6200643085504322638001895
0.00295737769557625519711852,0.008718497832565423252826342,0.6215351667567182714080332
-1.268432949993866180448537e-05,0.01583731920988044883369383,0.623802976600543401808352
-0.0003946966239495684346423598,0.0131149379293319847533672,0.6219897007585027948195489
-0.001926662462979506504692773,0.01406613052199590617463709,0.6212215219297245738516722
-0.001729657058296672940411742,0.01235939732611251833105381,0.6223271291171889041393683
-0.0002440234607822083735730739,0.01221618593657017824705147,0.6232728128253274268999462
-0.0009651495025722752439667484,0.01043691768641757597335662,0.6179576602875007651505257
-0.0005463619684390805383497614,0.01104928553983140597505308,0.6183721608426311355799498
0.0002841566758981622356147745,0.01564677149572609241023891,0.622848705340146358011566
-0.001304121978732861565977719,0.01680879598701602584132075,0.6214940835125690732354542
-0.0007178968724483008722464517,0.01689765884191087724763847,0.6206895706473878338016448
-0.000928270515341215150806331,0.01921126056061429540622321,0.6201135106333854896121238
0.0002290087878052527012220224,0.02157162543786050878935612,0.621544604579616355444216
-0.000131364660137210978972655,0.02165880049347663344194714,0.6213587145736910732907177
-0.001011287239336628026795117,0.02380677884409380246077959,0.6207144277994476322390938
-0.0003838496920614465246664182,0.02501500683571486471912237,0.622073605280839325715192
-0.000711660903645864543337618,0.02595689729682182367298537,0.6204634663198708155462668
0.0007833548155776979280209837,0.02642385357878012860921579,0.6192363456581621017349448
0.002386380551275459321186601,0.02558763379388677428050158,0.6211228472606982187187441
0.002723712201929216498302866,0.02552901314378977840058305,0.6209540122511738591271069
0.003275959497861028173887332,0.02628126162264721871197892,0.6198544574314822641625256
0.003436636891519885550483338,0.02618423318316601827726586,0.6195380664768519451968132
0.003744383281832977528047479,0.02590717376649288861134579,0.6194484292607765896221395
0.004318634955088593296856914,0.0264901957096058023044538,0.6189095670362581014245507
0.002475124161289899826082772,0.026124602995332178029253,0.6160025521902553480302345
0.006554157409628733402251477,0.0238559779732827291487407,0.6194591543483740636588664
0.007143271905000960105003305,0.02085572923520477919834271,0.6150733242290443714139769
0.007736950200535236236987213,0.02432832695463582606265618,0.6189904289660362879388344
0.008284871114986084097986385,0.02388439259601574451985506,0.6188832396757213416549348
0.005138456604858569927440914,0.02239020923562841033915838,0.6154830706718787958209305
0.007763422337328911189413549,0.01966177387683986504951505,0.6157602090104375980317286
0.009276866797057367955425811,0.01977062331248236395908613,0.618088974671349822287425
0.009431025791440781833041562,0.01757107970536756630375308,0.6182627448663295943731555
0.01052974638359252361474727,0.01453504175411538673623468,0.617943744318527832248833
0.008393530562696316366100291,0.01637371784033449934048221,0.6136208489495140749880875
0.01450438425606035558468321,0.01668568560093643821096165,0.6102648268229333705647832
0.01434753554825405306993868,0.01254977778394160761732401,0.6110838977120202075710154
0.01450376729654781482459214,0.01439871467090839303459848,0.6093923895283417380142055
0.01454783542711361385424418,0.01287306586263793108104725,0.6094333643111066178832402
0.01408783246979972841872453,0.004917696927354795431719392,0.6124807429948176951128858
0.01632185605199443917401325,0.01449113049848713662137722,0.6104349129653683370122508
0.0127781244720252401547711,0.01144104094578117861158439,0.6084919276707003721327283
0.0110152383353966532714141,0.01270100804427398699658625,0.6106866614427416406485349
0.01019709274370896381900486,0.01065553023005002403200692,0.6190852489934332014698271
0.01105239140044139006802126,0.006816897375799041772226339,0.6118418703830496019335783
0.009932002222531769591862272,0.0112462257903140211423576,0.6087219267024291946555081
0.007797520438097615101680216,0.008154186119231639218174479,0.6119217385520484553396159
0.005880452469772410629966775,0.01421302276052517112037155,0.6078411824170117938592739
0.006591025793582934964864872,0.01119767881766892993200546,0.6073988155424004942162242
0.004016299964935083309514052,0.005708079940394533528802423,0.6104416931473942709018843
0.003831446533453221336973371,0.01505198734680905821303742,0.6084069682345146778956746
0.005685954334076181657109395,0.007372007906232243626409861,0.6114286057417506192734891
0.003783056656067825419126338,0.0103550120820125792636679,0.6137098409053322045636492
0.002399545643443488918133966,0.01462393159537726805563551,0.6088607997422190720726576
0.004097871653770079197753873,0.01489941379191309263341214,0.6108536329871295800231223
0.003788370390114648589979796,0.00780835794654905282485835,0.6093082970788652463767221
0.003072570510617460802504919,0.01336023636518396916217366,0.6123589713428896352809261
0.005747780972183316565427003,0.0150443212305647732590641,0.6057784107450783217529988
0.004765716691540268327986762,0.008768747568260033126152919,0.6104417323950288576384082
0.003898659185842297345697682,0.01484707793549035551028403,0.6056339593808185428613911
0.007217286191074380116705633,0.01344307246656185374222847,0.6066707279671513797225657
0.004513310437003676713063616,0.01451770237612991926168249,0.6090799044933227213149962
0.007424181884881201481940494,0.01294491933821667259407739,0.6051857017952292361329114
0.005889378308824681773625542,0.01568935163493982362648005,0.6080136536811878711361601
0.01018060732511415732159943,0.005933408551145716129660013,0.6017877622922839231378589
0.009854802875158849215231349,0.007721910884799332124017734,0.6038886436468372531649607
0.0105588204787015662450278,0.008660688829225923757171302,0.603013327596161663457508
0.01008677151061035739965099,0.009578446176044540932847937,0.6028388092650829310770177
0.007101517430383148289652073,0.006385498125251275365610315,0.6074861162715017304236653
0.008239385805164556667024023,0.01045193147601577478289503,0.6024590554758267879620348
0.007910350184836852441283561,0.007660552251970741306774659,0.6027277507403351330950159
0.007311145414425073915665187,0.006630805534669665345093303,0.6004246114139031309520078
0.002265724641979275071762556,0.006514769242062889813282833,0.6028654944828152340008387
0.005421684789653229488703978,0.009099762599393500933642187,0.5992535997846354378637557
0.003412586063434659439802532,-0.0009786950972542722559932571,0.600736361050277944961806
0.002866789170534846022814213,0.004273084223125860579839408,0.6015572523491641288018172
0.001581559384238183114251841,0.004617423881338608704361093,0.6006203255243837135779472
0.001354131447919224668849369,0.006876083407985100412473933,0.5998669755697999539378884
-0.001223716169263187143398386,-0.004348385175593955792594514,0.6029710121879591211424554
-0.00220858329960605054634315,-0.003982369031952406358831897,0.6021423441955000566139233
-0.003604191184776079498464085,0.002460221920337905994469185,0.6049924027033733997527065
-0.003673868160895419222172764,0.004120474586420961107813277,0.6000409150074984543365986
-0.00323682472199792684725006,0.003495630001362215032861824,0.5982686715000767874172993
-0.00533671535773797608287472,-0.005354186539850976783716519,0.6012497116418670239923472
-0.007045995756717830967030824,0.007560657098784507625099938,0.5999126307759685694520613
-0.0068723276178635295599606,0.002147657273772001461364933,0.5987480021756730330650953
-0.007132608673540138943813815,0.003021447824050197891732061,0.597096245256861446470964
-0.008795630663764956655437111,0.00775917153773995112858719,0.597997194282602673176541
-0.006281145143916861198207791,0.003582474229977923845663623,0.5980842953995418875834389
-0.00712282128302428336336094,-0.003785594780784615111940417,0.6001956734473117283101828
-0.005858304738971571376526803,-0.002111927581673252955068998,0.5995307103299899464943223
-0.01139330202713267903291694,0.006045389000419077937809043,0.6004974229120743078880196
-0.004934149562105930031385981,0.004926856719065044777627893,0.5979164799951195430338657
-0.004542055930579221023624115,-0.0008411388340611629724219434,0.6004231837963658335866057
-0.003681240892007109789113573,0.005376528736868179531027678,0.5968037637581974363953918
-0.002824238339364823751481692,0.007902984909149618486523536,0.5973209292972802009202837
0.0007076622429805668346852743,0.005856937965803025655797676,0.5970737543681138292939181
0.0001778589799640067556623507,0.007562521757426617953490311,0.5954033958929244585434049
0.00113369603093825045171672,0.01000641318631316674381271,0.5961074738469661626893981
0.003309583402672721177961712,0.006947489252226808284507165,0.5959216496092047954391546
0.003269393197863584236279033,0.007721042875301682706368211,0.5969293253735424853445579
0.005713314215931742691412243,0.008015067583567838868652267,0.5966005609577438306700969
0.006906710790869976211714398,0.008212213281238556206176327,0.5959722663322435387556197
0.007612190486705223448071767,0.005330925010242317657604971,0.5952693084023505942781185
0.007554878459772420770668155,0.006706782165562938033409601,0.596066231363867826686942
0.008537543023653851315124541,0.00614397951055501399808545,0.5960665226989324549933258
0.008856435728168786727931838,0.003948602925555505342714024,0.5956018554020799937731567
0.009031655025494314537048979,0.005054668871455834586181588,0.5953274160441579532232481
0.009845636414451141432691017,0.0048840020836321846459116,0.5957034471968268851682637
0.01052249519860663437564874,0.002474803977966336630822664,0.5965012767539852323039895
0.009278849424055561970203776,-0.001972574138322109350840439,0.5989260125149341584815943
0.009748154520231876868363585,0.006283455585207856422536032,0.5943951902974065060192288
0.01048843042285472343388975,-0.002706520696995268811940738,0.5934208218311466387362429
0.01055311135035638496482147,-0.001966505137752304257364733,0.5937510460251146371390973
0.008545555155797227367409086,-0.0018465026522682824374616,0.5943080980352666298216491
0.008821120640536020060529232,-0.00224676765305509068201828,0.5959926927350006620187628
0.008711596950966323318898965,-0.001578259229547906549590008,0.5939162860506744801014634
0.008099624522334611040341734,-0.002853289846286708418554579,0.5932228724334031033649239
0.007008299948095915096746289,-0.002620029936576156320837683,0.5948989834436114731985867
0.005762238580099722853877786,-0.004852148769280792417468717,0.5955003466638323361692642
0.004685500141571393058204098,-0.01272861292869452258524898,0.5930880862106021611523943
0.007121406846966408729637799,-0.00503697763707450143350064,0.5939934064033931537807121
0.005511940076377047810496368,-0.006311135710657965469660979,0.5934309082689956937883835
0.002160815917270122229337792,-0.003704795465621394615768347,0.5940500784296970371300972
0.002145204167320647736100225,-0.002762480385790277645496893,0.5943483629987416083650942
0.003381575639513725774903952,-0.002786121599172616380285517,0.5944274912936885479908256
0.0009783020492806382851364022,0.001975527852358368707114122,0.5936755164505526094487209
0.0003392364803660981114295792,0.001685544306530742820343649,0.5933277381670097883059611
-0.002045351883567123919827058,-0.006241528648370525331201542,0.593358734317146030434742
-0.001397961119069051792382363,0.003035891873983546755677576,0.5931474428945973098592503
-0.003621994625793826388937546,0.00404228908492725285545033,0.5935691667804305904354578
-0.00513074537322583124066,0.007451366523812804829041134,0.5928442348086722102351587
-0.00549059793215548371664303,0.007948426039755603078607038,0.5938351662574156142326842
-0.007574935903308177044535032,0.01218818463788293518512695,0.5933617695734785257855037
-0.01017483042656708476514371,0.003201368372218521204941588,0.5938564069633426312222468
-0.009636913247334620222228629,0.01407021384947741531046272,0.5918097479670582083954855
-0.01179460785436054273689344,0.01699135248262918437833768,0.592862118532481607857676
-0.01148183322497176375720507,0.01337107690553888776630043,0.5929894739278679383076565
-0.01375842952466732084515488,0.01660972431675573901532772,0.5925907445921269056654523
-0.01268109119952213689752618,0.01577022943583165567882354,0.5913382169405296817643602
-0.01272577080731239831945523,0.01746195442270501163584129,0.5910909483398811836707409
-0.01399492147294675165047906,0.01992533323855464125196058,0.591194398298017897985801
-0.01816262693908207367932128,0.01988764248124866643174791,0.5905559872498179485589276
-0.01636259190632873006254755,0.02020538816528950898376848,0.59266148863935552704163
-0.01571594753666496688260246,0.01124340999951081374041983,0.5925729483094502869633402
-0.01728105909979724824632186,0.00962850440297885121210264,0.5929699759831862371228794
-0.01693527909976156112237256,0.01160657369833201051079197,0.595327721039763613219975
-0.01588288941990958352823426,0.01176190758453561982510571,0.5984822441393824465905027
-0.01436951265422321821763063,0.01499324657138119930299691,0.5922855861495893714518957
-0.01232328870898952849488595,0.009820567743832768481393458,0.5914813015069305679460854
-0.01002590363902679942986751,0.005753067300721296552235007,0.5907702720266921891933976
-0.01133075116205974584848715,0.009069765964020398696376901,0.5915098115536804312952768
-0.01294263301962388611199284,0.007012531722184255772445383,0.5918112083500343123532161
-0.01040220465419512164972904,0.002391574889170378429015251,0.5921388602711558091229449
-0.01137406523844829153713221,0.002758918254251054198722404,0.5934017214423294994674052
-0.01168228298397613884596069,-0.002166060593887134382712345,0.5928790445947089704503696
-0.009937496392223368890661561,-0.006597700014212957812798077,0.5922678933713523274917634
-0.007863366245137910076623555,-0.006501994588012395374920782,0.5911335152512062762752976
-0.007512559901018288008311963,-0.007762095076140879297554864,0.5908191753158026360281951
-0.006882338924547173192314276,-0.007265896157279880945845107,0.589848974380558721541945
-0.005962420700707824622321951,-0.0102972763497314462322052,0.5896808598724957439785044
-0.006753405315800478300736209,-0.01713786280927536223583907,0.5913218384729821419654172
-0.007106510875232849647198385,-0.007865479758230004697638904,0.5920926367738653661731973
-0.006158360182461526666219953,-0.01317892786090974280299726,0.5916124430905693731830297
-0.00665909215713540898751166,-0.01902646832797123821467977,0.5923615270098662177744586
-0.005825275148490973407822135,-0.006851070921317935907834951,0.591142235493866907702909
-0.007009200161822702092317972,-0.006771777926616715306828986,0.5921738907733271606304015
-0.006116174386626380479747844,-0.01010863008125332390685358,0.5916559644881967949814339
-0.00618872311354696537366582,-0.01269858164842770781310932,0.5946845080434803865188087
-0.009169734682290446928232264,-0.00548050535638678129601864,0.5920541694928114218043902
-0.006194743799491262206680098,-0.005095868151274744392575933,0.5914600685693605086612479
-0.007972342397690618601147072,0.000339189922865109629804975,0.5918832243529635883660944
-0.01086891369974762010242042,-0.001918750756399207257549278,0.5933778049449979219431839
-0.008580043776305440808571667,0.00177668080063639690670263,0.5926929866202136354402796
-0.009572125011489227008887326,0.004376531572563602777437008,0.5940038140023095047936863
-0.01025829342822755924080624,0.00699420714826090843957429,0.5930173416062559654804431
-0.009542746377308414934548253,0.008528316354412261018902441,0.5933449881197103703556195
-0.009145455596611255441596988,0.009502892384263732575289119,0.5931624410178134576554498
-0.01189845378267007092176755,0.01433957425653289464995144,0.5929548113528088082446743
-0.01130769165842615033013008,0.01499346838079760116380079,0.5939610949538052242502317
-0.01048317404843880640274989,0.01451644384504087448295451,0.594902696470781977566844
-0.01287759772733761132190722,0.01911308283714859695967547,0.5945998345809000440453929
-0.01176432682297006045157861,0.01660434480481888866454376,0.595324814332211738054923
-0.01277476995922225376511872,0.01817013428001689606672286,0.5946943350316469256711116
-0.01263539080365175780451548,0.01886123138204439178555738,0.5944567077290053846994056
-0.01437343264175611895483442,0.01874668488153773820981129,0.5950503108355027492848421
-0.01410227170607404080515668,0.01863151478159326066008639,0.5949271572230443450024495
-0.01586457030035565152203958,0.01486665941724317312189196,0.5987315779086418432441974
-0.0156153387182719760595262,0.01923533706233185314182776,0.5945379854051284773674979
-0.0154436276228293797863067,0.01581963448429217836133098,0.5943262017100116034740154
-0.01660683441250107236775158,0.01563741589649183041932368,0.5946476912137976800210026
-0.0177494759362419561588009,0.01935629748723881674021818,0.5945271612097543512120978
-0.02147887989778150472086615,0.01502953902831227761538457,0.5934288734366931494790265
-0.01946023286745550071041855,0.01347509429176993976662313,0.5956325616731932282021944
-0.02165417693970053333862857,0.01695324391532014238204162,0.5966073536999191295748801
-0.01980913442240665733873328,0.01105475999608863772738498,0.5946115897919235226964929
-0.02267513866263608929285667,0.01334061154386523284642863,0.5952759461427552523105078
-0.02136173311069520033833591,0.008477936026578506908957245,0.5942172826931779727743788
-0.02203463512062382029244034,0.005849993387799777046220928,0.5951157253139965908061981
-0.02326199299738856973718271,0.007185952350998647472635206,0.5946758280802120211205875
-0.02487192540908270133037661,0.007310288370641255389914548,0.6005240535196880724555513
-0.02255762517801310901299772,0.005011411451964570273887034,0.5940946054430857881101247
-0.02273685128751105552491474,0.006748281767882769593969172,0.5932290439974715612336809
-0.02213621289876102973814831,-0.00393397309355014278969831,0.5952139487334994205625094
-0.02178257951322545155070642,0.002792626364488426729537629,0.5938748005554957964946539
-0.02413316905382909341448716,0.006224610439965607561196848,0.5926439292870643305022327
-0.0223523005742798271111571,0.006485451252001898231336341,0.5936288904611702887947899
-0.02074699359927213021537185,0.0009117896832371607303974193,0.5935315381958459202138556
-0.02177934973761294634719832,-0.001330315010433657076441283,0.59340501841210779865321
-0.02483557672487889458889931,-0.004514299568421220945624306,0.5944559446760411258736667
-0.02506673537906362742022637,-0.003142151313158971122352359,0.5924502654003577228891686
-0.02163130487458116840704392,0.002046332991419432759810926,0.5935027711731073463141684
-0.02428240976111692081551574,0.006458281054673449539382801,0.5929595554844818705575449
-0.02236553535505604942135172,0.001038922354983345085199797,0.5926282226170492828387637
-0.02460213637815836587585672,-0.002704023956775578746425381,0.591402984183238888959977
-0.02300439871473714675831346,-0.004265106954151753546056192,0.5923896411238108727914664
-0.02239948961195656687572786,0.0005553177545959786347296028,0.5943473720176195573827727
-0.02583434083023508978649296,0.007303138546948572187855753,0.5943161914066430462355584
-0.02649064345511826373824604,0.008244211068852520460370492,0.5951543551141456056541301
-0.0257618211694235314801471,0.005785832390670197014626019,0.5943177427416727054421131
-0.0235521937049245934370223,0.003453656222605303374728614,0.5935702860085330101469481
-0.02697456368238050627983426,-0.0002056476547993062935042186,0.5966447332420169447075864
-0.02533960787029533243130963,0.001566238006096230253247348,0.5946623008274115607108001
-0.02510922562559484913502494,0.006318212294763192286850551,0.5930130035949210398626974
-0.02695104753680320486264321,0.006778939646035980239047181,0.5922531439727183322219162
-0.02595017505976312394144756,0.004568960194363667903783011,0.5925034820214478692435023
-0.02630917613985104056006925,0.004801714173477114946941846,0.5914911157050578571769961
-0.02662916502415815789284181,0.001079118018199063788048475,0.5956329273611477015393234
-0.02991338890502763872558667,0.008839097758044129823917778,0.5919514903859421917076133
-0.0269493091522515285096695,0.006065577620158659616356189,0.5925362584798764542526328
-0.02663914025771042110024567,0.00641474856664590777771684,0.5921795026091087876807251
-0.02769111452874840548221691,0.01030558024510971719400754,0.5920773453898858784683057
-0.02860385393980090923404802,0.009543105828067773716005817,0.5956186349166407989486061
-0.02609254712145942303735957,0.01139534790868373774486155,0.5916526679495595075763958
-0.02532804310805682537766081,0.01269059912216283399211125,0.5926313157697854494543321
-0.02581840911166098997964191,0.0183472744321707889603168,0.5920769444055723473852026
-0.0263416471799257749519807,0.01922891440465519102831493,0.590569414956759519697016
-0.02775282035287684676005959,0.02012841990482301668397014,0.5939129041317037227543096
-0.02597572865742912157083211,0.02588602026497876032462564,0.5920991869145681985031615
-0.02308085467999803144789617,0.02428183411295225732629,0.593449135310257336328732
-0.02406547928980376505059269,0.02457973533880533287265813,0.5907155117346581940651618
-0.02115951035586313005998349,0.02679475462477195688015819,0.5918430244846221155441413
-0.02113655217936510899434666,0.02274122137202324450688806,0.5928632892412144528293538
-0.02251524498337127699887361,0.02000162659933446204774121,0.5901411779104169808007896
-0.02262389838600420421954595,0.01778364918080585846404951,0.5920982313936273833121504
-0.01986077336650918234717267,0.02167284544050322031560896,0.5926961706422623210599454
-0.02203855060137785426555013,0.02504068116461053566945694,0.592301705749789020316598
-0.01975394721968310590698437,0.01847505487752244129895374,0.591242671701512900739317
-0.02004109004143688615995345,0.01106014147841226716306728,0.5925451139015283086308727
-0.0175334003729976754815123,0.009725647724572471924942008,0.594578869580471236488961
-0.01923044343365292938030642,0.009569734196009453339182294,0.59355275996368606072906
-0.0205314403231649476866405,0.006505609648404555613032674,0.5937489026572734251985253
-0.01912064585520949211439046,0.0166283729078157693770379,0.5918359601634047839624486
-0.02041302419789405367400725,0.01583369001514729410007298,0.5914901258754896584690641
-0.01881233364549960221379088,0.01048979541396726465618539,0.5915285011650003310634816
-0.01997143918826654873655002,0.01410868621805619338438476,0.5920773682676787608158975
-0.01960721841242185972675749,0.003792801126584768433430694,0.5926822711518410224940112
-0.01947515009550245326797047,0.007654734338893958746352641,0.5917705114541212951806415
-0.02017053765879965598895041,0.002019351078192771660468896,0.5927232084379713272781487
-0.02091266026482264950292489,0.002894076549221448035192905,0.5929212027689736430602352
-0.02229237722723195758156578,0.008487247760111858718712341,0.5885959736850729928647752
-0.02063771381218834286008779,0.008686759528605645860888096,0.5904989825855401219811824
-0.02259842293730833506781863,0.01464527868166049136278151,0.5904228799999203802784109
-0.0209697878647485333458711,0.007753932909410132107153046,0.5887869849009644829251897
-0.02128359613342831885285378,0.009880966241389045612297792,0.5907762876300508558813362
-0.02139297749571402937340814,0.00943054150887286460336334,0.5914866130144001976631785
-0.02079299622721498055910594,0.01175800273784332293514066,0.591086201855317239228782
-0.02027286822356283435553337,0.01047762914546268402105067,0.5918112405509895479482907
-0.02032827933858835645075658,0.01257207788934600924124485,0.5898207009118142662984496
-0.02082630669791070768259722,0.009137979685394353318583782,0.5919532746499632791525869
-0.02102677785431876847366262,0.01603805567185052904921605,0.5896845151632208459346884
-0.02085187742590280737808861,0.01750200721149033564194575,0.5895844966081358329290651
-0.02112138397069084766455305,0.01908745407406008467998682,0.5898949698282999198895027
-0.0238174771851068639572091,0.02514574113842132918605898,0.5880577108915494566332427
-0.02518001703037871588652941,0.02812759522767830158707092,0.5903262581865639235800813
-0.02378973291412816645773454,0.02406894231680390197625208,0.5906727849522540596538533
-0.02542375089794917525365392,0.02806404234298861058438668,0.5898135468357621480350872
-0.0242832530814145568232032,0.02629619581660180144266903,0.5904037078766396495765889
-0.0256717551861028285553612,0.02861327043989936314005718,0.5904902972046677245288038
-0.02667807379451240384904409,0.01912866412501989035743755,0.5908630980189010228897928
-0.02629068387939146808629509,0.02613285724069508084155267,0.5893621196688113572648149
-0.02923406581386470137751132,0.0248751078508577597170337,0.5918193745010836837039392
-0.02836216130890586301083189,0.02173527859819764096460659,0.5931395608121303730797536
-0.03010804245794936051527912,0.02212665165349160176222476,0.5913266896809428185832758
-0.02977529831978515187373979,0.02412136012025054357388321,0.5936933021205985649970671
-0.02985226877446130536175595,0.01882136807776031012240381,0.5968055873986621850946221
-0.03082939224662549840272341,0.01963983100416679186683844,0.591177377135129189511531
-0.0290931495409108772931539,0.01827951582060392127226933,0.5920142189594387316375901
-0.02873974264391173857879913,0.02265898521790386810348394,0.5906968376806409626311734
-0.02612091321409223260152643,0.01527955771540961960042182,0.5946429500143132207412577
-0.02639114060439074274655447,0.01554660435619159911113663,0.5900963346933362219104424
-0.02629079552727676613588237,0.0112007093395744290048599,0.5926169592039132183458605
-0.02674330022186830260744195,0.02445082784690206720301653,0.5947970934866418923903097
-0.02659382317219724511936363,0.008780171405050250094115327,0.5918041425120189602537835
-0.02598137140336496606063399,0.01677943910948795358528685,0.5920830090804856116193378
-0.02442809379722770887766181,0.008731340057362022011311353,0.5946291163619390474082138
-0.02549366019164831659304937,0.008103368429808509645906334,0.593864223747272879094794
-0.02639854913214203721572026,0.008806634038328922317595548,0.5956034817478095266807259
-0.02552360665058726885146001,0.006038401328130991660425586,0.5956587192616661363686603
-0.0250084796649529123024891,0.005660291428601191450475927,0.5930495209818686941360966
-0.02692440688774143039974085,0.0105096986024453969976733,0.5935010115540365616126905
-0.02773969325618302894653766,0.007289157246784179998433384,0.5939861143714467717202865
-0.02660639412054623814674059,0.01140961040905662596256498,0.5924810214528150043022947
-0.02703037696999338601600016,0.01125923647759934781431568,0.597295328064539110535236
-0.02908758325011049153396847,0.007506972587963661042165242,0.595432702065278873782006
-0.03090450063755952742061694,0.01727501508126139811993838,0.5983544928845692112417964
-0.0313169352621212593312805,0.008310935508273250074684491,0.5937161464232153518238988
-0.03024682521515763625186146,0.007342925915031332101401418,0.5951389890197340548638749
-0.03019531843934795956041484,0.01734258127735011090209127,0.6019723479998436710403098
-0.03088404259876296326092771,0.01767301061526098740483981,0.6006679046279109757122683
-0.02927061888717195220488421,0.01271292857996585146107549,0.5965208039533235195861494
-0.0301097242738603970702016,0.01697022305347277437714837,0.6012699722739732743903573
-0.03374481035551145369222326,0.01752752230285776688378796,0.5991938874384151736407489
-0.03064897800803601315977609,0.02086174322056101246292137,0.5986474583219155709556958
-0.0296299776936786822545411,0.02141793694671793521489001,0.5950953387120287985112554
-0.0299823957508229994861626,0.01748716248493995678581214,0.5964939324182592095269229
-0.02731572563409888701468908,0.01634889692362169813510953,0.5989109945939447010587742
-0.02940730725548580670736243,0.01780767849672241359693103,0.5974259329521626193937323
-0.03121220616734729849661711,0.01831545205408087809151318,0.5978736705784740701474789
-0.02965089534527015277531881,0.02194605054516196238068027,0.6002920308628473256007396
-0.02892731984268389830439183,0.02291669860484944407086338,0.6008962388663877662864365
-0.02670230417915789647431701,0.02175781151729866760846654,0.600565721847849620651516
-0.02732884623916309249636036,0.0252510141703344362373862,0.5957183184840856293718048
-0.02775983686799450914084453,0.02471483155385680030580176,0.5986514538265685914097958
-0.02861319660993833641216,0.02619230230859574681812063,0.598326831432220318518489
-0.02795359103745355053294297,0.03584059201698477914455054,0.5952635358598596937440561
-0.02817881770824692821975077,0.03377426018204261748412165,0.6031570244076874809380229
-0.02822673785981376706755164,0.03578823325758756501713265,0.5996161167566308458631852
-0.02961182651761564213477307,0.029914400867625149521567,0.5996613661825670460459037
-0.02820272658228768769550499,0.03632221505869783623188241,0.5974813129919164245151819
-0.02851467214624378229692603,0.03317554813855253664778289,0.5983713721817973674177438
-0.02677050768032031291543404,0.03642731759740681224402081,0.6022695397645206893955105
-0.02753195693423573370273161,0.03272842196218222338144344,0.6006123947995101186592137
-0.02835365690276156827587251,0.03924327600905362645189456,0.5998142194119068237867509
-0.02908724394523769241072131,0.03279482212483272873804196,0.600610029239587284166646
-0.02862066394731729510048091,0.04136944988717711907399988,0.5987490861490781801634853
-0.02687068986025643868575941,0.03756629798702972033996872,0.6050469998751729638897245
-0.02656544759201239988555265,0.03512168733366743955670586,0.6044928334205632580733436
-0.02750353968975221760628891,0.02967446267689645075793514,0.6013381986802076584197607
-0.02576988906841072221598488,0.03321482330247189224126103,0.6047081262501599052683332
-0.0271511394466659068680503,0.03425789763597943127226841,0.6025221773378487410965931
-0.02774927957405073572494381,0.02663555201912877479220043,0.5994735570449576389506774
-0.0272215369784522161211715,0.03037256844493328722389691,0.6027734953579788612643142
-0.02782289513443909553802591,0.03518201587217258119455465,0.6012827685393714594042081
-0.02700380504212935781072069,0.0333014820864211275042166,0.6042000896174505308877656
-0.02671909511175000681570957,0.03429986903395417646711607,0.6047168845154081706638749
-0.02534009565187348919645949,0.03257145387487436760665105,0.6055877686425200634445787
-0.02445899674630582637524512,0.0309743599690892774944917,0.6063689840203811964869374
-0.0232474461628256259815295,0.02991860625898370290576267,0.605442641752442556324354
-0.02369014126159770666779636,0.0263119849063566668689873,0.6019866513491507475919207
-0.02165633094838462918696464,0.02736061328020869889976474,0.6018659165651423226250927
-0.02185035224666823788775005,0.02603167668585695468386199,0.6035239418671097810786819
-0.02259547685829565999426904,0.02712695515208431509823761,0.6031704404526800900043781
-0.0268846974017783353627653,0.0312370175907745600829557,0.6082475626463852425018786
-0.02475130218772327028720071,0.03100806167092182846767301,0.6017101786310817823633101
-0.0277547138446438898529145,0.0367840245059836840058054,0.6051494798005876418756088
-0.02574459314981659280308079,0.02498448492847126292670801,0.6012379169960923031013067
-0.02652233181261765340708259,0.0276100304690277756347605,0.6012211540605960635730298
-0.02675883620107739543914072,0.0277385375574243746299441,0.6017630088710327340706385
-0.03150498865733056264026857,0.02712068687452600171394757,0.6047640730713913503890922
-0.03028143668825328954641307,0.02706175735706018922743787,0.6096382068792561836900745
-0.03100596514851308022064913,0.01912312809579713376861854,0.6031743145401216033008041
-0.03032092602126005773111039,0.0287693540786783386042913,0.6056891727771280820036282
-0.03204207751271109794188874,0.02282149221673757111261693,0.6066405629404425514650256
-0.03336267378724615956242516,0.02625726001479152318940358,0.6077404226396926345543648
-0.03065208336708258318736853,0.02454914656573547321327666,0.6004526204498804586862093
-0.03192136736200889418624271,0.0210786423911509153417132,0.5990123585314883758456972
-0.03115923360997190777466059,0.02605870750768797886043338,0.6051051424645401688451329
-0.03305301295089704827212529,0.02056458864702740904628619,0.6026871525825405750964592
-0.03218735937280617354083745,0.03285686781294912955919685,0.6085140469494185744281367
-0.03046792060629907941682326,0.03117546640201199203978888,0.6017611638372942772789997
-0.03209320657790527137054326,0.03564503472675960987769983,0.6023415985954424511916727
-0.03228203850140515945854602,0.03730628591423751361233485,0.609347225735003217295116
-0.02891193832854093911932658,0.03617901576904664767697639,0.6017714182898263874932354
-0.03163591398823058925549034,0.03805142518162461795494522,0.6085816392325300583365788
-0.02913241798891620659706092,0.03765731252088255071042155,0.6086277962042172529066875
-0.026186226352644944442849,0.03635798365425026157371491,0.602382747249032068914687
-0.02875942720975902672231328,0.03804640557798187605609286,0.6084006646974265963834227
-0.02918353271266254517213312,0.03833373570636735422345609,0.607224891466157767894174
-0.02623501130706420644833621,0.0391479751171215084593058,0.6087760310795250484616759
-0.02912890378453221809640361,0.03765772450708707724809088,0.6086378507672567383934847
-0.02374131277391400979270841,0.03302640046181617994314195,0.6029631844004339491505107
-0.02360299308226758083217867,0.03470359831390239235826556,0.6025388439229649728545724
-0.02538340916618086681721955,0.03527686586079180341979367,0.6088402018597179887748894
-0.02134203518738646970787087,0.03437382604827363130617357,0.6009021017346322102170575
-0.02222800286749232467897741,0.03504748009142438086582771,0.6008254882938489638277701
-0.01787633638511101907830891,0.02987213466500886552279503,0.5994993014536583730844654
-0.01905480752941529284938404,0.03144498178800755883166573,0.6071139428545695437833274
-0.01843006261829400332930007,0.03000235465884477578657474,0.6080081209094528871261787
-0.01768261875615937533945399,0.03013114268372351842173451,0.6072692133406046854915417
-0.01616448842314249095819534,0.02915807526517136261112739,0.6070892962510043844304164
-0.01190482309339793189073564,0.0257704008926371505583397,0.6007955211293117825377408
-0.01279873307492698959741961,0.02869067981801270289521355,0.606180118040929083456092
-0.01288500392374635969416907,0.02919530244020593010012554,0.6011163742425333911256757
-0.01412657896570090020060828,0.02848888350884231507320621,0.6061576300846033271696456
-0.01411665133435146234075486,0.02966985977548594610730959,0.6061776253173800643736513
-0.01041975953301975399423185,0.02900706327291881908569948,0.6012558650962440687237631
-0.01301690083737549324949256,0.02707966349420220034116547,0.6081113569984337718921097
-0.01181562909413600565011748,0.02060037376152545895990897,0.6052961579254444446362982
-0.01341015455953337848216123,0.02793471792495976976922201,0.6023183614169259625370501
-0.01489438171806538313557411,0.02567823089630093952306922,0.6070381672458916577639343
-0.01257703894934636239255621,0.02741569104729443470680472,0.6008162475054859008594121
-0.01565652019975621173086822,0.0276854390720051822538661,0.604851842037292475318111
-0.01292067285568247562987931,0.0225540444431965303451193,0.5989640052202140907411376
-0.01491653027333977171720036,0.02603284483416183278658984,0.608008912826200509371688
-0.01438826010220660769900469,0.02071052921885659439671379,0.6056466507223772222090474
-0.01285903797310476888438036,0.02344627381968297785697075,0.6018601226965025752235761
-0.01676883828405091592106402,0.0253316057963162005739477,0.6086487270609975963608917
-0.01709520532694054628652935,0.02970815956699979568100822,0.6032150348177678367278531
-0.01671121642137186891208245,0.03045534638680348973882595,0.602347022237186169313361
-0.01671480988987830360037457,0.03126159545010930712605202,0.6007973511610932293436349
-0.01750178848678729526255893,0.03277237524244361321912322,0.6066501316680084077148649
-0.01558352171442747673146823,0.03461730002869758265893196,0.6042139181775065814861136
-0.01877414119263469058362936,0.03429285741497713202452502,0.6083149736688229225478608
-0.01742708007669654945992477,0.0383272027555970479228975,0.6072052102994636157973218
-0.01428664130916345274824319,0.04065093035551690936468816,0.6020454891758351134711802
-0.01523690689942797972522559,0.03690341162348567682904843,0.5999076559338731851056536
-0.01669932434572039131603916,0.04255964786255481135945899,0.6065990485501496776166164
-0.01434644282495032077684449,0.04023989488900250877101428,0.6027197129117075613535803
-0.01310870930043852265745041,0.04164978342848445896917653,0.6023322889429715276676802
-0.01287027366229580825629508,0.04345349063012282631035532,0.6037776926608110494854031
-0.0136102408641093214347606,0.03954617861700842479377727,0.6078690917287693507020663
-0.01008496672245007795554184,0.03976199569715706261252564,0.6089739338917642408333109
-0.01316510357624075568117039,0.04037288416986256622820406,0.6084040955349742096913701
-0.0142538322221515394855329,0.03953204115699962550856128,0.6087233742679472037195865
-0.01095366273253397040865487,0.03813799671282597225641098,0.603478744939215161480206
-0.01065260138622803158525709,0.03480055989202470584364946,0.6030017054671279463917699
-0.01271996768540096037214404,0.03956815160945925669011558,0.6050215200551862793076907
-0.01255746287580684211748761,0.03782252321443478615403677,0.6067423499352433413633889
-0.01066676470783054289648284,0.03398564554591655684223639,0.6018716618253984185216154
-0.01299642934630545684782099,0.03811078336792551174427857,0.609610198337303454962921
-0.01398451581358982342973007,0.03611730650235564499261898,0.6091074681278781932647348
-0.01289113793358350260054301,0.03740526159052482563227571,0.6095415922584009882356781
-0.01234810800621720730529951,0.03569045474777696180801456,0.6103837256309576630997071
-0.01014498790953852896956633,0.03295069804319258888192223,0.6028952448151609910809157
-0.0112813698058123277473408,0.03746474369062553766429602,0.605745271558511766407662
-0.0116437828297592024101581,0.03483011527526966993884017,0.6031505487437107682069382
-0.01046324207766480794690178,0.03415542966151399045804382,0.6020338849285025162316742
-0.01470978676599169789052102,0.03519204839340159263194607,0.6097558190729702731758266
-0.01277922388146224275118357,0.0343493428569588699073023,0.6020189347322059125744431
-0.01557417948694268632070514,0.03647215584172885244340634,0.6097545040484739775621392
-0.01330097442939134899653197,0.03810926830060617359619002,0.6035377173893997637676989
-0.01137425266148188798820406,0.03409288598294928779308677,0.6018875886222615489984378
-0.01405306269846652578170421,0.03886714305171381361736493,0.6025969381781983713608497
-0.01362992450474705997953695,0.0388301676229464085010612,0.6034494273990289592290992
-0.01394345006122806561454919,0.03586014240887209353347842,0.6023122617238015896745651
-0.01937624232653550188087976,0.0389175029456081608691953,0.6087325736545252663489691
-0.02060958674074595334269056,0.03850694236423538724389815,0.60801166005537743419751
-0.01603736615448762836688701,0.03657906370460389106069599,0.6006251230507139160508245
-0.0160539415169689524132135,0.03587996648850979436451425,0.6005074547568857168400314
-0.01689206101084621963748233,0.03990846109410753350665857,0.6006468895377643502087039
-0.01571080494180746023324957,0.03576917460808395204940879,0.6059018232766026912372581
-0.01976290704564303765677913,0.0422649975793564017245707,0.6089955174385529579339504
-0.01985217375633378106281057,0.04401512764004868877298904,0.6094596837775574371676157
-0.02065308726228839292238249,0.04572336933991709428948269,0.6088721429383514571753722
-0.02238233549478902198459629,0.04530534004545497955840361,0.6077961327525863710619092
-0.02141484143425288755313574,0.04812283287692174782446131,0.6041030189043807840931777
-0.02144727921012283891610828,0.04894955239895631277091681,0.6045687606528193924759762
-0.0220569295941755068313217,0.04546455682428986871945753,0.6073900507444568441783872
-0.01750783189520080385115364,0.04184017846247978927864963,0.5999194064923196734184785
-0.01694535838054855858558767,0.04292662887977426872110343,0.598449992374899930602794
-0.01826945348097538251996852,0.03327158850117566124549029,0.6022402857851282265144732
-0.01565370844749437717613461,0.03367768111168849970438188,0.6020372292970324057392872
-0.01459322068448818190966598,0.04108819443729237047557845,0.6053452059329106349494509
-0.01128533396431039871610214,0.03560945481304289561563792,0.60062741933522023618508
-0.01165364782472327540019386,0.03728435028039241150299432,0.603623059239159043265488
-0.009538366651586896796666259,0.0341129094796278828360947,0.5991254619550782090087182
-0.007613332408682079929795883,0.02962936889606445495237708,0.5982773106461577450332356
-0.009498084771898106584697707,0.03340927864436238348133656,0.599127290656311317640359
-0.005026280432982106922967791,0.02209134462936332074511903,0.602613595886604236362416
-0.00605831189446576733048655,0.02420853162486012732923513,0.603536541508914448073142
-0.004281036961970112290909452,0.0285297601839654066391283,0.5999275648287589746132653
-0.004309031240976102412887361,0.02217325460889026100819166,0.60526431952119064128226
-0.002233061813871950896520646,0.01123277628144565484791251,0.6003250764397722871734686
0.0005609946296655868042818627,0.01894660917257899590548931,0.596658163253977913420556
0.002158677933508245869176356,0.01454934842458654314922839,0.5960240173591083712167915
-0.001584712264252658439969701,0.0221363008707985246814598,0.5977511675962263737460489
0.0006655379164833296647130201,0.0148773133129201165503197,0.5956191201035937465846359
0.001008551350301422960473174,0.01706273880211417459662471,0.5958785655565465022576177
-0.0007374513410222391721071666,0.01627941498545717319279547,0.6011461535910560538553682
0.002272869316790440078618341,0.01661774765455682409398541,0.5940074234088373872353372
0.002219988044520200022591272,0.01863691413924106407562498,0.5930466574428369108673564
0.001583935272489593029318633,0.01871601291286388926704554,0.5933138524162071547607411
-0.001777437752161586254073811,0.02751295771889265134868552,0.5951502593844905097952847
-0.00194086588859797683562225,0.03227690747558174116926821,0.5955218112786138107139777
0.001835433025898687304372503,0.03085812404766896319130431,0.592351637228640037768912
-0.00051231990616833699390964,0.03671286856873253595656692,0.5972865121340167338104266
-0.0004752408084732774574097947,0.03763716003767242357369582,0.5940785246023186916275449
0.00388502237272376300600274,0.03323397304550590458660508,0.5981535593677804740764259
0.002660598756227152642678258,0.04031545987314563012082758,0.5930832948395147186104737
0.002585188391262517593194303,0.03928153135076420388038798,0.5925828545320869222834403
0.002665053760553565565666334,0.03788575250506093922142625,0.5981320918530996788575749
0.003805539950207042533547597,0.03829816447030905124382372,0.6004458867692789025838351
0.004119041669924506862687785,0.03801242167839333913059718,0.6003118263319764391638955
0.00407275436315339151721604,0.03616122390396304953075202,0.5981909530614516468105535
0.004996612842052802587466953,0.03629051408371591208590345,0.5969760977926965583861829
0.005777489698445619284439267,0.036108039537850508682304,0.5976908298325217527846576
0.006678361346148243594955662,0.03035134185192760875038331,0.5938579033129898210319197
0.004855793585429846702383738,0.03869505088059515401921473,0.5939424964604828049985485
0.007469409547785785252749235,0.031021747992960788803396,0.5888801756800859932283743
0.003854170345450580546092789,0.02571998047611631296738288,0.5934902285379523023678416
0.008596142526343466400140514,0.02248574071010437172568608,0.5925268968288098792029928
0.00693248556559012026057065,0.02775341741495380987192476,0.588367885315230210174775
0.00613416034266911318340032,0.0252011451705508766896191,0.5885464993656583931880277
0.006084916636124601020674252,0.02082444142867997949331027,0.588738680280757820106885
0.004592380408280486749073024,0.03146538973584866311083985,0.5882672670131402492543771
0.00346069629341090720039964,0.02559191580685461070432396,0.5843854713765223030108586
0.003718469251302800905600865,0.02124808378310831524782287,0.5876688081943479691204857
0.001028443788617516754108072,0.03200922954052271007796548,0.5872789389320803854488418
0.001182600978760315647841939,0.02584061075214072120131981,0.5850334503148704179409378
-0.002668689953302195560363996,0.02265145195367942662634242,0.5883030859938627177285753
-0.001841421782091642086326422,0.02604633012185227775026064,0.5880855433159136724796667
-0.004324187003766134275439814,0.02478688207981451577244236,0.5875062176474591391084346
-0.005889678223894961352213873,0.02821806764331466141348947,0.5879494496477111198373677
-0.009892498895264285885264854,0.03425927562221806055298146,0.5918308077994607341310029
-0.01116009283939614626923742,0.03346025375174668109456988,0.5906265078749766139765143
-0.01309191904650870881543501,0.0343630401960284340145968,0.5903978224869742552627372
-0.0128863435117672672086675,0.02734411763018827074001038,0.5849232418744285677547623
-0.01675390358101314092209577,0.03069548031091097473055385,0.5833587307155964074567578
-0.01591358999822378716970661,0.03112552438430237974897885,0.584207833947558485832019
-0.01887063682346463641681389,0.0332070194471580787398679,0.5837579268422371514546398
-0.02018821036411124966725161,0.03304490604892689614713319,0.5819133959037503522893076
-0.02333823664875061404400114,0.03247469207242989486239537,0.5795441613476162157070348
-0.020695679206009707368219,0.03332013876866796175946206,0.5816622725005774485751431
-0.0209263277097472936982836,0.03336248184501545283042745,0.5822962016956153563640441
-0.02211419491407671383820244,0.03206881790462491610416151,0.5823666146157139289485372
-0.02476105147424749464146743,0.0322478718834081773403355,0.5810813305239616033404104
-0.02686812857346242838785244,0.03646356650220603651257889,0.5833204024131727338797759
-0.02273678376891145186400323,0.03127589529847019794717156,0.581399043229356871087532
-0.0242973819526911723187812,0.03482203408181597237280869,0.5795390516194968144603195
-0.02149098751691523936924177,0.03484409319074924932246873,0.5798888610697841006214048
-0.01986218932004655407519422,0.03025916212404333727192807,0.5794057732257964499211766
-0.01857453380805214673832104,0.03154688500753256852338069,0.578653012559996460240086
-0.01699286445863832512026548,0.03045198933284523623576945,0.5780483402622172972584735
-0.01564112060068566234516396,0.02949448953659875374833099,0.5773802763932552872816473
-0.01285266888684105483775522,0.02599648021625493646280525,0.5795115748274648481697113
-0.01341663996457789949368067,0.02984137839019609939050781,0.5816259896197708556542239
-0.01205793378599203172218957,0.02752235053650171209271846,0.5826174403607595753129544
-0.009119009477159475962615431,0.02454013194927893992680623,0.5789263012787122519853256
-0.008196111656819531771089871,0.02838672775714115581457975,0.5772382556575272882781746
-0.0042418002589244552247294,0.02059503718555435666792697,0.5795526274800693045108346
-0.001973365094785128025234311,0.01955015140366867312793353,0.5822736677443488551020323
-0.001221677701812452559657074,0.01649220512117239093030641,0.5798326720679424228777066
-0.0003536905448093374381562937,0.01482837931188052231490371,0.5791703231884228753045818
-0.0004813246055879283704682925,0.01364542622668763263704683,0.5784472995883349621948355
-0.0005503540634428989069062976,0.009323652869196978262844588,0.5767048458445784842041348
-0.0002783410882809456339016807,0.009621777689342825637397461,0.5764587806807366376915525
-0.0009759537536001380202480004,0.01068295465977278646541038,0.5779745846677610821018334
-0.0004153566236166102544971612,0.01063832472979649515498757,0.5790357183295760101771066
0.0007519470519045171313238241,0.009333232550096010743390096,0.579260555492044248993011
0.0008421046265437793013064471,0.009984615140961713292133695,0.5788384460155074906495543
-0.00262126717584872624688952,0.01746738005622314876541523,0.5814244408743091119262658
-0.00293070162532378013578449,0.01598922799695073199144346,0.5821387148333306837955092
-0.004213669120551892001425021,0.007975393298970437708228509,0.5752777395117213421471547
-0.003077385865575836890184469,0.01216736475798262280545448,0.5803310921619557749551177
-0.001951511858155308707166165,0.0161322304833220360464896,0.578237074583342613998127
-0.003125476197943754998881394,0.02487862575851863822240517,0.5752510864338608032042544
-0.001537800143830198593489222,0.01920522469082426922359907,0.5785226325872659947080479
-0.001853467567134250287841368,0.03053021918978297138957956,0.5763810349136201383046796
-0.007925394465996851017797198,0.02729831619675937570690394,0.5728553363715448432103017
-0.007401131640041078325886748,0.02032214006702734096498908,0.5771228086265257628539871
-0.01028423553932147210820958,0.02524396728646735588164063,0.5795073755219284361572818
-0.007683300481626905570342601,0.02605346999848274364142142,0.5825897574688406743703695
-0.006476688494821967664871742,0.0232646836690408413683695,0.5790572497497373793962083
-0.004840194403947787465947172,0.02564426017738691623848446,0.5808807607582434640036695
-0.006583031849688445943935555,0.02570225462424423693019726,0.577403974946737785778339
-0.004534091617664596195191873,0.0313989372912492348266511,0.5813790334152996175376416
-0.005133396981140340986637938,0.03335739247404882756864453,0.580967973059950182346256
-0.002450942270262035198313821,0.03321534389619561905560019,0.5816569157824107438869987
-0.001265451540774411047160508,0.03359766906787380741361559,0.5815895817824945357443767
0.003197091469677050719344624,0.03245629099436508208098573,0.580310007759042845165709
-0.00028899642151049092196613,0.03269228760076185041905106,0.5763769875725748281780625
0.0004965906024071579981729596,0.03860601901414165149084567,0.583096387644800318028615
0.0006825899031309826982261146,0.03737050615961957228394752,0.5829615874592997126768523
0.0008573622654915054840107924,0.03631806202982597320261249,0.5821658082417578983225326
0.0007426667045242909106009255,0.03348202261754026215490043,0.5771057758831877881888772
0.002410663902983043328093204,0.03241498725221508836469297,0.579928694618929263526752
0.002193107593527711049463669,0.03245304561490924832867222,0.5788587345987568077987362
0.002215253393481388024394141,0.03106361731504887757626676,0.5761354624007839486665716
0.00478354757153697657257041,0.02817919473673256153256617,0.5790924972031245010484213
0.001929660708194249263067177,0.03305326013354083908302172,0.5813810461931951945047103
0.002999217889092783105586815,0.02622765744131300841290866,0.5799151813019465251386464
8.845789884371151431041377e-06,0.03090209987556145898590643,0.5825792700852253647170187
0.00119709274585196642076701,0.03470435925069918076113495,0.5842019720864215504008143
0.002377187661297714294655892,0.02792174849584951046299608,0.5838885855099446020588516
-0.0004657819415725168049093041,0.03242319147718199928709382,0.5805382347066887493980403
-0.0002196121630866974643037093,0.02961639767299100930997291,0.5776867522183928294055022
-0.002912910338046804416267666,0.02994366722741312325517526,0.5841324764736331998093988
-0.003761666029827339264440811,0.02664735175381054491094979,0.5846760384368299146018444
-0.003485742009941926629335018,0.02785818462583243559915758,0.5854374711345223802894111
-0.00290536342050131931105672,0.01832187108919842988274951,0.5803004488175360631174726
-0.004445832071603437844753426,0.02775489557019020225858696,0.5820215788830211955939831
-0.001046835929894826154248899,0.02156207596880017549056952,0.5856540164481146559793956
-6.797058690098859812071808e-05,0.02296686182321445307552565,0.5782577282548513331050799
-0.0005171569528589346114236247,0.02286025288217381767896796,0.5779442198260960061872993
0.000652484957566626952787936,0.01855061632760933443275775,0.5815129521951396540657697
0.001043539489370867625467332,0.01773607472984894614653761,0.5818593920990531298542692
0.002023261013848539225518097,0.01632577419433363374867696,0.5809718893163492436926276
0.000654341022944930151075682,0.01697818678949761239671545,0.5820978502491852557554353
0.0007719210604304489048432814,0.02084644797099711663324051,0.5852548617692545640522894
-0.0003506871397726168460874663,0.02200404362589054862997529,0.5818597312097114615525584
-0.0006959214664493795082789163,0.02878070035282720082192576,0.5787278639612267738812079
-0.0003828132444471007132281992,0.02108182779792324573753248,0.5814865066369518942224204
0.001247533042868845731473981,0.03030834120386414684555909,0.5791115542866169807467713
0.0007680835173653076299732367,0.02284731115627257336253564,0.5827179192449851719004528
-0.001590258229245424936165731,0.02150236890737728528977257,0.5804496267653737051617213
0.0003671402317388656306139383,0.02095190611116232864974407,0.581395707966460006943521
-0.0009405885798009105307551647,0.02451968386270882496735801,0.5790725658897116767676039
-0.001598930981643023521016067,0.0191869723295884989089366,0.581937136535934373959833
-0.001551396257196863874908144,0.01961528415318243220855088,0.5828701686605559650899977
-0.001038860851891085625500755,0.01894960132222858056882941,0.582935786513182896406704
-0.004788443417131885322668428,0.02262810871561695205689269,0.5812472833922194270783734
-0.001712315558131520011608817,0.01766634654273932514279011,0.5834255472761947780568903
-0.002069618527945948742441384,0.01945686700188649018161691,0.5824057375411272330367751
-0.001278763669256314247993367,0.02428390680074434676560813,0.5807427091370045424412183
-0.002283148549755564023916454,0.01896131582828421840991595,0.5852488767006229775091697
-0.006272053858698071505950455,0.02284933803237761129611982,0.5861602179101105258851589
-0.004205471977760809505764161,0.01284557143931606797149225,0.5833226136409636053414829
-0.007077215408859513501305116,0.02215375967483369096244772,0.5870048932184719348015278
-0.0051199560287163185454129,0.02240610724941676998311912,0.5876404793436227347314116
-0.005620362364674143587639499,0.02127932763743771091280443,0.5795842783241930140647469
-0.005421869730795001937617705,0.0232884523738109590340617,0.5804912303905145343208005
-0.006602995541989232532176235,0.02034616420132673297871406,0.5877534328271873942384218
-0.004488380317835656378722131,0.02087197078786027365504552,0.5786556047581575823457456
-0.003301283902622271539117893,0.01231661175277472784761468,0.5807494742241124940917985
-0.001918525424341393538496536,0.01174362860582304352030647,0.5816497270847522660375262
-0.0002358479812088421704967256,0.01557106855306921756876282,0.5818402497580004162358591
-0.0007618407814587722145377446,0.01775050936776023657870383,0.5827716763624715134994858
0.0006583172718941945021631224,0.01883176028589073069952065,0.5828710414072323375833662
0.0007328357773068891424170235,0.01989505829044765222723967,0.5828009708671711974758978
0.001573099282843696926359467,0.02159162448341634538140354,0.5829941754829551792127518
-0.001818883928011829145821032,0.02847770666827399710374635,0.5819882781794183390644548
0.001486113576262044653694683,0.02232580156671969129345001,0.5796423012107959626959541
0.001192235417601403800469395,0.02379897223236660322442937,0.5802750077491375391147699
0.0004435803312435357523453583,0.02496587387248933032068976,0.5802293869898459410805458
0.0006949005302813188872379513,0.02698726810893893254816867,0.580852684281626174822577
0.003103017120746890365745596,0.02079725955085660535348602,0.5821400546384127849819379
0.003560695475475752960065057,0.02460254184963463208735135,0.5852714653945194633877236
0.004409394185522903103491288,0.03100997781497103270020865,0.5818411690302958128029331
0.002686961042011014755975795,0.02706199415862376236874276,0.5825156749777602449569258
0.00317216556072010772565628,0.02689139952480416873026314,0.5856389630840128646127596
0.006918271365732164314421571,0.02274596309745402500368527,0.5843505853045989351102207
0.00759401558537082296135301,0.02610404871608408214345154,0.5828903895038556326468893
0.008902977895175509526204394,0.02260611751779556186092712,0.5875041189205795211236705
0.006280217911442807776634112,0.02607892991113694089455599,0.5900412518929526450861545
0.00625080159913000543009387,0.03191702438475627762182185,0.5864619618381130550233138
0.008983327696947044499475865,0.02479376155666882311501276,0.5828255933442146874412515
0.008908369603062998159925812,0.02559021488319423998092361,0.5821949465546527591186532
0.008643309633543223152729595,0.02456206515572775112010717,0.5818126028570005381368446
0.008381819877608298954840826,0.02122162129856814197226278,0.5813589251413683323121973
0.00672461134432226267237942,0.02277379166235946744700769,0.5822688849444696002066735
0.006985349829523960878130406,0.02173376437007500799891702,0.5812971253944014815573382
0.003852333598289224038391243,0.02753027849681652025615186,0.5831962734580468099565564
0.005063006561098617325233917,0.02208917402449171035749842,0.5815011065524764433121163
0.003928938162563808643434893,0.01632731947007290407292146,0.5841869896418405705418309
0.002688675182913672669082761,0.01548856812501252580571709,0.5847463953528713176410747
0.0006576388667262925103937365,0.02266376164034723111884162,0.5826696998752073364258308
0.0002314703172596460764229298,0.02277694278823594667415797,0.5830998984682813635060938
-0.0009195139603734763314446532,0.01691269803717750444538304,0.5858815666049744796950449
-0.005641376248832515385989161,0.01784944858081284960182877,0.5851742665508274932051336
-0.00896866685178100524200584,0.01646094259858326899759184,0.5823731004030309188479464
-0.01241771030756854028720415,0.02399686045673856890636522,0.5865230199357202023335844
-0.008423209125683478459833964,0.02527420681640388591682189,0.5804898179114830192304453
-0.009595359536626102414658135,0.02539719809793079818849293,0.5809723532368789022939382
-0.01072348380264760703273197,0.03133692451050931054856719,0.5814810105071961388034651
-0.01131659709549584676147038,0.03439759140491703559572301,0.5800448960693089794915522
-0.01256943381634931765356011,0.03394586959367978939994259,0.5886920260365918755596226
-0.0106933664365209991908845,0.03475294578510092907697171,0.5805211926628039975639695
-0.009655527788814129153127652,0.0379648789478329792834721,0.5816144070959498035833235
-0.007582941068691130201417927,0.03571881307930310084364223,0.5798654083415188953409825
-0.007055847133795811743084414,0.03849908673395904118441635,0.5796088026065707721201647
-0.005654825577153693369480969,0.03372615711622459905294491,0.5831294926655297139461709
-0.006993938578768090635895405,0.03398053511101580687059354,0.5831361573918821816775448
-0.005970438916889454772363166,0.04011282439346600808827148,0.5842327677860547074928377
-0.007092146375838295942195533,0.03352420792187955217444895,0.5816970329128091643511311
-0.006532623075877565070601616,0.04395629451167201023897846,0.5778246358894102430170392
-0.004132381922797046316930825,0.03393566069299164267292213,0.5820365381637999657726823
-0.005022182313857056698558345,0.03839459505330924254939973,0.5771059120411067278055839
-0.004886570934785137987343973,0.03793409838769135067337857,0.5759515554934950820609174
-0.005710463962540737910267286,0.03620453636588719797950731,0.5842756318883440824762943
-0.003921764011180935843858819,0.03531997484938208947680138,0.5771470357488655000821609
-0.002321699667614709160223807,0.03331652046154636587216302,0.5772929528541325128188078
-0.007611436498273917855561521,0.02819733432806236644863063,0.5829120138309620280381296
-0.005795028061613690523179443,0.02795415711447352125063048,0.5833788644070602158464567
-0.005268192119398853318079645,0.02658006160392599112607392,0.5838384132730739528582831
-0.005906374297819212693116953,0.02552839393488279262633966,0.5842322340222108056906336
-0.006034214064228386048549524,0.02486350139002417580780246,0.5835879369054041143627387
-0.005605089257457537658957403,0.02502049483719272215953566,0.5812288007292107927526104
-0.005553837988299003235181939,0.02279772380942559142913417,0.5821011488681704371117576
-0.002049026098193315690437766,0.01736363185530011635226977,0.5849602852345295866953734
-0.005050375318030407741087817,0.01719245545542296554897277,0.5832634543112144021037579
-0.005672291315627671880184035,0.01355687561274326533022894,0.5805807989394802248739325
-0.002731496993903462493918921,0.01425742123717690414130832,0.5740413863295922292095952
-0.002985120917339888040042961,0.01679499394504569212416278,0.5759946342899050497621261
-0.001612878170753612085824846,0.01359431993750181630331575,0.5734282023924167637218829
-0.0009781475240397275849185688,0.01406666082579767496074652,0.5723954631638725754072539
-0.001463421678238523192597254,0.01108943558459415945627313,0.5807896068289358781910892
0.0005375724351782993704410019,0.0116603103820305566140636,0.5745389015842140567613683
0.002682129822607580687393591,0.007627715658396302944588285,0.5788979954348658640839176
0.004315712369070156574635266,0.01732910760518435039356788,0.5755470677578358174031337
0.0006726728581567260455836843,0.01553443019566322705338202,0.5806910136952608825211541
0.001005538673448846433144954,0.01615244019563406158157548,0.5801693128013117872754378
0.001438425400412738893243803,0.01608321915104367685889208,0.5807402048705015973339982
0.002891395154093273460460534,0.01780717589299953343418004,0.5737961887174830577507123
6.888363045062296553810999e-05,0.01956779587666317155036921,0.5755450120029609317739983
0.006287391809064132343343179,0.01774763237029479412409927,0.5807477526052801097833367
0.005991974638298712234341092,0.0185965830646731937469962,0.574046228999194219078106
0.006519724161629366319947732,0.0112191012839153361063671,0.5789594334958276800051635
0.004121555963349955199748198,0.02256943564361536813667186,0.5819161829179718692373058
0.005429328979695442584929577,0.02369252404305635315018286,0.581744791920961290543346
0.008876707791066277761227177,0.02497399341294519181655431,0.5744496467638579018100131
0.006815419320757621496342793,0.0329565113280836652354111,0.5766846428834363491588988
0.009781024771617801913392576,0.03108789833838262323117974,0.575445223552486950779894
0.009435092764007543819637647,0.03106791074569632479795978,0.5751013908961263298991184
0.008793992608327003829282731,0.03051911127404573556565204,0.5836191960843180037699085
0.007578377153489395529062378,0.03272109188035698251750816,0.5763614861612297302073671
0.006634204900432789410447132,0.03096122236053862331051079,0.5845164362765582488634664
0.00710160566327492845384306,0.03157600239277797565806694,0.5775288064110508656767706
0.004742213079422277245689177,0.03405125830811529807906624,0.5774836388405701903536738
0.004002270988147548641533646,0.02867995903593991563473864,0.5755965413822735632365379
0.0006436813753773684091546992,0.02331721281278176932660884,0.5786794737875464722520746
0.002019476227549189643883931,0.02611435742306182639094203,0.5757791496367313799353838
-0.0007907212385761759393040804,0.0271157621672294193992947,0.5786344594629017068498911
-0.001166406644797902611432328,0.02337750651528267692436103,0.5778127562956580920427996
-0.002133835875044435941016996,0.02208276868470631856822273,0.5779218953854279305915043
-0.004085156463452949138215331,0.02171428453678735104315223,0.5799215302105850122771358
-0.004699113953736774006164634,0.02165362315493824657552935,0.5767956676726617715189604
-0.007010883777956384947660506,0.02238802137318949420086156,0.5755958779125028845768952
-0.009075147119027035177984963,0.02072698781651995808550382,0.5851498832852224385447926
-0.01108531804337895172729578,0.02419565875874456553629166,0.5776430930000417962588699
-0.01077956155953394175306403,0.02033650597803078260983334,0.5757987289972005262583821
-0.01058001888345376680089505,0.01706139893985683317345625,0.5772650170267045188765564
-0.01305648980243654527777508,0.02065629316649109439851806,0.5775898740195333225244667
-0.01397206143487039232964353,0.01503394395016543864940228,0.5822800851424014823010111
-0.01161636358617233397150237,0.01516620101707195390761118,0.5756309943776032334028514
-0.0112828226656094422059029,0.01398419479423309956522825,0.5784117513843458624478444
-0.0116946122378604189240292,0.01333422022673241835732938,0.5769003088132680368005367
-0.01214864593161396610909719,0.01538123739867290271088329,0.5780075566899888217520243
-0.01074730788667133465907888,0.007867977258258145728531119,0.58175784016233300643961
-0.01007024066847307490479846,0.0141315296773047664041778,0.5774521357477867544716332
-0.01057608978685258688257065,0.01749632451741112149079527,0.5821399915121036050535963
-0.009532237824184296159923946,0.01588387609357059387926725,0.5773569948078310920536182
-0.01235187813113558345790022,0.020897619967051764278132,0.5829634562193058977541682
-0.01033331618440359693511521,0.01628461005321059362760394,0.5788974254874530434022972
-0.006716920933418349046184481,0.01755872863472839398579772,0.5789369441078413558443572
-0.007585035581490395285853001,0.01242724768414030060703634,0.5812113600243732358663351
-0.007574560069654959031104635,0.01638433717681120685427665,0.5783662541269941614885397
-0.008043263212410554571785148,0.01569963611951152165913115,0.5868580915525908325847126
-0.00811057182780829631629782,0.01603040422893642347190735,0.5871438181942751910469269
-0.006326407746624515722466686,0.01507283997239844582083368,0.5878632014131249805544144
-0.003202278290813348037707753,0.01566693020711211817297404,0.5818998516517552843652084
-0.003251223300711393419948347,0.01735645007892038307883986,0.5789588375098209116487169
-0.001073871806275472498906631,0.01541504575717328115458393,0.5781330168716561912489738
0.001552836546015764649861235,0.01469046583890867493926713,0.5794229880066297244667339
0.00134791700680535241410607,0.01816829260426171266384898,0.5809769437124450153220323
0.0007866621189533618474162835,0.02051834277862146782567265,0.5854977372728633611131954
0.004614422903618960875027355,0.01786046609648689678651046,0.5813512976864331216475534
0.002099686189532745748259623,0.01988135247587016762871315,0.5874377007623038382533309
0.006793551142734913401988184,0.01998324814295192666802059,0.5814560533136710063217834
0.005988823575947910780870043,0.02191520674906857063524157,0.580850386226132942013578
0.008223723859066162447661874,0.01744239720499998064218161,0.5797578352206156360182376
0.004502862981651358995072165,0.02012925901648125043275073,0.5847206807521174720676527
0.005207854118403951182436629,0.02093678989208300200708379,0.5792057803980447117098151
0.003563863195275029666780897,0.01873558409675029484686704,0.5809103474793572141621212
-0.0003277669173079467298224932,0.02330629986289354388384609,0.5861702705006882618832265
-0.001885176958648747532962253,0.02319238045741279022338155,0.5833365866102814267790677
-0.002815223729252781369875036,0.02476270242105168412072302,0.5817486886617239116858968
-0.004758497943108299342573897,0.02408606542124594462883636,0.5818535848856862813249791
-0.005486713647231599745579533,0.02219423122856536631508639,0.5806933005125636260146393
-0.009363462993022608066295831,0.02316645986175381449756472,0.5833314291320152999986703
-0.01106839465491537069508077,0.01738036894322069272900144,0.5872082451719913276377838
-0.01123360046731769305849991,0.017259281392554011447249,0.5812453617066182243178218
-0.01569785657968867861877804,0.02073595542292707219478309,0.5824457623082840429518114
-0.01378331772940873632682379,0.01173056495199669216344951,0.5794548210427151735402163
-0.01611932870795790631590627,0.01320155513824279244761151,0.5803891740167288482155072
-0.01776799095903709366228718,0.01371450861291228194571712,0.5823516142203309930991395
-0.01950327086212488500449602,0.01395538114388504731533391,0.5827806577067181637019644
-0.0225609577951256697059268,0.01315727751326496892947393,0.5880672839909848459427621
-0.02166696645349319716444825,0.01295700854150704482703471,0.5790329102559536034178223
-0.02304011857670314536439271,0.01283621221473614515407036,0.5784285188041933256641869
-0.02460661416931146303066491,0.006186139775901404111446702,0.582612758481165005086666
-0.02566284000154502725754568,0.01598845064363861936951317,0.588577688025073264554976
-0.02866131972575098815769756,0.01520370218977964461848362,0.5880781923664858412692524
-0.02765331880883087692368782,0.01741769627822549112994288,0.5893640580032003528643259
-0.02993455541856066340344888,0.01731102844584227196111925,0.588724782257126544315895
-0.02763218878147967808023289,0.01612295795082912402973463,0.5798494009373510449378841
-0.02700465362490256024385893,0.02269644678438486468108337,0.5847163797103284155198821
-0.02460780520043086283532574,0.01371590703770116451143402,0.5841365358646521954710806
-0.02531291814603465681332573,0.01557720524374116635724086,0.5813714290041059884472929
-0.02570534346756190094418493,0.01456304188288504511405996,0.5791806568555055712010926
-0.02441580831650453503600673,0.02059648700533972878745637,0.5781401312319548457807628
-0.02236810241109562710781766,0.0209740827884704744699107,0.5832840815299260572857065
-0.02017185432444217052516677,0.0248132755893091284937757,0.5797818759345508832225846
-0.02023694917569024767645125,0.02545467528444194174608306,0.5785153932061786186125119
-0.02074686377115355154221454,0.02790375910281109664290433,0.5801651105234816307998358
-0.01805829931059215257005413,0.02750898055263258437652674,0.5783605041080539521658466
-0.01601941848083689168280586,0.0303019042273148866972754,0.5790382662657199697164856
-0.0149462680195738273347672,0.02948769463507131677326711,0.5795493708739587468414811
-0.01369357001803494199021483,0.02953995537520522074448337,0.5785324381449096220464412
-0.01496018020662597154679663,0.03464309602568470258798783,0.5774801495395815997824229
-0.01165213856054206700840759,0.02753737822956393854756385,0.5824312850174151456883465
-0.01176712561233961458484476,0.03015370011267518718378611,0.5783587349350370887535178
-0.01161707475384965958242756,0.02737234307350134773773043,0.5820302944661982502694286
-0.01313324188158712484131296,0.0247673143344791617248557,0.577427895996884599227883
-0.01148256738707377835884138,0.03143415529080647446980024,0.5765670386569431427048471
-0.01262491309990610398317212,0.03235967356525960153534882,0.578435637818160652834365
-0.01259180662146914750354476,0.02582655316485967661455092,0.578542289198986425802218
-0.01130454510643179658058166,0.0250059006963283987634572,0.5802696756530869581780507
-0.01161476842031291568935192,0.02366814158801992112879375,0.5791121623968906728663342
-0.01358645008486239133538298,0.02165331189256586297275931,0.577032655814371242541938
-0.01378674042785828918189495,0.02034602694370750072816456,0.5777733374473225103074014
-0.01290327433243826198150384,0.02913209027042216320291246,0.5761969876586056082956588
-0.01519222826121987418579451,0.02149941290453292325191015,0.5800824751070344786896271
-0.01628508495555107751795454,0.0284490990579129507387357,0.5798555631773802954143093
-0.0174918386624804030049507,0.01557429972402545916010386,0.58001578591455493771889
-0.01925505954908278763437757,0.0175759535549019803302162,0.5811214996806498556125575
-0.01923612020729554769604697,0.01503483499127846768905759,0.5808891748588480563597614
-0.01595716690436506032813035,0.01374745421979787531052697,0.5763362509374023723296432
-0.01590479152470550966436136,0.01489649156196084719971928,0.5761522241889340811837883
-0.01527689377565177343554215,0.005488505264014714897513603,0.5770573739746500674385743
-0.01747361337828348681888713,0.01318696292657154864325086,0.5762900200787552940084879
-0.01510850227193118004709316,0.01166300231301697042096688,0.5728479746221070145750787
-0.01852462104824239425004961,0.01816981934378230495452655,0.578717854687725075102378
-0.01465094142777502786434418,0.01053693384537710171777736,0.5798151160044446861263623
-0.01443751656868945409950555,0.007663232167137325537287218,0.5780872359423780970644202
-0.01241896396691305644310876,0.01101315129921177742022831,0.5759439172284740449114793
-0.01129458574381333492431256,0.009968160016339745743696454,0.5754717902875855495281598
-0.01033103123809846375646959,0.01444216973852062435579313,0.5742937037954879420098564
-0.01050505861414082614535559,0.02381969803157510043312151,0.5709268754333522988275718
-0.01171445323033686383706886,0.02411806268994315730069822,0.5714493252534112999185822
-0.01343295240926998569686024,0.03051927287007970973631288,0.5726296090822793338759311
-0.01091271804606566524220579,0.02860551982915351953984384,0.5706017665076554834513445
-0.01104259010563472635790827,0.03452948604034471874468792,0.5709395602365485711260362
-0.0100252732819485924214975,0.02434284791362974209594228,0.573782068803967759684781
-0.009189345614602236964052473,0.03023278790302610236073733,0.5708556713322108233654717
-0.01033486370939227030896213,0.02690140087269923124813076,0.5730610591404546871885373
-0.008418742942791910405242461,0.02475682068579859035351021,0.5760130321534610020606237
-0.01426899478431282314305761,0.02765637386925310151064572,0.5715985058135550911373457
-0.01192852945763420678682021,0.02537555409180859700146726,0.5728157290766909826018605
-0.01110794653602803321035264,0.027596127145059431290397,0.5748320668100745933770668
-0.009444821998483282979308662,0.02602203310533263494463974,0.5730260470076482537393758
-0.01204398752938096693598791,0.0278247180798680479596463,0.5751327602423850215984658
-0.009259446905433375146765584,0.03136909772310306210307829,0.5696810762961675989046739
-0.01163916669255036367980338,0.02823330137027486863576797,0.5724556097679889266061082
-0.008207195606140676308326576,0.03284514551065249865491324,0.5696184686582106415642102
-0.008227027488170201782735624,0.02369234964943489965549794,0.5711798492131154869611009
-0.009506246233737134995744888,0.02908854894350310776873769,0.5697140961317983531841946
-0.007847147371321616313166736,0.01938209695621986861091557,0.5730293875244171220018075
-0.008450596095819820283145951,0.02250108647198748729190143,0.5698053237332010301230412
-0.01141936008547695530213062,0.02271108388509548298150875,0.5790138676085438973473174
-0.009482912209697279964926153,0.02310249320190470995184384,0.5704575651959988835670856
-0.01046973707275595383281441,0.01254252192549697511592122,0.5720462620428444777687105
-0.01086291185824781943547457,0.01301911839759968721186301,0.5729295112513588250635621
-0.01191870824229914783976003,0.01215513964330796822799208,0.573532451906881957093276
-0.01334092931541994153654684,0.01580540253421018614954363,0.571244351645097458991529
-0.01667232684490537256150056,0.02153198111269771439224563,0.5712453882647685610152166
-0.01859566697159635920155729,0.008412333612594097981274288,0.5754554798830642248219647
-0.01709394822601459709709992,0.009670028542183302378010268,0.5752846809649669879149769
-0.01807560278155360272700491,0.01770987545574605540044111,0.5726512483760501925900144
-0.02033248596763373439166855,0.02049864367662148148530044,0.5736914652122155899860445
-0.01955601006056180771186526,0.01867412503099761048042105,0.5722824372838214435077475
-0.02065030384533666357738113,0.01610091405610852496876895,0.5756550867712998398317836
-0.02151513641087472381019374,0.02350546461506887105374908,0.5739735390491399469325984
-0.02326087911553559317567874,0.01745525667447871132065274,0.5730304602548799142169855
-0.01815806369191747676739013,0.01089556117051109981885837,0.5771307223038100175926957
-0.0171428849744030831203645,0.01543479627895627884215379,0.5736567450410466895149852
-0.01967424439915629874597869,0.003470883072327984875116158,0.5759489921939447976129145
-0.01618153499731201511169232,0.007818195410109146301080862,0.5770507283925806474300657
-0.01568273921419194305570954,0.01365077723172412882401972,0.5744374680120406528871513
-0.01571731871849379319483475,0.01279651099855313653441691,0.5773686741500573260665874
-0.01294269584279358377421065,0.01230464215124344416751878,0.576962511917809783845712
-0.01546666790014506430439578,0.009166148345250962198305089,0.5762174467390995813431687
-0.01114062235948154802600563,0.0176191714799878891561935,0.5733619418452938765184967
-0.00851658461487174445192494,0.01058549836065526827955097,0.5769570736283214928974417
-0.00746046511403116330979346,0.02128281648172854548239918,0.5738654838964192261840935
-0.005380813603263922238750805,0.01084717217222176850743853,0.5758657474379926810570396
-0.004607309697660426361931485,0.01153078988447912497927739,0.5738381882970534642041116
-0.002627956351621729864931343,0.01135355135641476394259275,0.5758853892340078939326986
-0.0006360056856639570693062735,0.0161843720369485750965044,0.5732806353253472320119499
-0.001967063834325557657861649,0.02006260552579269135220486,0.5740574211326827658297134
0.0002601597503051729593295804,0.01202905989392790038483572,0.5754430244785264658702317
5.66937982606569173290971e-05,0.009845147788037642358482948,0.5763849997765215782408177
0.000491965426059686036439067,0.009528805400139750761412394,0.5773471141377259918670006
0.002507135637339596209022252,0.01185467474484252874133983,0.5799312358141704981662201
0.002246750623396088705763241,0.01165947491634133914573113,0.5803725431898741904390704
-0.001959124451448752968207856,0.01845246562867680281683214,0.5846991608582043919994931
-0.001303542615270705893465442,0.01625528540299759142073732,0.5857077695506521797241817
-0.002052195099722920607066001,0.01843832636348820969152129,0.5848251552165473210465052
-0.0002205144879227034305016475,0.01953264507244733411139848,0.5792743299492316699783601
0.002796620160099909553619302,0.01510122215621112137795556,0.5829717243879488641766784
-0.0001978088139922700729698979,0.01709007238373254009000668,0.5829390063769054330933272
-0.0006933647363325878094572619,0.01798717604921967402886729,0.5838789994382185266630358
0.0008536355602789975080893492,0.01532143784621297667725148,0.5834190376855906690067854
-0.002147157523608039537271752,0.01408142489469060322504479,0.5801763760283179527377229
-0.0004267898690034252181038643,0.01878049416588256637083987,0.5820566397987612106135202
-0.001288968145096618025252644,0.01792652222426282387912622,0.5823461188202300187199967
-0.003257357103259407322265462,0.02062555620177603660225785,0.5828174545614318580177837
-0.002317458742957870243550644,0.020163787384355306986361,0.5852060642057318462505577
-0.002638630034645866352660537,0.02545757508731849236283118,0.580139560981756119417696
-0.004983812693038693932001681,0.01786949360460861335742067,0.5838269821875705645197741
-0.003794114628382030778019907,0.0273188698090362606929471,0.5813276503056814537018226
-0.003949118818772441065478862,0.02115056102918419500547031,0.5820952290248327942734363
-0.00550206391627517266834646,0.02241049124152222696282344,0.5832018676382015875958587
-0.007168053185631835175217752,0.02879360687481266958820392,0.5893096985997253733913226
-0.007524453440220244329617039,0.02722840842220745558033279,0.5829549689989055316630129
-0.007679852277560136365741617,0.03100505947151492580626808,0.5840091711919086492343922
-0.006880769755423097461255466,0.02141902999745988467328317,0.5873023722854007200311344
-0.009686340441439579215798794,0.03216556178995159942513027,0.583169531520232431454076
-0.008690511075793366096986503,0.02201274222659250698330702,0.5853990572618154031303561
-0.01203064299115831799202869,0.0275467040063517437653573,0.5821338036785451697241456
-0.01343922860429857049635594,0.03248776267065173195547345,0.5826136200593576841555432
-0.01378529547062072938001798,0.02186348506502341221269248,0.5865993942346746647942268
-0.01739288078113456620377164,0.02147489540439041083574878,0.5867203825873472666785347
-0.01673687144415188232660086,0.02729705547832070658409442,0.5833469954001315738167932
-0.01742915381319359510725597,0.0277181490268778030205965,0.583119051360226237079587
-0.01924387860473361980262474,0.02369608910800265894058825,0.5829790160170714719001239
-0.0224613172662624475950377,0.02424369347226241339088304,0.5887046444353666307947037
-0.02016826792938170367919248,0.02591240590556163903013243,0.583338163835710354909736
-0.0222119640379623561887712,0.01816558870423039956376599,0.5865668331642820421123474
-0.02042143756876562549207321,0.02259646266047797211196091,0.5878201081352759649334416
-0.0224421870597643208222749,0.03435465140717266357972548,0.5871019964373801469648129
-0.02206664528457541463168923,0.02979736872201764821821435,0.5920390201279426278802021
-0.01968776371809322078831883,0.03094519538580354361956282,0.5843007989548085756581486
-0.02075551678137683639380207,0.03490953472453513922735269,0.5862800512503889560633752
-0.01904745191278440705207053,0.03164931519592338593493963,0.5842357121054756463607305
-0.01914689541325102078994647,0.03493731967227085150051735,0.5865336111921839457039596
-0.01987425158915868961262419,0.03502453958817691032079367,0.5925861898609589006881038
-0.01773649879845516294518681,0.02901196810659204677884659,0.5898275471028788796701292
-0.01906081584463997433132043,0.02930037705596059277590726,0.5882243753169742461750502
-0.01846864602363048474265028,0.03843223202968254481604049,0.5835369317034402314448016
-0.01787972327642663172841964,0.03457448859200303037386703,0.5850656458023549832958565
-0.01701217226536166915451531,0.03398788103903206681000171,0.5897473833937905141056035
-0.01827739313992364847405447,0.0329253013540629843602936,0.586646871184612228589117
-0.01862279678167871183047666,0.03120162337241641492546762,0.5888000457503304030382196
-0.01600741477115939434550107,0.03152946669404158713811981,0.589204563723200180902495
-0.01674719568189100143973391,0.0376268178712009793152049,0.5853292415200853637813339
-0.01648980774097718107751298,0.03418504458144523694418382,0.5929989240591764243504258
-0.01320333504940191318710596,0.03470972457383314502266103,0.5868582019289869666778259
-0.01422534895397331577981959,0.02443280725020390703461359,0.5911701557526031214351292
-0.01192810283845073884845256,0.02172616758036890680094722,0.5920002102854119430119795
-0.01095894257279966289841955,0.01816012541198638863271242,0.5910175412609989242795905
-0.01096704283959843047313587,0.0157720774803041148548477,0.5919302942360358255058372
-0.01199892527367964895068653,0.02060299976179089803673961,0.5923152652086243197260274
-0.01212556444875938568839224,0.01679894511329838371893608,0.5882306907188614708559271
-0.01111121535487953962406671,0.009694834567737351319061112,0.5932191069281688156067389
-0.01064454204633770960375383,0.0079261557691013926479906,0.5922199001760832803853418
-0.0121840361527452700762808,0.007056551490002881468766027,0.5917232477323312034300784
-0.01017154137270744225507446,0.008392805781466511003130471,0.5915326651575080196820977
-0.01113686886130674756623105,0.01237055037516898714500257,0.5958288436873507842861386
-0.01077202788623067737650008,0.016011110784634907666657,0.5943826231791585756880636
-0.01057153962490354863479336,0.005965001904948685589047397,0.59114080916320643765971
-0.01053256394553463148877626,0.02132434570590327829742172,0.5912459918062793473580996
-0.008394775212422694171676696,0.009277212802575363764789884,0.5908078775996784548496521
-0.01054220051873528719854622,0.02730361072237009328889101,0.590519980096311902784123
-0.009774737766312458289719167,0.01246713974055811864627419,0.5896510033269170003578097
-0.01075408792556900063053238,0.01417459276785723414071594,0.590142466149409683495719
-0.01377899132050247783809471,0.02039893907861338451237287,0.5973708564257552700027532
-0.01266226583547640054117078,0.01799479238076260798062656,0.5936421088570768000991507
-0.0134277208420904049790412,0.01955482839223650001758692,0.5909274312728768352442899
-0.016733206760249766387183,0.02341622845739879665849514,0.5960385698968754253357361
-0.01374766322172205762486286,0.02199604446258423412485783,0.5882527465537414901319835
-0.01507983711489557614171542,0.02528631236150860606137769,0.5927154176113502703771019
-0.01463043366436032367838838,0.02558950913715930114422648,0.5908702096181113194717227
-0.0172853853557611812641337,0.01709505239292112913074284,0.5924367337906981667572381
-0.01768568775552756267011034,0.02984146693098944230770897,0.5905826557495243989137634
-0.01827466238607310111685678,0.02565000538371371707757618,0.5914230143941727746437209
-0.01893004602388186422001759,0.03009333829913634489328089,0.5920745013824485480924409
-0.01924270251619180846502921,0.02468648102895313820037693,0.5968841700476759104532221
-0.0190715947635095063594779,0.02330105027533412725970763,0.5962947236111461046803583
-0.0198742618195300695116412,0.03352332343027476790897623,0.5941606830878026768161249
-0.0213885030893513454486321,0.02160423686170390850103118,0.5961006779495146012948226
-0.02118099138835338041131351,0.02044221733630992993147046,0.5952896951493029664703727
-0.0209588902098439451571199,0.02128083103437317449846411,0.5952985764969932480639159
-0.02413756292598726385656427,0.01972743672422608632310848,0.5932242197476894629559752
-0.02076587069667737081579695,0.02024351855842080813441264,0.5964353331578955419445265
-0.02241067626950858648893217,0.020898081173589273806801,0.5970040195878340005819496
-0.02278555114158289582326766,0.02114743402848978312547068,0.595643535085325970257486
-0.02002439664346306394393515,0.02251272561119463735956892,0.598958439017049371067003
-0.01976130681921186085792108,0.01845161056723563369752483,0.5966217736707311036781221
-0.01661561602557772715504925,0.01560682942707388581871086,0.5988851422092916765294035
-0.01812376455394508478757842,0.02100956476015484672426048,0.5997194815867062933634202
-0.01505178370701758770733303,0.01328370999400423253800074,0.5982932487456515957546799
-0.01441218457510990390291195,0.01612146285547079102573598,0.5972206704823148637473196
-0.01184152353013525650615723,0.02064524593610858951842069,0.6000058327294087723302596
-0.01051996261790953332559972,0.02748030053711525075299527,0.5972947012167183489239619
-0.01324032939618986770557996,0.02358239314738399400317448,0.6005478603235117063263715
-0.008694105187976435347718684,0.02544331788863599813632632,0.5978530591420558870652258
-0.006357780346109601424253732,0.02234402490514220823714098,0.6023962877330487630800349
-0.008270628008388312968346412,0.01845618945907717689536298,0.5982896631295087086499507
-0.008452951872345499870209373,0.02185990653599923644323511,0.599019991632091297617535
-0.008887436792416538930416969,0.02513465454713179059176298,0.6017420927048575673978803
-0.007029149293041942435367186,0.0287341611277845063177061,0.5990368438714874788075804
-0.007170316979545828493802784,0.02463795404435485322802712,0.6001229203905357190151904
-0.006847855894175298822890152,0.02828089013703136145316819,0.5998756718941892218666112
-0.008035459868043055842168343,0.02843399436358914900146999,0.5995650908553953328805619
-0.008674230731208366212969807,0.03615908103420545360862093,0.5989659792606879529230923
-0.01051550617377337328017806,0.03025871299929144483953358,0.6032910175584780265722884
-0.01128070018579672116609824,0.02926168820968409398086685,0.6033811924531203851884698
-0.01350002530905577112496641,0.03514285368666548309279918,0.6034591801924469312012889
-0.0124579878016558218134513,0.0328109631511281779614464,0.6021146505311465446652619
-0.01231472369060382550387533,0.03137253112829484213985864,0.6015630155881513951854345
-0.01253240926446917875847209,0.03134532410289114084944728,0.6015017882449805730615822
-0.01612640918607361611991635,0.03335394509098187076912012,0.600410920221666422058604
-0.01338341406028725928678558,0.03093118700456506248164246,0.601752406450390409098361
-0.01432434931499051815328993,0.03459084442492474376074085,0.6052901529116324619295142
-0.01525075340634924302152253,0.03433845012368743482289446,0.60369193675102705842761
-0.01501937604157475500410435,0.03366412080887179469890214,0.6035982882036713403905992
-0.01661432715728066583649181,0.03289943790745911839090709,0.6024266178964788887029158
-0.01285853235917784782860185,0.02730289237466097460038661,0.6023700710658117518647714
-0.01598369455267759087213619,0.02721310739990974100765975,0.5992387087106589849128113
-0.01310260361805868668805264,0.02673638936005337182755248,0.6029895727927589987871215
-0.01490358587411623469964894,0.03023896125762013178950305,0.6029874722055922342534018
-0.01236432202530035780185802,0.02227865673429879275757592,0.6015785078494452209341148
-0.01392070216389970985226832,0.02309983526664956612894919,0.6005974997839300666413465
-0.01321821783376314965452458,0.02531651192698493660349079,0.604733983216603987465021
-0.01191745584529670630435927,0.02645048477978986789516114,0.6055639436701136801843859
-0.01098116988497750863562619,0.02543738323805358816920297,0.6054471523971073354530859
-0.01173338518665319185618756,0.02561797290284303224572326,0.6041176352611880018272927
-0.01041787747658290234908929,0.02052684220214900934209368,0.6011488676013191367886179
-0.01211568497253923647194451,0.02628706442777433219259997,0.6032296533696941409630199
-0.01065848747178767784438147,0.02009603601644240761237015,0.6017809706740417929893283
-0.01260228347694955161606423,0.02005720837404106199342024,0.6018691516047297573877017
-0.01269720508462936561788759,0.02180680529711033835416067,0.6018309040504686846517757
-0.01419798484051026758734348,0.02204897044680270701277891,0.6006963161996605737869004
-0.01580406557096118019822839,0.02551411774692148234922051,0.600932423619412459103728
-0.01468394210941680565196688,0.0256305878759235834796204,0.5989542436080657061836519
-0.01788562063737833551790857,0.02736575823639335672265993,0.5976379286507610411049995
-0.01723677742304796298156155,0.03096179377338649160722461,0.602604148711316400799376
-0.01616851145296200123468999,0.02547500892448362891373748,0.6002152930867015179217105
-0.01616239624686144349396955,0.02724495877676980093440307,0.5989160137506319703248892
-0.01747161904188284167749323,0.02997006008028700249634646,0.5988825137412600030373255
-0.01965528909703551443954872,0.03119073839858954241832656,0.5947034686337439035597185
-0.01732031196377764592497783,0.03095323627959352397187587,0.5984473588868634008619551
-0.02029379335260892910919317,0.03140157067418305331107931,0.5977336170515231694722047
-0.0186461483585460240097742,0.03091302306962574741877603,0.5976920447411006032112368
-0.01867045590743878977213477,0.03260436205571309170592187,0.5974372873181604814973866
-0.02230818474583337943095707,0.03666518734392280876033254,0.5967695321477890502137598
-0.01888790866408571189616339,0.0363224692722213457485303,0.5993848308180389494737028
-0.0211082317305164683662877,0.03053134758404994070213334,0.5950785085465774004731543
-0.01933714019381066462344165,0.02936042551470791767131985,0.5969326365204921103213564
-0.01960777246082960958983854,0.02941129121593984499516417,0.5966057141531097007813855
-0.02339894041994927328942389,0.02918433203007806883699793,0.5940019042774267177264846
-0.02013711713897769692294126,0.02903999966488327380553791,0.5956290748822573588583396
-0.0222940750532783157900063,0.02843595779180325966439824,0.59408912058577634240919
-0.0210538423575128384734878,0.02668767924682126368995938,0.5956579995620034928549558
-0.02237896688432090830378485,0.02719653548192174294384493,0.5942967708257662629023343
-0.02104555333140606734887434,0.02543844492047849653593161,0.5947937215059205806610976
-0.01968854099027473117389242,0.02544927845739934635371782,0.5951664446108070327667861
-0.02170997729942801199309876,0.02470877875164486509040884,0.5937235097926623073050223
-0.01913523971314416011191284,0.02131439252497241768069536,0.5944669859194875449759365
-0.01673803815225994098825346,0.02577212227558118087800132,0.5953578960218680604654651
-0.01742112170033673773650307,0.02146589444031394428025195,0.5927956261154634365340144
-0.01550694073522052018887507,0.02365963176137470674875729,0.5930332482249330849910507
-0.01742690168429735994570784,0.01731556308862563370309928,0.5937195786222753124405926
-0.01506661021804170386140242,0.02315043484572872067861482,0.5934604379422222519835373
-0.01520721995917416989596571,0.01919584625116467144212429,0.5935057020265778193746087
-0.01411031635819172576351566,0.02230520011502332144992522,0.5937140604817432443240932
-0.01403834908084564993269172,0.0219678314792824298795626,0.5933508658831471160866045
-0.01364916878346539991229136,0.02739884252527569410973207,0.5909104985305918544824522
-0.01486145705728706550852181,0.02421388607427431977070498,0.5917041009333082746124433
-0.01329074396918902660480466,0.02425956968492914284096784,0.5903787999382476003873421
-0.01365074199825858786150334,0.0181914419328987504720363,0.5923098868898893920587057
-0.01421021932349630402525609,0.02562309849382110246707178,0.5897262741498365823389349
-0.01364580522949500503149256,0.0214578006858664460665409,0.5907974186600780663880528
-0.01380029185280617562425753,0.0233131751046848946506973,0.5910075142558351979360509
-0.01634723924287135449207042,0.03393395077635323608955531,0.5893691813047493566202206
-0.01862965156531423346897292,0.02937955118736852722083341,0.5939638555592148261297325
-0.01967527707114488655371076,0.02792911428974591270257832,0.589918549968071581623974
-0.01925350653953247087590839,0.02775707159331715009886743,0.5906441338465516777134212
-0.02004622149474786715894759,0.03113231828011872939776516,0.5911727488418436760042596
-0.02173262302458067035670908,0.02983718028920104639589717,0.5911504650022284534927053
-0.02357417972674990397363715,0.03016853375618384902612235,0.5904255277033325643998296
-0.02470160385538714906128455,0.03535464538664906397613663,0.5923021770530162433132659
-0.02444867796609598992185752,0.03425786917208657744726708,0.5907321263204901029553184
-0.02651254796371434532820111,0.03400062344782694284672786,0.5907100094494841524550566
-0.02519139672203209862066942,0.03259488612719473737966425,0.5924499035643110422810764
-0.02702070437293761090424837,0.03786227025473233587238298,0.595518732926692107021438
-0.0259616207107297748690744,0.0336316889609112532055768,0.5934008040274245665557373
-0.02789859436749744445172006,0.03603056861874583127747229,0.5930192274780748951101828
-0.02562987053282626132011401,0.0283596663856031487582765,0.5912629843062171541845373
-0.02577695700920686755486244,0.02698004711046763162696216,0.590467085318003626071004
-0.02487365189981224564141904,0.02644636302645776704256519,0.5903584127615649768117123
-0.02410713329103922678009475,0.02236189309447676742959032,0.5897451307351563309921971
-0.02460006119267897986557792,0.02417314552059419627272341,0.5895619600377971503135655
-0.0200177467830776611990018,0.02358961504676290732440691,0.5914267485329671725224898
-0.01976854749612564493554956,0.01852519497344937149385657,0.5918871109642803718386972
-0.01688767679438768140598448,0.01546523025053365280045981,0.5911241364649618690307875
-0.01626469247201120515988748,0.01385544192427340740025876,0.5920430111067602751973027
-0.01369738355875247705351061,0.01600327805970697819804016,0.592055114685736794122306
-0.01250568104591593017460571,0.01376828566593916308713474,0.5918766075810167892612412
-0.01448252489036259971211251,0.01353666123292187814519671,0.5908687992882927231264034
-0.01120810961831000991673069,0.01206997820184983749580709,0.58764453487575629697659
-0.01095442131289496058565991,0.01272280256123808038493106,0.5881826198563472329894353
-0.007518142308953318017628042,0.01405603330786004030727998,0.5888029107557590791088842
-0.007551479056727888709843466,0.01529042845033050899983262,0.589261913726582653438868
-0.004581639342772178026541585,0.01438481785240875235332147,0.5966901583766535122066443
-0.004368528165114310239658391,0.005289350246320254078646883,0.5899637674004897247570511
-0.006454401988218175061085002,0.009383402118779594555664225,0.5917385279785429830212706
-0.003815053133275530476004045,0.01291616360618475130295213,0.5881911197552990300252418
-0.007052052746590769735646198,0.01217919326257769011001564,0.5926722224989016130081154
-0.003144877054774202016634854,0.008421266007710958775844823,0.5931431385188425942089907
-0.004898607439356622399173613,0.00952637243972774896971778,0.5931959259669501438594352
-0.007162903623186361000418909,0.009788502947773815299203903,0.5932786642517906550153839
-0.00965521973382866584290074,0.01224259542025767436013162,0.5931982652041660752928465
-0.007046940166100685090655453,0.01547326889213749764873107,0.5945895222890122955305969
-0.007458579840043721119469122,0.01525879771283339576826155,0.595022215846012225703987
-0.01088382751246341241524451,0.01430540014426253010715318,0.5942634373976035666586881
-0.01083560846979870692652348,0.01588240278452034831557782,0.5929248002710566511908041
-0.00958791347875292965241556,0.0182511701155258741768872,0.5952050467371534647753606
-0.01175263464164545343382251,0.01890054869160810377404225,0.5948009500785909065001533
-0.01059374456292547575508856,0.0243786987179141038939445,0.5924293153017908819535364
-0.01264041690823502345208951,0.02434214146887664700913412,0.5947459999337133540464606
-0.01367441863177319173738855,0.0283006690817055178710504,0.5976117332320070030249326
-0.01271664468136312828305812,0.03251403755131402478761871,0.5924306123495524101230103
-0.0126148189439974790088117,0.02859352425805569003491868,0.5959286001303885083046907
-0.01307668343635438532035487,0.02943580666716840918417653,0.5955615101637459218864024
-0.01394954900469277080110597,0.02767272169666567388501832,0.594626129250112489543767
-0.01432485897331957358513677,0.02995417391797475584191979,0.5957021260669960183165017
-0.01613844713095205843367275,0.03490440574667318107682235,0.5972790808914189009115603
-0.01442615810398240570877615,0.03348714292973020700827647,0.5982274717966028498850051
-0.01389361351998362990867175,0.03444850371940013505911438,0.5981405774792634133518732
-0.0136562005526973638536159,0.03300263436174125791788825,0.5940429467225841753119653
-0.01278764941037400897083653,0.03499712965714529139260591,0.599390252030364667490403
-0.01196378018623281067056574,0.03103980454892834098257204,0.5967209013687739815878786
-0.01402177157076979659156013,0.03367934093734735456759921,0.5991685072556105495777956
-0.01166414156997490347844604,0.02964865657808310114851302,0.5964472672588586599218274
-0.01230860544185830192376319,0.02899369357082273376824411,0.5965506394540994739017492
-0.01586386442996879156397405,0.02942138109225867284579614,0.594471286752381922191546
-0.01396367215806094616570299,0.02846415599305474053437592,0.5977978034258403239320501
-0.01621016488113140655014099,0.02839731497227757778256674,0.5963036899335760754325975
-0.01547151468698820635239155,0.02637810482901347883255561,0.5967468316678128381624902
-0.01642545221880324646246407,0.02769131580025601183092654,0.5956816280784011929938515
-0.01700993827609300138026249,0.02606999532165153385387946,0.5950556102409877423653484
-0.0144245046849739988470418,0.0243899011060300825726177,0.5970353019613741096804915
-0.01598036534040671308165571,0.02586217709798931813081069,0.5962204543966924674691654
-0.01469193877272314402437914,0.02270894274838710855113355,0.5960697681016270399467771
-0.01306098451158918538617115,0.02130390640777882205192384,0.597001777769958330566169
-0.01378059298393391821080378,0.01998925932321587300988242,0.5958522402499066838998942
-0.01174393335891699835515922,0.01646084324117777150653374,0.5969472837568953194065102
-0.01388370466301468326986157,0.01901659042460958695675011,0.5996222975924474507536388
-0.01170108158626990448036853,0.02153518211432835921526063,0.6022674597435222487717965
-0.01201374199699287506626355,0.02074046956540469624497014,0.6033092421997181542536737
-0.01099237763112996535408428,0.01888958252897292647287664,0.5954515311221227902294117
-0.01478308109477074507032146,0.01808449655236516948053627,0.6028730573101149792236697
-0.0123628225629485895276094,0.0106153621164655348474426,0.5980042055870377071258304
-0.0147247847694315352889971,0.009394136973115748551199644,0.5966009130407827765196771
-0.01802412150424210698917982,0.009718299558518675440588197,0.5971560986087084410556258
-0.01703667811218310262910691,0.01079532212935560217537123,0.5981051356805762164725593
-0.01629559740011003385329325,0.01235806845419583528677965,0.6003190834076980175737503
-0.01808979212611732528825925,0.01108109853725269301760736, 0.5984445465886282233825
-0.0165170770968401069145326,0.02079896581873877034474241,0.5937978987045409162703891
-0.01957321522410232494948445,0.01127992723989037354703768,0.5974803878503812670786033
-0.01811508839514429369810244,0.01091810121489537009631388,0.5959572071475450760758008
-0.01982538393309201882330761,0.009709937334426455360358865,0.5938845399995517082558649
-0.02008540632980848270050522,0.01465388147242204300302326,0.5941409933334144133354471
-0.01728499084880347896886477,0.01843179333762110655436928,0.5918780882794607567376488
-0.0192313837760295577861136,0.01296675490975066243060088,0.5939806332188066750887856
-0.01928362770823340704984261,0.02793798550852058179549964,0.5983847967871226414260377
-0.01914458806656196832030048,0.0298386928086784956881683,0.5951978432630775639466947
-0.01789351041472077991079104,0.02113337052678792085669279,0.597513267892909927248013
-0.01485251674717072943587848,0.02093445833045130821670199,0.5909802583732112202241638
-0.01429177852525884487300267,0.02231122299110967904800518,0.5964004928779735870136847
-0.01514779724144919327566416,0.01861560097518034223584849,0.5941265167862180840430142
-0.01266240385676234772582838,0.01938769145396526324964803,0.5936926016290068330860663
-0.01413507248004319122314243,0.01778105144171903545524671,0.5945815073292433083906872
-0.01090589975962417274013561,0.0190142621321144969503969,0.5969889727097917875298094
-0.01342238918777434106277546,0.01248092579819616056158171,0.5902626002732611620871239
-0.01090094711477280695066661,0.01750355208061619635695472,0.5924459456673653034997074
-0.01055991182537919202688581,0.01233517331131641844854663,0.5893265811331416248464166
-0.009726912977174269336888557,0.01704996287807546487269583,0.595039770538554724232938
-0.01128195440238768075535969,0.01181168769141492484731071,0.5897865788031082523446003
-0.01090781584036407819704451,0.01510399223000452074983091,0.5944614702398449690434745
-0.009597878343088868738353092,0.02014753611811004666010128,0.5884845118758339488351794
-0.01053072321482831016914439,0.01039225866120803247472093,0.5905857809568473282268997
-0.01039854507814068698690058,0.01085843818718135525558388,0.5904106144136143097256308
-0.011730432002282128317594,0.00830808975572726142455604,0.5881895741010119138536538
-0.01075501741321811637053241,0.008346401640903999830101156,0.5912548797932805078048091
-0.01409401187037797979761944,0.007277141919406534403824693,0.5920734325013610188648272
-0.01404829641284906401044186,0.007622735674041716813498226,0.5925916849107268902230317
-0.01693154212854799597898214,0.004777406935163588594384088,0.5916526291722060681976814
-0.01430453923745512133380853,0.006977264888714097487709687,0.5925567613216297102596286
-0.01508479778779788296749764,0.005552504827211890772731273,0.5918882581534238296327999
-0.01616868937609804504629274,0.01028048747825742632866497,0.5937309936668551113569947
-0.0131535950253870437265391,0.01684334443730540684103225,0.589946467799082996386062
-0.01343005227707728434227707,0.009957322763912170721090078,0.59376301815314824761316
-0.01601509384906867755615778,0.01316022204836774477099137,0.5937777781668429621930727
-0.01329818599744883589330868,0.01036773104383774575520949,0.5915998446039697489240439
-0.01361847609370682270213404,0.008885542885518377120845912,0.5916162486548572907452126
-0.01316139915680082650428773,0.01546853682129994966842901,0.5880804743196963446649761
-0.01197262338128782591106791,0.006966918737551933485385725,0.5865468105104389984205682
-0.01269657340614399262945788,0.01014784024720134444907949,0.5894508847732773393346406
-0.01510832265111724387329772,0.005877632762969234488104053,0.5912920967615437062292472
-0.01605914909654142588846248,0.002668462019205896339213435,0.5879275911166914614369716
-0.01492307284267436334745938,0.006721633098403518268015855,0.5883293006386745016556006
-0.01504104427314788619551855,0.005073052178355779567864303,0.5887064697000745638888475
-0.01239433002460907026764936,0.007827564488930236971664378,0.5900359034463761309652341
-0.01540063780103954720057668,0.02268483548466528054721181,0.5856672857135297727282364
-0.01336990574056457631302308,0.01361848572842216942291316,0.5936333321224068759747183
-0.01411945108424158754067967,0.01793078289422102983285967,0.5948234135077357098708717
-0.01425818217877776288016189,0.008820126326366519928234844,0.5872766904379642660671834
-0.01310682763326264516079434,0.01170735365516691571519114,0.5856893042912267866029197
-0.0147876460170419648382234,0.01163492761412843710944198,0.5847470524220858001385182
-0.01331039400359008799401561,0.01196818885546833619026863,0.5870318180077012115702928
-0.01213384697442081334994857,0.0139825283518186724296406,0.5858960508797309563178146
-0.0136352667778476110277408,0.0169686498224264625811486,0.585173500201156437938721
-0.01362350124447392514526189,0.02012770205699803902077427,0.5886933666414603250061077
-0.0129335658552401939341836,0.02306146492043860407594735,0.5878445925498212432103173
-0.01303585615538935087165395,0.02150244521681090453801843,0.5861753132076575889541914
-0.01394752505275234297221765,0.03108374295570321202419883,0.5820578803503648757100564
-0.01345597707034749436483256,0.02964924329772589475795463,0.5827152221119401565019302
-0.01637148744537367597851052,0.03152491902411776875103655,0.5812656952330390591754394
-0.01528902498896137114592353,0.0316903264172069890070027,0.581038300035474075677655
-0.01680939683256857039572729,0.02957250671592014795718839,0.5846513254764232891957931
-0.01847210926710846426446189,0.03520878655232043824563348,0.5791111742773458193056513
-0.01904994498791463125586532,0.03638430226387427690593057,0.5795075987472451117810124
-0.0189035184176248767518036,0.03769754453768735941165957,0.5786120873340918624450069
-0.01798843025334221842892468,0.04331312524386240342400001,0.5785668029720093530343661
-0.02054313863317444241451959,0.04036736152106376596115922,0.578782348915018896029494
-0.01657471315368543723911543,0.03212277440712520137910957,0.5812258827513253622853995
-0.01639804018406593871803878,0.04278267251799320464167309,0.5800295684306477905778365
-0.0169670768067224017605632,0.03677657769347284638650208,0.5805858287647946980314373
-0.01594018854083028777224307,0.03734175321946876097145562,0.5766709984418906254077797
-0.01403880947022977457305792,0.02964578977008990728903015,0.5832200011372057346648035
-0.01212597766722276967921168,0.02798539565771389001080927,0.5853854045841673237049463
-0.01340707953551794479052361,0.03041991566528663704094271,0.5768626568722997616234238
-0.01247000429462589640716708,0.02266379206851678804190975,0.5755337135102830403710072
-0.007832618676050794731535731,0.02322383471846463029453211,0.5816942947929144569485516
-0.01159441295068410794633085,0.0258282899073763866359954,0.5813264968123430520563488
-0.008009215606281646498976201,0.02022468615083963111578313,0.5794193369965360274065347
-0.01048138140925808370340633,0.02169616989316277069765881,0.5777644127676505592106082
-0.008106491864882220052535011,0.02050115549563307285052538,0.5796842689423172823026675
-0.002923247210665593821821151,0.0155676466580917903514969,0.5747897835416569956024091
-0.003311336427420005432131767,0.01406094636869399845668926,0.5765417848124245736585181
-0.002720835607203162323508572,0.02240559651375919822391403,0.5719333947797462514017752
-5.596477379030861043149314e-05,0.01497391401247787252881682,0.5791681400943250457302724
-0.004049132914728357721112495,0.01543158512556102625323806,0.5767159811761796150975101
-0.0072296056955593879234101,0.02006425314839030069058445,0.5779356045114544260243861
-0.01036963339167226889891982,0.01723570764209818306778033,0.5754141060337033541927099
-0.01108066705731506132459607,0.01615236268902676269876295,0.5733475228075489704693268
-0.0105366562823222941619461,0.02169967770291243713831619,0.5774849518595502884110715
-0.01441357818652642085177629,0.01993660974903379082268096,0.5766898925076326953842454
-0.01443961995327062465543921,0.01382562837402217560678341,0.5734161019579561147097024
-0.01782790554042633021647468,0.02026820234817433563634381,0.5737391817730485010784491
-0.01604760113728573647784437,0.01774047343215648733782963,0.5743300498190658798236541
-0.02018742505801309622404105,0.02801439412610235921152757,0.5708403240365527153699077
-0.02095331022679265686736727,0.02201795275381733876796098,0.5687713925055245534068149
-0.02707477095436738173672708,0.02176388708302441979403063,0.5703049821479987402383927
-0.02276785094851180302200078,0.02162019241545373726687274,0.5687467439677553748822447
-0.02318684317520817994573434,0.02774689229263189310659143,0.5684257586222281055654548
-0.02328586391408468334041082,0.02358882776753854285112233,0.5707130375865684390745969
-0.02614109959945408456771787,0.02864812489913881946024254,0.5645040214244395615494909
-0.02504590426558088098185628,0.02354875368149753414592773,0.5690371261571154359870661
-0.02458386919773082601725633,0.03266150791484420667920574,0.5649187162410465035122797
-0.02612045374012156306875454,0.02203652392912306898220542,0.5667758291117023228267158
-0.02316718110704979807779047,0.02800838966063848647913836,0.5654690529358097350609569
-0.02401438046710325374677453,0.02429192091893702179494774,0.5649270725242753199424328
-0.02551704496740458266712537,0.03295396609634902718166671,0.5620634223494510584018258
-0.02416996136455099725148798,0.03050723076671976383145157,0.5691750622473538134826754
-0.02207152370363097207417447,0.03140361836535383172064329,0.568997689103510229102767
-0.0205035925613603273176544,0.03490042093056486272040218,0.5687130678957615925739333
-0.01844398751787147336389516,0.02972950403417940618000515,0.5695273891033064694866539
-0.01538332780818403751343926,0.03209364904115151462260513,0.5699898453425600308719368
-0.01360409497687699829915342,0.03095124776804793892415191,0.5694656678026420726368428
-0.01164561041023827459017781,0.03263027611953688011947605,0.5682575128512415973958127
-0.008379506104721573533922196,0.03098689719278143600567077,0.5696630155810540330207914
-0.00580497811006851216486524,0.03185783370665746377925487,0.5574504496143284359988002
-0.009117059082620780283146011,0.03427424351854328754551915,0.5638096788031244921413077
-0.007022091056251904446494638,0.03379939238797855655116464,0.565367514486669331397195
-0.001453166169875795381283279,0.03537735318615825574894984,0.5621674296532548353866332
-0.001214753096260563595965021,0.036080550555229191911355,0.566291393747750837484034
0.001734957828927687203610097,0.03883870491223857107643269,0.56487040591706394465632
0.001491855632784423648512506,0.03816514377914790451251648,0.5633239888346179835565408
0.004333266291353063751068397,0.03932171549764804791005091,0.5589641185306870596605222
0.003029650478656515516506786,0.03773876905433807410483737,0.5650864067116447841954141
0.005703091494240145747918191,0.03806106071564715337407492,0.5612330639721764269367554
0.00205276558031701169063088,0.03719481698207991599014477,0.5655232200521070895504749
0.00418729433837336344204072,0.03659327490437534052825086,0.5601250207211341258783932
0.000579579152452695746562672,0.04029909474119271195480252,0.5628107369613886135084613
0.002444224521569911007939924,0.03743589928777155823036438,0.5594798710081387849157863
-0.0008446652976014581027525141,0.03880007592427410501034757,0.5652198546033678772104736
0.0007597869052189149419868075,0.03698362398333535083772006,0.5616922126388909086713852
0.0006030449666228638455622857,0.03585928162817877962176283,0.5610928284039038427266632
2.761283443477322366299553e-05,0.03580586524451012664371774,0.5585985942603621801083591
-0.001037859726860692645422635,0.03206431772429396698242954,0.5577447069272314372767596
-0.004398685430593110914920807,0.03884066859666248511251396,0.5594744386260172008817904
-0.004828715522677949449625867,0.03637011471923360522717772,0.5619803966955079221889946
-0.007820076175973196541679755,0.03670420246997885965756225,0.5629847935023738481064015
-0.008549524467366622151875966,0.03061643933777506709770222,0.5657348618201600842780863
-0.005598705517915592184963192,0.02714826540236701252206686,0.5637195206123393198538452
-0.003568082117468956634964705,0.0252507192405318665884284,0.5635142310422400768743501
-0.005610067523159434008106494,0.03240028963935472766655366,0.5606768575356331218983996
-0.004877814907938243099705389,0.03067002852093088025031697,0.5677932385070517673497648
-0.00485489610632033191661705,0.03409976425169541219828417,0.5612463714311258788924874
-0.003584085933130220103653985,0.02844920807223090195026138,0.5581391545706886336830621
-0.003200832766339754484330449,0.03054121902844053604297869,0.5589191945155491669794401
-0.00390548472779804435248141,0.03094121603888099966694902,0.5590050606780829767217256
-0.005960861368355025759202537,0.03781894263166161312961222,0.5612621527207469762643655
-0.006617296942536855797190043,0.03802910964033531099337537,0.562240714330254798269948
-0.003807574304525028659196284,0.03397993483008793225152999,0.5634244755956157035825527
-0.002064556149738213525202113,0.0323323960883050709469444,0.5593812845948415990449121
-0.002605958321072871213680555,0.03426891082602735033590946,0.5618263490721695507801314
-0.00193876384039649179470699,0.03418214039299581619157919,0.5585663010248135273982939
-0.003958521992010942576467603,0.03685347507110783155104272,0.5600422671446386724269928
-0.005979665201568894715433711,0.03836501485613103695770931,0.5630116476124671365255381
-0.005417583275198797031213527,0.03929831788346728471683633,0.5578022971359937187685318
-0.006814307409030918860626258,0.04024526236390399414055707,0.5591923361236478262625837
-0.005696754628300364914350595,0.03771958116568429469905865,0.5587378698342680971578034
-0.006438673752473193789835904,0.03607251349033120668696739,0.5586993660841121922544517
-0.008208026628299886287565279,0.03450727269695186977260803,0.5652746650528706062743822
-0.008246234982868888563345422,0.0384468093588572756846844,0.562334049187433571148631
-0.01045963214314313445563176,0.03549384494396198852506075,0.5645518071834068063452605
-0.009315550934344704603340404,0.03451005134171414301391678,0.5595758739724988606312195
-0.0121927492221493970897539,0.03389438880454282571053071,0.565365273213338181967913
-0.01172432877177129531554023,0.03110999316396647826343802,0.566201759147892835777327
-0.01390740309630612674129946,0.03381063572263829503095067,0.561167266639763351321335
-0.01502304839542455659751052,0.02751568796347057116458146,0.5657432032208098426906417
-0.0174867201765374104260875,0.03489287128988824426834015,0.56316851951886481852938
-0.01641536203485832387527488,0.0269656147158427901555644,0.5665345568964055278371461
-0.01732968595477369852519978,0.02834847351355944747308691,0.5654639396910887683134206
-0.01831963493755564206799669,0.02724716749457821787783196,0.5650804694073759959493941
-0.01540349344226868769092142,0.02444531388343079356118004,0.5567345892876229829226986
-0.01548077562846745039437657,0.02864311117278242266315225,0.5655689094968101571225816
-0.01488062630720568893516464,0.02643008074240636023910511,0.5649661774203721398279754
-0.01356907406171199877153999,0.02997461881547392945068786,0.5640786231615171342212989
-0.0118381813929580043814882,0.02477177534137954204029874,0.5646373244496261101232903
-0.01083600634820945998737507,0.02664358885287072473135872,0.5631875768308560736841173
-0.007637947851919043087964845,0.02601151472162297612067405,0.5563855134712759609172394
-0.0100586686086366009634796,0.02661555113734225333499417,0.5645166403632032592341261
-0.01146545963224828573734371,0.02533864404861259356227521,0.5614762778184774205669783
-0.01053412394346004907208503,0.02696165756608386379622466,0.5635375880582538243857016
-0.007222668039722735314200897,0.02492871568376040999903687,0.5581506571171784836238317
-0.004915155168066418465977474,0.02904015171971449649213071,0.5548264085035399251211174
-0.006486426268826628489805319,0.02619782275426256815120674,0.5540539704107392271481558
-0.01021167556758071671973997,0.03194478671091482285815388,0.5550437715758850254488266
-0.009532861185238290097077041,0.02932838938936582762195826,0.5553827371789118449996181
-0.007706603378556832820156508,0.02375383097224777542710861,0.5576912547488070970302942
-0.007948642292523578831153763,0.03057908684569285787113735,0.5546681758754926638843585
-0.009899311105915810024558077,0.02005982589418904213363071,0.5551084930899037317431066
-0.008998105613517975304160856,0.02607301428270137819143137,0.5587701733185279628912667
-0.009182263734826995663085292,0.02266194900707552487006957,0.5593268558188774219885886
-0.01280864393290036436223733,0.0306749882607526211386606,0.5616342710555675132866327
-0.01162854473282924107346847,0.03317770232871868757440481,0.5589078539756592300946636
-0.01213531866106467606292174,0.03635249504446662338619234,0.5563244408843898147765117
-0.01414551749583804925169961,0.03904105912013478701938496,0.5560380798367028365447595
-0.01131495209154465345080531,0.03793046058947562026997247,0.5544165794774380540133052
-0.01364047241453883972661654,0.04208734788814905147802392,0.5590702292868099387845859
-0.01146929725492235561945531,0.03966685646149629984602569,0.558327950636718250976287
-0.01270842091025590689379321,0.04642874387172689354397193,0.5582204035659631413679449
-0.01223821917838515890841755,0.04193814739631421262266997,0.553687122467694803340521
-0.01318734335251960099189006,0.04597415420882708381178361,0.5584902983211986748912636
-0.01412879920228781935320761,0.04467062587398270417926582,0.5634417280526849980404336
-0.01077236516411953295979664,0.04593332779889867240052936,0.5633718225118278244423209
-0.01041680317395545299352655,0.05094700917820164237648228,0.5586418997695475896492212
-0.009607162497423344521552124,0.046472906555951466744947,0.5614587521999213626244796
-0.008590406735653546843600736,0.04301730888613106845719258,0.5598077244762578175141243
-0.008315308806411179573525594,0.03888295779323450857001276,0.5604966604850435407669806
-0.01079939140620108685431067,0.04599664362771106046468006,0.5546320104641003778667141
-0.008459003409219978744659763,0.04341052646425094807547396,0.5558705522697252598973705
-0.003048268486279151739254401,0.03670182626546628079644563,0.5554382076419380753762312
-0.004722314198716956110124521,0.03833330330970688426539539,0.561140547020309354842027
-0.003267043920962842736693821,0.03309951597660788780164154,0.5619671903906804377726303
0.0006042619947348816305740526,0.02496332106973030498520139,0.5593731900499926412706486
0.001082228282548353169925659,0.02594977402970632257561689,0.56452593812274820539443
-0.0007333600481856049867201985,0.02926566858829513992357185,0.5593891495329642582490237
0.001249613733514669472804415,0.02277141372585670883732512,0.5561793277858984030359579
0.0004923024147333785165842057,0.02520199710175959756375264,0.5569523481955952481925465
0.004243357597787504077724297,0.01538983313951291717613934,0.5523503420507555050633641
0.004282758200666325794359057,0.02048193238708564262173795,0.553828523879842604671353
0.004054523492590258494649991,0.0151126521126934837413458,0.5559865842566779070565985
0.00396657664672726839594219,0.009082512690371274954870273,0.5604019721564481582021244
0.003699879405041382480351375,0.01602852336550769987710829,0.557294901072588166890398
0.002844928879195487720493718,0.01608144588432043262105076,0.5570492180825790118348095
0.0029812634317490419554042,0.01807598280437970952871929,0.5582560113443105764829966
-0.004327661247952152741291787,0.01779919520939999069697457,0.5641507016131679375092745
-0.005825298222134804929095431,0.02121315033830833973738095,0.5637202545404026432507294
-0.004177619963389084256633055,0.01836628994932975114662277,0.5574971091848375248645198
-0.009029034844456929748135465,0.02971398193661996603442965,0.5624945307336791655572483
-0.009382100508855285153630987,0.02059068143884916490815584,0.5657846505989043706108532
-0.007074834719015297285205079,0.01903288550288055255843567,0.563571641513475274365419
-0.00776267634684398282612916,0.02852154734628056451106737,0.5621641747001026034880056
-0.01091808847567703709413589,0.029267829545148366099383,0.5608671505178747240805137
-0.01101095682031664850508701,0.02600529504159509661120886,0.5575710427690296899783107
-0.01064931804306362868317581,0.02552519405274348424095265,0.5578853682416652359776776
-0.009683239852398748542805507,0.02440969261569082143781273,0.5630676763908964987948025
-0.009039196952511726820822524,0.02380816394283889400607102,0.560282120392729066082893
-0.01008305588797277566048827,0.02183880989020830012958818,0.5587677955470120583214566
-0.009172569138322334697521754,0.03574354723844803960464134,0.5593494578243992654265071
-0.008864951204012328986325819,0.03542636187628327854026722,0.5592977867943685899021489
-0.006984985082652624306664979,0.02755411034888335941595017,0.5626884285455158174471535
-0.005397204250799022239026836,0.03241898587976822093681406,0.5603468624943300779861488
-0.006411686413102515511019952,0.02640054927145114513353796,0.5590237845112914216727518
-0.007163788487522533554585635,0.02982757516789841939486294,0.5617024893723588929717039
-0.002837648044553303661174937,0.03099792879392001751504004,0.5622779447468163604995084
-0.005658884487192995457749412,0.03012168115214354166542243,0.5620228028650939844368395
-0.005028382542243444233709404,0.03988778612193908529315323,0.5647880362672832443848847
-0.002361485622539231943317617,0.03652651090922889864920364,0.5607258978163949247885967
-0.004254849510812851003105362,0.04603707319714613055428032,0.5627174335855893438917974
-0.005685141562399114584236415,0.03834260501036627910576016,0.5691892150008723838539026
-0.001613536788011615862384329,0.03930943623069097642153125,0.5693869465853677036548675
-0.001942713361711862277148022,0.04032536296611024390079692,0.5642234882567462861402419
-0.0004611051631759981151402472,0.04085584718829320116650905,0.5644237126563694806336002
-0.001323708735745860549590236,0.03657433989271470509141437,0.5630554752019063524670628
-0.002160140922946876540500227,0.03706092967046769465211398,0.5629623732972779404093444
-0.003422066259381561451752285,0.03714495675096306931406431,0.5627890390584734392476207
-0.002145960138673231459849333,0.03089934880376272660629233,0.563890751090366570963397
-0.004078402076869959251570474,0.03251673032296255316797584,0.5656448211961394578750628
-0.005180373263613484609291238,0.02840151282322592521389915,0.570921553107027857087985
-0.004097148428373972688099069,0.02669002932847710021779797,0.5645257465890127779317709
-0.003246281106164445023204435,0.0274369335675810309405076,0.5652837009268528722927272
-0.005140586883170253015840068,0.02137575031661108695968387,0.5621063850597396438502074
-0.004986967842982702008025608,0.01557305462816899535583026,0.5652426283459965894451216
-0.007241863411328128968813544,0.01752832576638928274714857,0.5630212340693661055013308
-0.008759234275704371949777816,0.01979323404370188568823785,0.5648801812132365762764152
-0.006411128695927103583740436,0.01325124995552575887791669,0.5718445514382723970925326
-0.008234256119915678642784407,0.01298843951401205606965839,0.5707191180819146669733755
-0.00907310348639271679882512,0.01497525303743440193426917,0.5685726481518037500606511
-0.007872584157950227728983705,0.01151859791651402287193662,0.5704260009101779216322825
-0.008174029648089459892945641,0.008445371456234343834901246,0.5710640674454942056215145
-0.005994189127049930933266442,0.007409024301813614196698943,0.5715867755844824538158377
-0.006771860473401215135824671,0.00688066210031497513949228,0.5715884316696043798700089
-0.006160242426385016505097081,0.002216730450847706479500232,0.570296464313581386029739
-0.00617486390586409993053163,0.001255233723385487058094023,0.5720375935182538951195852
-0.005411569042738431471739613,0.002784949381161118397987053,0.5730497844582947974956255
-0.00603517401759336331867889,0.005266132291855943683978047,0.5715697880291901178395619
-0.006929688631705939114158177,0.009286742988002945689562928,0.5668679009302879379106344
-0.007631056325732251711946308,0.009157636934016685423265436,0.5678417540551045084029624
-0.007927489973734267933447306,0.01092874369185478644617149,0.5637559339135562730405127
-0.007932623563631070393031841,0.01249166293521240637953706,0.5652434146997445951754457
-0.004491657140435044263948594,0.003946011873747605654128012,0.5653709653574077176330093
-0.006042771342069814047293086,0.004506562628669557798999357,0.5649246030788542816125641
-0.006747672754361950207824261,0.01439402660493181891621095,0.5656352636996316851636379
-0.007666211183467534599766946,0.01383600934447761290901902,0.5712716447426614552185242
-0.007462349901038547658749245,0.01772230321827848384397264,0.5677528625882691803994362
-0.00636510165205985984498982,0.02146874070071083662192279,0.5647541511819402781924282
-0.007288936161023044056628262,0.01942307127575848557654581,0.5647667072377304808838971
-0.005799170283290013168386867,0.01818154314400930587902749,0.5667233547923433700788109
-0.005613810652401937488498174,0.01831717855299696759430184,0.5668081616928111188258299
-0.00608430218947537699430983,0.02191777752833726222725375,0.5656289683733034534540707
-0.007925757042033248697676662,0.02998811387248605936362011,0.5699318625929394865892164
-0.006423083337102783625660596,0.03005760111471354398271494,0.5650870533256006078559608
-0.005977289827413133013744861,0.03879157398235091869231894,0.5653765809590263202721871
-0.006983529628456114010659483,0.0328378517019246030095303,0.5695355802072656903334291
-0.007989741634283070367827939,0.03539601420581839352763609,0.569893979130160932555782
-0.006885685412229102311809648,0.02965761246068318243707118,0.569091314545266624413955
-0.004916398991370403946665757,0.03320815920136970661458164,0.5657658059220955770740602
-0.006212683834685061613767321,0.02777504200512277005019612,0.5663585532655057708240065
-0.005627621015460019734955033,0.02864976963823272215758919,0.5678183664672534769479739
-0.006313676761215464630638827,0.02802866749059211570749284,0.566254637316760511822622
-0.004679525834921553252565563,0.02890946406687116068678911,0.5693443030072039556799268
-0.004198288247189313829310642,0.02887122897018093783949588,0.5692250392960103155814977
-0.00711582425868960075088232,0.03621340844256505653309119,0.5666238130414643636711958
-0.006895873797464171367499475,0.02458517863821532353774124,0.5671841342583616718542316
-0.005463725937074999199072334,0.02290050523412129682143679,0.5694014093637702611516715
-0.008083688286751079810077414,0.01670981571130825821258625,0.5670450935377682188942572
-0.00892122136663612771978471,0.01544768253646788998267869,0.5670321876675992189831277
-0.008227241560425098410025413,0.02196963258614064926077525,0.5652188680300709311410401
-0.008108527877867177310888813,0.01373406802843402108038617,0.5675292311139468193204038
-0.01100413282575188334000416,0.01812111206386112643995645,0.5668961412102565544657296
-0.01345103100977242116531585,0.01869530286901105453623018,0.5684336205305229317019666
-0.01389632792433267635678895,0.01443268920705643651447581,0.5696674186819236096468444
-0.01451290895026923974397981,0.01440192690566708712263111,0.5661629620780406213498281
-0.01403936044669881581803406,0.01330694739623737576916795,0.5692754126002146364271539
-0.01576093776141666499834848,0.01623037130186220922123397,0.5691866140506540716614836
-0.01393522826022000095369524,0.01479708856272228534312063,0.5685725310028000301088014
-0.01164053452092836740683346,0.01298842609774229772678922,0.5652365086088041445933072
-0.01246432502482592782899751,0.01929273920857865406985887,0.5655956435544081672972538
-0.01087757462649149159394923,0.01673535236231006931295617,0.5665851798047317755546715
-0.01224708475930730115777134,0.02453380619354350242189433,0.5662765911069389535015262
-0.007477699383148865910908576,0.01029325365299866255897054,0.5664647348000969584447262
-0.004400049001230275057261476,0.01268775627133472867769104,0.568218345202689989470457
-0.002433393686102995005088312,0.01467174928879733976361255,0.5724186044051686739209117
0.0002940807010329499551759547,0.02487629044033962816273586,0.5664827245613459627548991
0.005556360474846567219786575,0.03529527837029880488195488,0.5687969688714903382376065
0.005112797069672136637819015,0.03379747212949275186888443,0.5671765833066705342346836
0.00367950760857235206410798,0.02603795575115776944619128,0.571462479854761618014436
0.002189286504811538847797836,0.02768102768748935404996558,0.569908852825576350831227
-0.0005090661726808405141211922,0.02622462552897860885159353,0.5696589580135830166440769
-0.003399297505403789908251522,0.02906021014265205287818716,0.5672160409953154180939805
-0.007920307176378680452666359,0.03225514631133025861275954,0.5678841137229305724432038
-0.007524068032036604347645437,0.02173662492210189089991701,0.5712879019978891470543658
-0.01045547536288741509447053,0.02637110802776078746778587,0.5689104653904343278369993
-0.01474151835878410518598791,0.01792269322999532829565617,0.5721923544675965311867571
-0.01212501324760053775242419,0.02678263073018871676111985,0.56815652088929757823621
-0.0146699718197320760210145,0.02181911652346999949680928,0.5739614018601832956534281
-0.01607816230258377401818315,0.02322310675179675362733711,0.5722300281943439870246948
-0.01756304515379638470085055,0.02134753027000843572658084,0.5698664080857319680362139
-0.01797647069016646004246951,0.01643654119169649790999088,0.5718647449933246251774221
-0.01980214886635446591700571,0.01660306502734715597413562,0.5746972547292672484076093
-0.02044869216886730997617683,0.01473031072685966787194634,0.5739149351750437721975118
-0.01834643935591149035979619,0.01519211861810681844786597,0.5744644054331891069864469
-0.01927653197417406039093635,0.01544028220804034498558899,0.5747903526363936643761576
-0.02190746359454367325758639,0.01004411302492437367550604,0.5707499632746362294710707
-0.02275456291565830513334845,0.01078765856948270956960911,0.5705706739585071352038881
-0.02267818424938073187946408,0.01171113486771123077256895,0.5742688676588447727056064
-0.02175222873316651900355012,0.0128346653455320806880291,0.5741434392752373661039655
-0.02382911528399531825295199,0.01866546771443127264444861,0.5765771788244317130889272
-0.02060437316982587432900864,0.01827448668349820198875122,0.5773615048970308638587312
-0.01984815078577047489649665,0.01855290404081381613887736,0.5743261448612486663733989
-0.01663991323563216231939954,0.01497724725090972784646848,0.5684611994604937823538648
-0.01778344639344359157107078,0.019026354847548429538584,0.5706049185715255100959098
-0.01741828684934042595355841,0.01379012127770955740968528,0.5722979413789545111157508
-0.01655905743487463485652533,0.02167831419347139229603094,0.5797216833652863998693761
-0.01759486243527718860035769,0.02119765423966242859354914,0.5779651300713571915323996
-0.01260353493288868947930226,0.0161856002346632311950092,0.5756458769354253490746487
-0.01319116499512290596740627,0.0216048781133618729433099,0.5701156301623860889193907
-0.01288512932922477975672404,0.01579121008702272926926824,0.5745055377141159436149564
-0.009185707201727805887303546,0.02279198882436362164072285,0.5698063728925792936763628
-0.01180958441527076539789842,0.02272778029621295645124057,0.5781258571244352051365922
-0.008068701145434967192393572,0.02525589110270225201571037,0.5723606496317130698514575
-0.007006244074299146709638997,0.02179512955091164605470055,0.5702780686857028547009918
-0.007215094488265490560441329,0.01296182032145046410243072,0.5718645752820841199337565
-0.004279969891066535449264396,0.02335383148050629645298137,0.5755899754519301358968164
-0.005557590216215930849219529,0.01324019625388291737655422,0.5703918712002071789157753
-0.0047223246019570154496936,0.02598822874079669692504169,0.5780248653394662872173626
-0.00825295345628876235444249,0.02224350330464297531563034,0.5779050640089001822374826
-0.00555460370856597236005614,0.01856852235519805202623722,0.5762821875555952377823132
-0.006100217045919779056128984,0.01894934022809317136770701,0.5720305386897077681851442
-0.007215024363201696586123113,0.01730677276366248198979925,0.5690433451959776567363747
-0.008010800657096906612908427,0.01418725130274093963744786,0.575826067616991510433877
-0.01508711203131691235002076,0.01792055527236733475371366,0.575295009863565853791556
-0.0149294897700102662668753,0.02039029138873703350665068,0.5703644889376763282839988
-0.01516765406840579408220826,0.01707391691924184037865153,0.5700093194657187556373401
-0.01938498331127154819530922,0.02178051861300494412843065,0.5722969093969678677780166
-0.02042897188027080826455695,0.01154259149968853148671144,0.5750465247334016760660802
-0.02082363791165397354232525,0.01973911359160056278039264,0.5699307499965992063195586
-0.0240745988931992151160788,0.01934785850490337855145384,0.5717530568882450703327436
-0.02341348169539489432189328,0.01064517793469755765900508,0.5730643755600208777423177
-0.02530465519447825870069657,0.008324950549652225875729705,0.573788054287354132299015
-0.02604092370334634351514147,0.01167009017180353248888114,0.5703477083837966699064737
-0.02660946970079220916249874,0.01699379006942943262647994,0.5714840648462933270224084
-0.02555312395873416200786643,0.01585722077453829287341236,0.5714036742590823392262678
-0.02591037345158954396939777,0.01108520071883731770989723,0.5746795236756975233660683
-0.02639532551114858252572226,0.01085929352859434787736959,0.5774235943158178008260961
-0.0270174879937570763810406,0.009647181664796781325188491,0.5772959559641925864070799
-0.024082820978790973193151,0.007571800061571374793056854,0.5753987744998424469500264
-0.02304740961839910409758581,0.008200439272228106715734164,0.5770827482596330160191656
-0.02549632091725442459284601,0.01712152761269317494119413,0.5772734894462970833828308
-0.02404667606326486850587543,0.01630365230379902594104458,0.5696780644615300204236519
-0.02007248993815374110694094,0.007542583691690391868578391,0.5745357535146151661820113
-0.0206321426100328809971618,0.00693413256012570967251607,0.5737674348482174613295115
-0.02054900573626531126714134,0.01163949583160363808465032,0.575979182115805565800315
-0.02033264565226043305012915,0.007155314364378983875425444,0.573088599114452978966483
-0.01698054024907661926913072,0.0125490673711337614310013,0.5767526152054951449343889
-0.01873333530224014983889269,0.02679315245166440789814644,0.571267127931488927217174
-0.01418448011919585909079711,0.01675313146238683464916974,0.5740133906432676180742192
-0.01383039818815049760980518,0.02164728703229616343928221,0.5711597794015208506834824
-0.01351456826820244573605923,0.02428903757633293566953192,0.5723101013136132619862906
-0.01388726612556701739409348,0.02094544357186013325278218,0.5738845043247429167365681
-0.01480980277524079902207177,0.02002347499797917790287372,0.5732475061792616788380883
-0.01380136883603906051976029,0.03306235735314722729016879,0.5729878540516573082186369
-0.01094719809640109370318939,0.02825500676768998714605274,0.5783074969882778804119994
-0.01510453242453167581327289,0.02777423929434746224798047,0.5766940999421700242422162
-0.01383414737368134431183542,0.02471865172755176309760117,0.5748459997892749751002839
-0.01462898620228430916767604,0.02376131959780013180871805,0.5735972434738511038787578
-0.01481379863609696805049065,0.02469047094276896614495342,0.5732984171035496734347703
-0.01614893732188382724501707,0.02191857841123940817129601,0.5739531436770024530602541
-0.01642262485581652206589887,0.02262780331313240730906067,0.5754390496977711544346334
-0.01839514825558105984293356,0.02066327145514497073963689,0.5731783822244308490567732
-0.01793628069895928170418564,0.02069503898945149189536608,0.5754945217850587768637638
-0.01713295634404998768474115,0.02549467159128012208602065,0.576610063311394749341332
-0.01762221666668760400309424,0.02957940867204009172120038,0.5723784676163553575278797
-0.01855114163757929507392319,0.03196333682996661124109394,0.5735858830617518444583425
-0.01814166062716965344137066,0.03052168849259120908534726,0.572028909890188952402923
-0.01849155969556979736689861,0.0284778251823500153094848,0.5717999386116097149113102
-0.0165495919367712289449468,0.02804404596301221519460967,0.5714308263522330788575232
-0.0178971920559986320820034,0.01782859438550893349528792,0.5745249297052503756333408
-0.01619741977732080603913367,0.02032979338252656129060192,0.5756018487844620779014804
-0.01512440941949867723170797,0.02240168381398898941880837,0.57751030329127461815375
-0.01792334200905607369258554,0.02494692579494887582636231,0.5771737847958867684283746
-0.01892516289422791972429927,0.0249240137934241198780505,0.5794995632412099917374348
-0.01448080682361725310403067,0.0168894939505723554185046,0.5758837489091519490358451
-0.01660694599720526423713984,0.01553712170936074124516502,0.5746177389472260088609801
-0.01699473926680131197208823,0.01600109437712649365637141,0.5748537982447492478144113
-0.01741897939427143951474086,0.0237864354731598046099883,0.5788662586923578601272311
-0.01886109299927414204023357,0.02451972368536535148986211,0.5803607649533224499549533
-0.01792031916636128291431262,0.0195592993875846887785741,0.5789558661507279158087158
-0.02036220322582970101987776,0.02996404086544987924178862,0.5764272155969190070123886
-0.02070084500832622409483008,0.02030617094512228090752437,0.5808790936132741666853008
-0.01785935919776929572955204,0.01401461548388544843535275,0.5758067960964403653179033
-0.0193390319097855312158174,0.02364160576364393931414476,0.5732922952886794210058952
-0.0177328674016507363553341,0.01992195970546413105739525,0.5739071586433786009706637
-0.02217975408653917110401999,0.02017198322988956321610843,0.5788320740095862504404067
-0.01975720452844086094668086,0.01370803005601964330573139,0.576275625982188954843366
-0.02050506210516637659035943,0.01302472021721812200922841,0.5780115381662273010832109
-0.02128727557987761254132408,0.01343609069056655481999574,0.578206098401681356513393
-0.02341592102819162884985715,0.02631812900501944579856328,0.5765827975317947551303632
-0.02169065666832372882288915,0.01992044571056462987090896,0.5787004568722191599761118
-0.02123319071237496705184533,0.02397003735424254808328293,0.57640239209782029305984
-0.02167295134581654139638296,0.02839677159199555794844017,0.576318840541074295380497
-0.02261350073154632170369105,0.01335512855368887683016332,0.5764177028639211330940384
-0.02257218679955160650640877,0.01163900079936555122250841,0.5798269592715936671112331
-0.02198772758385654155222078,0.01197106202374512325115052,0.5785524714685604807939967
-0.02187364166579962992953412,0.01511113788480364719668536,0.5803055411956996589850633
-0.02061228717018680905992412,0.009220693684394489289535279,0.5758104839618393144817787
-0.02075402512683190495157426,0.0191347583200504080258586,0.5793552326844394473326361
-0.02202536516836011218356539,0.008248549686139557482467133,0.5815901254390217767209492
-0.01891260749165121421433433,0.01837351436973579110745192,0.5818953513470811467200861
-0.01809093896561954004087447,0.01427017824181147677420345,0.5829924644577699766045953
-0.01832953350279395085542511,0.00813238646579249324641836,0.5803985130274100789904423
-0.01648059272388873591763669,0.009272578028445489090048071,0.5808800713150059635836442
-0.01570884152663623578582985,0.01115576259473150672052455,0.5822375467511575752865838
-0.01315286043663010766280319,0.01405724437498878653940437,0.5794884399543674957655526
-0.01366072197314979579096939,0.0242520579757368424933528,0.5804222644681126253018988
-0.01367244994890648088214924,0.01722759915417778481261379,0.5818260192898654370452505
-0.01354498910376752442152881,0.01885221617433611301928309,0.5822152104887690082790641
-0.0143761852541692547458041,0.02399589826932660083236293,0.5849076991704492689549966
-0.01031476884640715463437033,0.02177588604643746622580025,0.5841800080459026434098746
-0.01070396966768608418285602,0.02337306634217243064832736,0.5839767636519250793014635
-0.008009804346894468587980676,0.02406966625174656801422479,0.5861380334547514614484953
-0.00748731410400540770694322,0.02872389848051129859762831,0.5855680345016331944663079
-0.008707609901003355093451752,0.03015749443986719124932705,0.5827510115035822169105018
-0.008151778714576904741329066,0.03201625247030698978578656,0.5875285582029725617303484
-0.008598683165462717506444257,0.03289217158495472831392092,0.5882988166525896511771521
-0.008427220189025931215698328,0.03448904829454700615709584,0.5898517693916004445142676
-0.009236474794389812337236378,0.03472293283505554356560552,0.5899746108334146255103292
-0.01158822101030580926928071,0.03434985353379262779105474,0.585682510943186795948634
-0.01111131712011278506457845,0.03567052778473499274891623,0.5894208727718264206885124
-0.01110305443756574514391211,0.03044807741303518985875876,0.5865757193134246705312762
-0.009536129414458893380213134,0.03061540070251028006209637,0.5877480783721367174621264
-0.009439832461515456490941389,0.03162952149418526981428101,0.5872690668642194244952748
-0.0127306485498623455504541,0.03257821334394943313395032,0.5862394893217152125330927
-0.01016376808421926188075179,0.03422350714165874052685723,0.5920204426449674484089769
-0.01048703921028017183036951,0.03431490241922444811573101,0.5919932272001107165237954
-0.009184958286046054909412817,0.03468338232744139215668611,0.5920642510669694713598687
-0.00880241524526475388467972,0.0308648440895652742543831,0.5898887080608150590421701
-0.009354786010900154394342998,0.03207581603938276099130533,0.590440961269530051325205
-0.005529146942146487969660384,0.02580897784738554745498362,0.5908971915413958608809253
-0.00569816079714891791235809,0.0258627620602953113559952,0.5914022207609550552120936
-0.005266643099435087439774694,0.0260715721213615990448087,0.591578432620673666519906
-0.005218439077579355329927768,0.0267606490389842195665171,0.5912295720211619975970052
-0.008424054190018008536622318,0.02653684106164638789593369,0.5880821257883451780301698
-0.00806945298403606570136759,0.02658611790828954019039188,0.5887554373935387497240868
-0.008326864580455372796818914,0.02534687925855551651754816,0.5907455788277898856009074
-0.007944866141591438307711925,0.0227593902074287278425313,0.5924990404116182718396999
-0.008564304461951815355957862,0.02365386340309675802795475,0.592076480350809841723958
-0.01145266157172178909939841,0.02790356911314521501377151,0.5942927354958176255905755
-0.01047863493436129028735238,0.02228710317819242517356493,0.5919031909248325673544855
-0.01289864707887218749082781,0.02799913552798085486505997,0.5946847100708921862732836
-0.01379504396316629834251533,0.02097342681222714999567103,0.5916832608990544306593051
-0.01446236184331022717186599,0.02635469880407937184885192,0.5948484707649367431159249
-0.01404802770495879385426186,0.02818472448167833391274861,0.5948495334670969025836484
-0.01500838413492053442788166,0.0295414177205800231040822,0.5941587189659408574371469
-0.01515473278155835337721591,0.0298471291174282928049255,0.5946632157095781412436963
-0.01391489664232197116799927,0.02285040030673197303245914,0.5915775013553825623091598
-0.01301955888681893304392734,0.0236196596508624276355981,0.5932255354811919456636815
-0.01288621609819795739426684,0.0236409278278283084551159,0.5934615238014789850851116
-0.01406554424088791131752796,0.02410972786436310633106928,0.5920429074205736386105059
-0.01327892571199701735040755,0.0253780926837123381456518,0.5931981615461144885514955
-0.01352408778734188327108612,0.0256260631354869872211566,0.5929839292800629380053579
-0.01494880257393077331584674,0.02570141054700772476060422,0.5914439652835195015967429
-0.01366147058712886483422544,0.02568583591170120472568783,0.5917271184444194975782239
-0.01361513009308707757016865,0.0252348858821751648173759,0.5911721389064140685931648
-0.01428603681903798348906687,0.02697187259608165368907073,0.5915766452953370446721237
-0.01448699499805407818475711,0.03024489153882628858505122,0.5943721650889538521411737
-0.01453577745432984603957127,0.03098151602525411191235705,0.5934546720980639067377638
-0.01193452137274704678848725,0.02535128173776661150706779,0.5921836238310388411676399
-0.01333895842562467584646591,0.02624416148247865621101482,0.5904681117499319675800962
-0.01077267430255773698888344,0.02778063940122602396010087,0.5941109125174961480553293
-0.01054805865817688877161817,0.02793659363681308405169545,0.5937109368764097450110739
-0.01255410618144668123685737,0.02706461179584535026165781,0.5918513945667733811006883
-0.01165656357960388224415116,0.03007227384261165412104866,0.5928326673193816676032952
-0.01329836540139364871315752,0.03089935416485354441329392,0.5916440750600288067673205
-0.01498758015199184306931457,0.02959599095756668477030793,0.5901498554991786438250756
-0.01358868698072102608465084,0.03359925138512561554327007,0.5952596172214082992368844
-0.01489386602008550310183299,0.03372971136090267829654721,0.5949254812813613568778237
-0.01563262553657269321449874,0.03322442122336510123004061,0.5941144837966477743051996
-0.01622522303046911376633865,0.02908099160656238066358092,0.5904060668689147250987048
-0.01708857373761191525418646,0.02819466708890482065097416,0.5884539327993730806198869
-0.01644504768394720872759507,0.02592458561731782185066919,0.5897054421303937754572644
-0.01696168638309380680140315,0.02751795563302615946210672,0.5937287464914023926709774
-0.01526454727376595939258852,0.02101989582136941023260412,0.5920530249184667859196907
-0.01497937129538153867847061,0.0192111871891307503523727,0.5906250351993460601107699
-0.01551260900890173363708691,0.01887794598891218145197968,0.5877340540795802370510614
-0.01349552912677335833602221,0.01738041423774439042659878,0.5887980836821495866928444
-0.01157592208728946622797729,0.01728970777064726960237095,0.5899069990848175848441315
-0.01556915300449546006589241,0.02111486243811160415373429,0.5897996539409988692170828
-0.01165021892086018188983143,0.01950135982426117603472093,0.5932371965286867832034545
-0.0113146860919644386828109,0.02155408702199954062983522,0.5925094666442030089115178
-0.01177108680453711579694254,0.02248618684868605721582924,0.5899998601843819967527338
-0.01126126772394498050389178,0.01623563096714194034508871,0.5845957615943708773897924
-0.01046686851951062272036985,0.01775423725803431870828852,0.5852851984867188939176685
-0.01082407143736609234085932,0.01766224000189640236380129,0.5853547390682343198875515
-0.01343749238111462476763514,0.02466825690839680521038169,0.5879333736194837234378952
-0.01191866893259766954638046,0.02197926350821565247284362,0.5869299415554345422663118
-0.01367243776876779851048305,0.02353994865240230383029996,0.585889463287532330504348
-0.01533436721679887725089397,0.02510765092605052664631593,0.5830796054507108028275297
-0.01255725155047638513794439,0.02510412087988617840794703,0.5855404774053433181180139
-0.01311660036471619904252517,0.02615312546209948990627581,0.5836818049065894964400059
-0.01053324801540839183999765,0.02649327385572051649087477,0.5843824977548759402878886
-0.01202417449895753186195346,0.03125358085456254181311309,0.5847297410422226393578171
-0.01228225066374153892634347,0.02857635326982121970473827,0.5800519741756154923351119
-0.00876933240502936542370982,0.02966154527239924995618559,0.5817733154785986737778103
-0.01024193797259453052317379,0.03354160580870850505430525,0.5836841217861122865784296
-0.008299379155502606408845168,0.02999426480649873549833018,0.5825742758121655873182476
-0.01080457226027026033932099,0.03361879205092114381026036,0.5840332333504839601445724
-0.01000949075959639035515725,0.03225533616584152357686932,0.5842834716501470460059409
-0.01113555193566442315378229,0.03370521150988085162802932,0.5820661055450522258780666
-0.01014657126733108094551739,0.03216919247480072574507659,0.5815877082927897179231991
-0.01017595955259192018471648,0.02595306589651657017125963,0.576208760443379874871539
-0.008698919371680362971899214,0.02514448747308525855537198,0.5774735167197475593781064
-0.00996817422355732694894126,0.02378488436531490946013179,0.5758261114996776619534558
-0.01015987621933388262984721,0.02210305286265836985371003,0.5759019712127266821255489
-0.01096854676591072809410665,0.02055515876673144268216298,0.5772635218499597709040927
-0.0116797613878257943581529,0.02014857958452018205086631,0.5760623316742197186357544
-0.01560281104474440551366232,0.0216892464210113322664597,0.5743120582347660540989409
-0.0153343608679936162231261,0.02158802029061099997386819,0.5748193606651880172009328
-0.01693938393097409525478447,0.02070563952609917601765943,0.5758368295829023875143093
-0.01933404577091609247152526,0.02347554831570679984009686,0.5756851069240379592528711
-0.01723432218284175546085812,0.01834439361386111522200792,0.5737916313056811157267134
-0.01702103390352166858989769,0.02072543533083416600337756,0.5733026117900028584273286
-0.01676584890607660249806088,0.02374002731219011438912325,0.57570783276841253073286
-0.01543489767795430331331907,0.01931191771462233836009759,0.5727318596030633868210202
-0.01446185285725260297184924,0.01936456349149916905671986,0.5738678637233360912972557
-0.01372998574391082887702353,0.01912459139301238286723361,0.5724576598282415940133205
-0.01538988959464732651782892,0.02120526874181948018271981,0.5705151924902848170617631
-0.01259922630845011423672553,0.01978363744347617914076665,0.5712985591969994558780854
-0.01427253511258704150865828,0.02289568400174503762234401,0.5734489973853951205740032
-0.01393102217229698173983632,0.02308893609664968218919689,0.5735024346133603678765667
-0.01179688786459210693424726,0.02316356843584673266822627,0.5725361737094859515551093
-0.01172433222102468863834446,0.02160012978675180522758481,0.5714033815023942253219502
-0.009066133114495215916672777,0.0212512308468120678095481,0.5716478018083749335076504
-0.008444163197629800735044547,0.02482098008982452572168675,0.5713032457173884415269072
-0.003316309002510032036270538,0.02192162933996003731929036,0.5700800804274147592920485
-0.004629856065038585530291293,0.01979293554789142775551802,0.5695335963092711395461265
-0.002292342702675893763991644,0.01969740330574455342005358,0.5713451736554830961978269
-0.002568441237850967086980836,0.01983570994093843478656147,0.5671156440636976325819774
-0.002879459170282225831394296,0.0263803643351735381261669,0.5655889839897719761907524
-0.0006007717238943757016508829,0.02855298911466385564095205,0.5641177014550762258693339
-0.001146605055809375760603186,0.02853000560846461960973208,0.5641402993800703757898418
-0.002907754774941155757883582,0.03334683038385024417271651,0.5656253053737360092512176
-0.002241065980183686804499965,0.03541436093550932168172451,0.5684498668048200142877135
-0.0008752100347618154601095353,0.03597878240795174958899239,0.5663396294219450455287301
-0.003555375948045823644716457,0.04217923379439824510539481,0.5652944294579437256587084
-0.005112131706596419189470026,0.04604013095204594063769576,0.5656189609522010997011421
-0.002970983140799420690880694,0.04238713454409438058378967,0.5650775477023639581375392
-0.003103164444764926546693751,0.04124324149181005094710883,0.5728063429613219348368602
0.0003304920330134634293139939,0.04324952292102410972285398,0.5691283080614353284687468
-0.001243691523004098256621752,0.0388777532652614526975654,0.5679632323351214706619317
0.0002516649839057858600334383,0.04149892355592760956328746,0.5653626119585271059264642
-0.0007933932497925387430232069,0.03848207788094359232955455,0.56665749239668405934367
0.001638324772340827607808311,0.04500578199812909491184243,0.5665302105430083390302798
0.002402750475016274516598669,0.04499149135132884252952223,0.5647123573845039823382308
0.0008295366435903545878835508,0.04523847444880978868608778,0.5643510647238528799007895
0.001767681156900866761352842,0.04774586417406721794431945,0.5648336117961981761581569
0.003727982751904763188827152,0.03630216907518597768689261,0.5681369537856718610058238
0.00296587928577831012877386,0.04443354587579630837756994,0.5648648139896739195364717
0.003734897728291755505253269,0.03350540335656276152986877,0.5669427856974950108437383
0.005409545508238619571095285,0.03238581174247715660508007,0.5673164964324284298413659
0.003679387884210595909689756,0.0304438559740319546198517,0.569321911928539647895775
0.0005697937495222422021531883,0.0389508372125761601068028,0.5671366731668241456532087
-0.0007250855458517361943129864,0.03777086194510626687703692,0.5684199155859981367200362
-0.001858731784342290303466139,0.03259692702008213510689316,0.5707059677762507110543311
0.002664867729363226515892915,0.02635276919130159073434427,0.5705717297156097655985718
-0.002053033048961485154682016,0.03065663197063311570800259,0.5656615669104293475655254
-0.004609583718691192925909217,0.03360003506860294308911108,0.5672626024814226841641585
-0.002508276661025960786732814,0.01938947380400964787261486,0.5684060351630479956952513
-0.005622733318788181167136031,0.02114328698963028815849263,0.5634744453636298944232408
-0.004676932221916487754376224,0.01704326193563691568821916,0.5673154611814474890252313
-0.007591344916668302765516696,0.01574715963679950911369154,0.5662398729878843628426921
-0.008929759997969501095216316,0.01392695609317269600513356,0.5672430222932549614967002
-0.006003019669779473266313374,0.01370324750638572501582058,0.5704351330334114233977516
-0.01050933048809684321189817,0.02728302663469187733236154,0.5689474480792148236574235
-0.01161402167631766201016941,0.007829523389908615502164047,0.5685283456185327155552045
-0.01220261908612477533275786,0.01305320247855620667543075,0.5691807043235476148979046
-0.01323343293658869185280835,0.009947855766103033681169165,0.5693015259155493890119715
-0.01471915988825505533510452,0.01135529496752608197285284,0.5695394982238449754774479
-0.01316066150433275322439997,0.01212648564609682295956095,0.5687506829661226337435664
-0.01262188638690294080479948,0.01647798345293393501576062,0.5704182847730164818145226
-0.01391591550259661108635001,0.01442689063241001622139859,0.5712996245737975709033662
-0.01279873024164188480278348,0.01585409245052672028153395,0.5707221010451070108970839
-0.01419600783319727513309694,0.01812777842262304831000286,0.5713675024547996139645534
-0.01353688644982626448909357,0.03335383454175671474883913,0.567997161056107091603451
-0.01273948309561769541564669,0.0282256616718957221989772,0.5757142769375984681090586
0.002060360142978201122843096,0.0313510882405680299522821,0.5925223799342504982234914
0.003422535419874802448125806,0.03285211136577868840102923,0.5894954956868758699783939
0.001922611027499339896029706,0.038893325870809035416098,0.5920986292557487429277785
-0.0003198667996582306135081031,0.03845796307495719101865461,0.5883710480401445064302379
-0.0120785993197726169989803,0.02856231094645519594243943,0.567863698144159489977767
-0.01085739998547627718772368,0.03125246577421524063478131,0.5693162520692574002367792
-0.0100123098917212337982674,0.03252272419567493744185782,0.5707954146567569830850175
-0.009694632797742760640935522,0.03207038017133535812153156,0.5706031268679099266449839
-0.009153970169714004123662221,0.03144821327554292444972361,0.5706043396151890823020381
-0.008278105871725123521276402,0.03280952509800061367428725,0.5700312479101374840695371
-0.008092629941864069864632114,0.0333981201555634335531586,0.5695230975797997974297004
-0.007190057335518196257595491,0.03493712239832847538112404,0.5711828197235283566257635
-0.007432925062507446216375495,0.04028043278124708581611202,0.5740524542134809449223098
-0.007133814756196265802201673,0.03808542567155749625218419,0.5748661388736876487470795
-0.007967763797117196136743367,0.03877365655614373185500199,0.5748394086155517168634788
-0.006369710535845531790277718,0.03822130637885581133650348,0.5723308157921547234536774
-0.007944408893771816998485846,0.03609487053585820615086988,0.5700981773822725306999359
-0.005951774601412686965806742,0.0381812347499484450175089,0.5748716320234682486400857
-0.00476529717343618375302583,0.03570499722281223614617218,0.5732322520438134505482708
-0.006320270333495565592829557,0.03444885869393837091179122,0.5724883953435389027930569
-0.004974356531551710723648707,0.03483800940792575184801194,0.5742080198982038030663944
-0.00694235637574742211336476,0.03654394527211349968931486,0.5765531030767059306185729
-0.007671146217468909414560763,0.03746695868933026113412055,0.5766213084869794558429135
-0.01049266704676555736486243,0.03667838810548327416194425,0.5742571850661670751492238
-0.007007933733334411469106939,0.03126710359305759356907117,0.5732961029818183229522788
-0.008459150011358482212919796,0.03063785499580839663535947,0.5724683867704514206309341
-0.007565331271457888077935916,0.02919711064542282116796024,0.573452447491256456224562
-0.00701380153924522665997987,0.02844766104158874889251685,0.5756765387381799214949751
-0.01125684527149207504737038,0.02652812126982186796686491,0.5715329901414892832534065
-0.00743962063615579826530988,0.02462109088273956719605806,0.5733437819371948185320775
-0.009323189894264803656565022,0.02356920976794527750053376,0.5719416903147312991606555
-0.007404444954754191114687512,0.02465224910756272022616109,0.5752660238759548239073638
-0.006027039270231826159629485,0.01903844755773445932001131,0.5767914342568790653231758
-0.009471296754598325373653012,0.01453398971845369820610205,0.5745457249331640259271126
-0.006901433638745754425847245,0.01724757517441144819003718,0.5750447533806095634645317
-0.005877532652117901761090746,0.01416951959157351087492671,0.5749579481323667806691446
-0.008489954691252911758714284,0.01919649155722502956167297,0.5782610305200479583476181
-0.005380508143520322354713681,0.01222252587288501224360715,0.5745200938012512414942989
-0.005337419426211212521160565,0.01325098086080662117269835,0.5774168327793762767186081
-0.007374644901461158835731524,0.01096112771833282137357024,0.5733171205920558621826899
-0.006244073355756284832152048,0.01194042910794370672411535,0.5740845642851126751082802
-0.006972617442284037049538004,0.01136430146896045059734526,0.5734753427447770723901499
-0.006734774614983364375564445,0.01228328507885493095508345,0.5734693072720837836442342
-0.005121093242981710445815846,0.01231244586697961482246733,0.573268481373436777914776
-0.005113137621301401189444213,0.01326192621069358611174405,0.5733881843799563116093054
-0.005624240459008572438903695,0.01748996276171091435180927,0.571360531275921124105821
-0.006650616495768423529211244,0.0179278931800650048744572,0.5708916356016778825832603
-0.007762731026389111527175046,0.03264644135548135789326452,0.57132702432059589980895
-0.006307560270432981813781836,0.02797329074892133254914839,0.5796190111884833573441256
-0.009291268033793374445106217,0.02807060930946250060236125,0.579353107530246935752416
-0.01197707796108492608877505,0.03391601590098714674725855,0.57275351471334856601203
-0.01295309424680861527801046,0.02738664621097402010474475,0.5775819894707616697360208
-0.01287691178190362301103633,0.02874429495858755317927447,0.5766786230378493360859693
-0.01361000161058568275196379,0.0292981715046303943517092,0.5735263687870809645730219
-0.01432782820932814761560881,0.02974816143807957821709742,0.5753935343504462673891453
-0.01581485149346899266031841,0.02826512648388248769015796,0.5731294182894078881318478
-0.01477372003943009000359599,0.03206615897746118576394636,0.5734942409264345286601383
-0.02021634256128636980553992,0.03669630519661374462581094,0.5720517993923732724681486
-0.01343160719521831018841151,0.03854297261242994182550703,0.5715766294109745349061313
-0.01264786251532391131435773,0.03165306427496993729731045,0.5758356619728199898844423
-0.01292328031516099678954745,0.03260245308280727838390334,0.5744838034408311644440914
-0.0127558455302269335707166,0.02762171148207776330552043,0.5733502456904605582010959
-0.01338690118817312257881724,0.02725171583835309802035241,0.5717971748890102734463881
-0.01182672856480264031442395,0.02728420130497378678913201,0.5732279286365331572028481
-0.008767211568439634353233636,0.028141650335738271210273,0.5769191438753981104881063
-0.009588971418072172320234969,0.03001826457571035028371043,0.5770271091191456758195955
-0.007932999131900887387902621,0.03191697027632750538472806,0.5735493721100730635242826
-0.006070735771079071099731728,0.03418764581598611462798232,0.5732722355694249705138077
-0.008878549118012108234965218,0.03480920318353387249432629,0.5778311866925699424868412
-0.004817826602854339244907944,0.02642583301807322967991176,0.5720035335182713787105513
-0.006739464522686745145962917,0.02623759746487693694794174,0.5738952597305634339974745
-0.002836331875027164970554105,0.02153968180510909199987246,0.5719292694459254811079063
-0.0006983694520707620177063513,0.03078785761649390287364447,0.5707100015316268759590912
-0.001798166834989820906179347,0.0234498567262066831551337,0.574935666641777864960261
-0.0002488297628039632769340883,0.02918469960081558622899678,0.571482895602211327101827
-0.0004998976055809943282517982,0.02442206320165564090163279,0.5754035085510649238926817
0.001479055525427941560068223,0.02764113505558047148569223,0.5789789297739138529408365
0.001447421183401803026699617,0.03393555865873646576469369,0.5782130563687774005288134
0.001117097026662863595500297,0.02914285700108279128506261,0.5732988410516315358478323
0.004656419136964910950038377,0.03021900307600704563282257,0.5740818280147623742237784
0.003943623646883802000284724,0.02523475050372325084735436,0.5757818565570614888216028
0.00475315202655052660568602,0.02311042891523590325775217,0.575238719474556625677053
0.00194412023050138244029128,0.02397957303338773757395153,0.5768668675427111036668748
0.002661396278300453329540565,0.02045051208834828410099149,0.577244306055892608675606
0.002805034760243965957088319,0.02151254722724624257601533,0.5779974991843956910742008
0.003038175294681076145375531,0.026129784374429636251147,0.5739542316448053016486597
0.003515443462780307171122729,0.02831175007211307603771644,0.5737120020350320315216663
0.0005982018415789685421637967,0.03051326042573054148077105,0.5761484911309170398041601
0.002332396558505924703125212,0.03263895601615219438373927,0.5722498204572128432943146
0.002818633252023261710761393,0.01966425223159981930387552,0.5776965090419777792973832
0.002795412669027970767321456,0.01904266860529123944756336,0.5761051823017018236328113
0.003083053156667687165481961,0.02450712356594464402803624,0.577268923232317932026092
0.0001982241959590652906775948,0.02194790783269465542226762,0.5764264226383367661910029
-0.001663615679616222906012091,0.02230143107336021376929658,0.5773111917814669480364387
-0.0008660409447263500964248051,0.02605343447960900907234283,0.5797139761605006880174074
-0.003064762251015606259185731,0.02672536070394082585721662,0.5804339112926785171353572
-0.005567053032181458645244465,0.02719427136910584213991271,0.581619942065241812834131
-0.004577646767055059545681317,0.03008735272941124444523453,0.5825125257453024341103287
-0.008910406529408186615537346,0.02845288622621495663866931,0.5782884405569527208612612
-0.006562752660463355702802346,0.02945827214998258947176168,0.5789347723562625613880073
-0.007167664835913181362037072,0.02740610721163286300772199,0.5794295553989672331596239
-0.007245829194064921756346376,0.02692522131047031183626039,0.5800058613064433821193688
-0.008298456627499603555087049,0.02670670797550845146361986,0.5798008981431875819012589
-0.007361841551760807227100525,0.03005150518918616939223476,0.5804032363890978540865717
-0.008662046787211753751112298,0.03275813701429766688910661,0.5855719078814446421077378
-0.006590444722052415243984669,0.02463114123214358783253708,0.5808406301785042913365942
-0.007475755531216067388544655,0.02351745302653788019520142,0.5789779945393411786369597
-0.004991668951586319610824738,0.03243711752421761518316856,0.5768862437910613483182942
-0.004413044244710225688654859,0.02999718856804961183981639,0.5772121534892580285713848
-0.00414267832164569912295482,0.02449886589333346784136403,0.5790622558841580502786428
-0.009099164409270636341697802,0.02448566207732462418622532,0.5788313529919469901940943
-0.00571327498492655693612674,0.02673309689098663302631032,0.5823521735742146487879722
-0.005654682080109953677682366,0.02832257567725640634570539,0.5747693308178523086127143
-0.005577989002207817473277807,0.02760231014753256398308601,0.5748310604609181417856689
-0.00596340842693865360452099,0.02946409176560773474085053,0.5769341995130152778159527
-0.007454155875250507989893123,0.02141995814158752925449036,0.579162934415623609218926
-0.007061289884766962059170492,0.02869548192017590607094668,0.5761053417581614155551506
-0.007609432961275660808886379,0.02808989168366605657101154,0.5761115991182235163137193
-0.006731000866268983633122769,0.02584397153400598209915806,0.5776921640950659631030817
-0.006093000143966964543551512,0.02165725328245905051405273,0.5800800529699363661251255
-0.008787934830969415522794463,0.0186844097391015949438664,0.5777531363606681624744965
-0.00684864539444065764661751,0.02049007742150088864918622,0.5801761156162270616221122
-0.007635227282382312484487752,0.0188689543345985331901371,0.5807543148650557984780107
-0.01031983444415576420261083,0.01755106528432627890912165,0.5786339419971364694816884
-0.01017950141811733814900531,0.0287259299050351066262543,0.5755755331051437551082017
-0.009139193429555554637477854,0.01914830474996030013068449,0.5789230956584496823325026
-0.01103246918294003772742506,0.02775021814095948377576484,0.5768153201563281928798688
-0.01044457730596862199412556,0.02716980055063733523468272,0.575232055381469042920628
-0.01036082543727353567908356,0.02062229110970565867932969,0.5800757294805573005547217
-0.01274008316000889255714679,0.03360173504166857200159413,0.5806877699853589813727694
-0.007300343124636707141383862,0.03180895115716250026727252,0.5819207117237017445887659
-0.004828762232929682818305395,0.02823274846571716817367204,0.5832886503364560493167801
-0.006349636158648729218623163,0.03091686522740835774136769,0.5765493316436482995612778
-0.002727925567654547033685786,0.02274441283555602225097125,0.5768784841857004241916229
-0.00138620273552324669956437,0.03034818242776388466652726,0.5752213964275698643291435
0.001262122085274818093086902,0.03036960906828046341532357,0.5741566720591519956684579
0.003980018260905593234511013,0.02215640652119593018154475,0.5795937519861158460088291
0.005051487680739574423482985,0.02822470223889440854581068,0.5776711201638897730248345
0.003383745515514613270979805,0.03157805054317554260823186,0.5764746013906338895083081
0.004903317421225366137815804,0.0258030924950956377927902,0.5782900473285931264300075
0.005923165702435178800455695,0.02565294231985594183842458,0.5745824530072626279419978
0.006244871171538560195024559,0.0243052975924627039094883,0.5754713636516722852221051
0.006009103330954608350455981,0.02385020141418901437613265,0.5751094728080542450854296
0.00575276195043515192056871,0.01913925382925703647107873,0.5775613673234964995373275
0.004858666825065006966699599,0.0193095587993526301984204,0.5717590291707286276334798
0.005409599594876195356729642,0.01299048930051408499986021,0.5776426182615782556339923
0.003516855998531089131514671,0.02103963600491281366045015,0.5722427589322247598602189
0.00221796661515117439142375,0.01596416263445676539389773,0.5720677459696330569016709
-2.699804000334302384029152e-06,0.02031633337709726899733553,0.572629316657109033172901
-4.824308296301452399798635e-06,0.01135639480939951671822907,0.5747853207518194285086111
-0.002580813754316577460223847,0.01558609518677264889341405,0.5799953595376449166920452
-0.003654715736445800829818031,0.01120097694238453463200234,0.5739450912604990850951481
-0.005732961042214478400436128,0.01189547273154053716459622,0.5744103141321802441510158
-0.008037795512508357290148986,0.01165905563197412730946922,0.5754944519840663463838837
-0.01196043640429531908220273,0.005752229962700098654659886,0.5717166342062333095341842
-0.01242590147222546667626908,0.0163957552102513767766645,0.5703347107998093523661964
-0.01676759821392602434197983,0.02353019450170122303656051,0.5720109353278516328700221
-0.01560095956883860227049077,0.01095184478244263549806536,0.5737284740276835659500421
-0.02189600160389452293552282,0.02131014570318937387249925,0.5767332050287531375332151
-0.02088616394554516225712248,0.01978938757018714605928622,0.5739819681878804980001973
-0.02313697651218036416276291,0.02062941119895131750205941,0.5792077359354796950441369
-0.02035691922379983739843645,0.02113228869168897947061758,0.5747313429388426486710273
-0.01948504739914222114172127,0.01159483355109702275298478,0.5741956795158911219800757
-0.01875229533137439535961377,0.01425979214875973052900626,0.5699902158218150827195814
-0.01955695164921616990838515,0.01746700780323096752200129,0.5690916841740939480231987
-0.01742808937269557656435381,0.01544543836507374090505351,0.5778641087199491988002364
-0.01679547030513360572623327,0.0148418301378123920070129,0.5680421869285025016083068
-0.01482507123371236586184541,0.01603251195932019548817671,0.5693116518016900773346833
-0.01247945541397638136160708,0.01469502784741548787050824,0.5700710819540493190515917
-0.0106677024396700653730008,0.0124365805223069433860239,0.5711189400509981695108763
-0.008216084304104026916903969,0.009472667476925496210515831,0.5733507650271347788617504
-0.007964956796795555349355311,0.01109367421241348045102271,0.5738777180097056618279794
-0.005831130136236842460839558,0.01179225782076446030210981,0.568238165404062467445101
-0.001550597116655183472719304,0.007544182186669030898418242,0.5740299197382500162589736
-0.0009974104658319838875857322,0.006476881147569948753150992,0.5721472800327410679344098
-0.002750316799735675298010928,0.01386858219366995589871827,0.5682089969347590141524051
0.0008900750742255525080337542,0.007065580903888321953609797,0.5760583816104398735546965
-4.990399690730269331630925e-05,0.003816904897912505069401679,0.573630418564244348722525
-0.0009091456321485757649525361,0.008161105071025227461478657,0.5745082418824543069035826
-0.000562422374000494558476948,0.00745408183153660648667671,0.5680019414198014260364289
-0.005888560902420489177877538,0.005259580549592143307313652,0.5725291504632645800398905
-0.002849979886324007991027507,0.005842086497537069510188612,0.568256867555472666708738
-0.0007683748625628414102503583,-5.080962051195937162592804e-06,0.5721919490315012790659921
-0.00140172965783277219189995,0.007459373138968468722187488,0.5742251915251351812585767
-0.001540991134485637055126506,6.620691613239921354157336e-05,0.5711514072375684092364168
-0.0006819436756881365859286892,0.006716855601697237915237437,0.5746404929548967199792742
-0.003219296076220236248882633,0.007786244788908913347369456,0.5750421418587464694738287
-0.003154785650426724860628802,0.01008624846621029684523574,0.5717841870040143437137203
-0.0005002150572438039156930589,0.009745595753636086822080387,0.5709314069900690569170365
-0.0004354279713981611859077714,0.0105291176274481985963849,0.5694068303677188858102909
-0.0005032995503276877381076959,0.01110639492172540640502199,0.5702108489691825043976792
-0.002331749254315037492985008,0.01346948752339876403949503,0.5777201850870841148832824
-0.001821794832883766573211615,0.01690844219031137352082794,0.5696720154358264620597652
-0.003957452052898019490001502,0.01905912647530783737837012,0.5756807417676306215525983
-0.0009919364264540011383308737,0.02438800743101916454480538,0.5727180163703458060098228
-0.005205157672593959880535941,0.02871571660700181910508277,0.5734039963567632014473929
-0.003519318845007776870581484,0.01944584231572626248363278,0.5780859627348522433720746
-0.003175429067969100845741925,0.02347052039282650562346255,0.5785799513681972872092274
-0.004150426228246018034440112,0.02664361501492089681630837,0.5736010797300337138437953
-0.002716348001935499009706909,0.02329375530686553924519799,0.5764320976882237879124204
-0.004325718802365680938637471,0.02695495987522463637864334,0.5756053065827111403507388
-0.005371670440368747807824423,0.03009825421675836262802584,0.5821329102959783563520091
-0.005497085510062352242677264,0.0265504703503128026975677,0.5768262871963841798006456
-0.006985271137786923725809807,0.03095749542457804093231744,0.5746909062596469164319046
-0.007969926535992920627049507,0.03027849887064231609867804,0.5737800792811947880878165
-0.009551152265898615878469968,0.03098559256505367329181944,0.57668945509601687859913
-0.009057778574063406890060079,0.02012582561318366353164677,0.5790977128663795658880531
-0.01131622631160535651095866,0.02392474261694818582490996,0.5767211164739909357024317
-0.009088167371755166007440963,0.01663759290779698307716217,0.5780667018346240526582847
-0.01166314962060468335414143,0.01295437137261817167610545,0.5769169124442942164776582
-0.01097107623338971875426306,0.02152947949905454488872536,0.5734851402833696099037297
-0.01227290369503721521871054,0.008742755783108711181705885,0.5752701210986144175763002
-0.01101124653750338265589814,0.01234962526819605860284312,0.5731916026932233343416101
-0.01068052548161138939897263,0.00897011318446439172291651,0.5783076163144911241431601
-0.01163536318983889213118932,0.007389995481438415940445008,0.5786475928209893204723357
-0.01447502506130177342413834,0.01287236956186098117693728,0.5751568245459522943363595
-0.01208430445541177310209147,0.007829466521051910155026832,0.5769127595387016915751133
-0.01274091579017123249117915,0.01198832300514600553154043,0.57540376022542782941116
-0.01462767859688788099625789,0.006075015047286320274411153,0.5746463935539372069882802
-0.01670936712550900524187902,-0.002378663694989161751097706,0.5758142449604513046779175
-0.01495640347402875380833365,0.004554401006270641580342406,0.5797566639836969626387031
-0.01761285215903983861207571,0.007724003204567065662689007,0.5831066775705672222684939
-0.01726764517507954274644355,0.006931875819512075924400119,0.5831945746063030844297259
-0.01474047900473144344368759,0.004525913741817516600107751,0.5750594972619417211134873
-0.01430383685854198783093949,0.007710531540138147385543554,0.5764779369978973999621985
-0.01518695580867095856758553,0.009809008124469827810676392,0.575214226866087252609816
-0.01519759725034634280371737,0.0008208718306247020845764495,0.5769650927795846317991391
-0.01584621646507947817505979,0.000304634853036444999511978,0.5770472342694915601768457
-0.01492605323481497811566321,0.01124503957464153235112914,0.5750425635919068634294149
-0.01384094690483596290508927,0.01010453150242069525477362,0.5750227105804546212652895
-0.01632468785709101366521168,0.01358964280260422340107507,0.5826948563375800027586138
-0.01311057763701310718840176,0.01171553784873928527598963,0.5791512323905596559825426
-0.01506861543521193641526068,0.01784326283632970897019554,0.5758143218034705856922528
-0.01804252660614089759372192,0.02472184429157191568049434,0.580531940668632673308025
-0.01341222937827628303164573,0.01641541914037683569382864,0.578235660715097798956208
-0.01427577194259608758808433,0.02572265437806344270943448,0.5733094210222727804548981
-0.013537102826826883511524,0.02532391142787533688807144,0.5774979857337189104171671
-0.01395028297353168543482038,0.01907580385999981323341679,0.5790359906438184989241336
-0.01260109576870896419542589,0.03067410570441314252021492,0.5752584099757189761703557
-0.01153569831471986523174778,0.02777565888412652020389437,0.581154964822549580105715
-0.01129097176494941491553536,0.03150244723966762888656135,0.5784121491994326236252277
-0.012334182404794034187967,0.03656598017321904814380673,0.5777810880092497658466755
-0.009012476067425887957251796,0.02613598679759912210562867,0.5814216571337117445139597
-0.009766925750043080681206398,0.03046584512706711558860384,0.5758157617277332995797678
-0.01093596175722566683774506,0.02310664712608261756043859,0.5770990484221752980786846
-0.01027273482645380854594297,0.02289231311150489306394107,0.5763829547450659562812803
-0.007868351967575508421059993,0.03060194591781756692783212,0.5760110011635607429880679
-0.004727373118593630567374486,0.02041154580053934283756512,0.5803791922104645228941422
-0.005450572372257477329893227,0.03054971879106577886675566,0.5787836899214175989669684
-0.004174987373261823155046191,0.01999779969400281715019574,0.5780152724666844932244203
-0.002368452476190497681118874,0.02423938461224899379442554,0.5772008721629816596632168
-0.0001624076242024605719587588,0.01773521961021722395668299,0.5818909465418419246773851
-0.003757633279061150730071539,0.02306151598887726597575387,0.5840222373616885676028687
-0.000859059159866943050469501,0.01941768070997410000622097,0.5792709310370862674233194
0.001547422137575639585968523,0.01899772937430638242162217,0.5782274343865848598156276
0.003540849716285636699514283,0.01454288548992507638935034,0.5813858268392200212559828
0.004470617533875718453695303,0.01594018938898259657444001,0.5797544523282197603819554
0.004908958672846820518731459,0.01430675812222703159604098,0.580067827028431293179267
0.006283417984492107102867386,0.01290825295081426439536276,0.5812296343135857634720765
0.004862848779507530048993313,0.02071111088314532902576737,0.5811107870615197512620398
0.004241942822065566075229182,0.01131363362624668821021512,0.5812498674924688746301626
0.004814711664504920003715416,0.01291659453533547385895019,0.582849442996978717168588
0.001655628620495360739037216,0.01127668329866739378719576,0.5826321325790906335839736
-0.000754771380548295892608246,0.01203463292700901639264988,0.5824478699911529444577241
-0.0006637216555763983264273898,0.01403228180428175465854768,0.5854427575385507953598108
-0.002464586656766856124362031,0.01331632004419658170391028,0.5869004070903960368355001
-0.00663874931400139107334768,0.008832696494201380463251461,0.5824132739650289547483908
-0.009754270635495826749505888,0.009140821886728666550991917,0.5794589131254567204720729
-0.01224379957816339008214168,0.008933831772022626099838405,0.5810237245211004042388936
-0.01454807898838676727404362,0.01045979492189864218376627,0.5819632339983858981824483
-0.02018827833619334446990656,0.01871065251421621597471834,0.5829111171125631596368066
-0.02009054791134478115677275,0.007137041690879451956430746,0.5843853985930960170946946
-0.02164179179688462476005562,0.01367152796107621963439538,0.5800373643445254634443131
-0.02434961067866938527748388,0.014667871065246950931793,0.5804814955433824641417573
-0.02517185031845597942279369,0.009864357236660469679945251,0.5847192323655564516471372
-0.02865963505254807974775844,0.006881938694826762736855841,0.5814232231636200509683476
-0.02958714354103934504602869,0.004611381748747516579056693,0.5827792578088925035117995
-0.03010157636123198324207273,0.009302258579481149577961041,0.5844547527559914579242673
-0.03080650687659200123724723,0.00614323000361114389400452,0.583248035030307754311707
-0.0302784727900156890034733,0.005614718834094937528755853,0.5853501959455086334216389
-0.03078392953286460467787755,0.005153349673101811911912762,0.5824417831646222509789368
-0.02683458704682066889302128,0.01769120377832594445677294,0.5828228287998540313452622
-0.02693827515236370609419403,0.01891622370700535293863709,0.588743950748652933313565
-0.0251193732089212001801215,0.01439242362918776059477199,0.5832449139017695793896223
-0.02526784205549414616398529,0.01716081132596545058555115,0.5813104236283556103259684
-0.02415253078848569878722685,0.01459050059942734386964069,0.5867224825642438634787368
-0.02059407216580272717565414,0.02448937926819148500068302,0.5801869453307457735746766
-0.02105760738109548751983979,0.02089236778829133001078588,0.5800401008149427273252741
-0.01857491701239749604113172,0.01616444459213217318960254,0.5835526934180613745084543
-0.01662346713381127744080246,0.01386056347974776170595135,0.5842258264822339786093153
-0.01856784573933551590885216,0.01386578553586364885574778,0.5841337401119834904505979
-0.01925537163297554726915095,0.03067565200596231514418299,0.5847333749594706420182888
-0.01299631596965636175233794,0.02180378396966171569704152,0.586528165838354431649293
-0.01279843160279795812039882,0.02185833125480292696285467,0.585173656845863088271642
-0.01324431403525434466916799,0.02758475976873388246790597,0.5812249096619610533309697
-0.01346901900908284953339855,0.01985958554324696381798709,0.5839067563381260539401296
-0.0128729854407825909656804,0.02294657201649395392162312,0.5823662598423019476356899
-0.01510572080902687110148808,0.03426982147450199911453694,0.5806245462977144278227115
-0.01384422410470352755862411,0.03156197790255122620495243,0.5819155711164811783930872
-0.0131677635035514044303806,0.03215109489815045490379575,0.5826879335349613997507845
-0.01283003225344908973526437,0.03143949379171115388054147,0.5832816768388654482535571
-0.01368825368351559400303952,0.03400695423054268112794674,0.5829852747825833292338871
-0.01186018625994456586469905,0.03642085377162088133395912,0.5831679388631042515456215
-0.01297300284344994093788106,0.02697111685900556790618232,0.58437769684932239222519
-0.01024129410528535656654814,0.02757743913021182269318388,0.5881076350260363572175493
-0.01187954522374100492509985,0.02893702036234604632602974,0.5852633439727580322298195
-0.01017585058489436401762962,0.03261957527550696234186489,0.5882352033236935007209922
-0.01099811662134746008401276,0.03134535850929895395289293,0.5841093924826987748843976
-0.01103240567572690358777443,0.02796715171346323899892461,0.5823223046048969786525618
-0.009002755134378781845527762,0.03347960294474370407380448,0.5821108735128946998216293
-0.009362869775733081295632232,0.03118662523725213367442599,0.581800592648868408751639
-0.008094076521615686803379219,0.02642728557698112434870552,0.5847222353361812841043843
-0.009881166313469021827975425,0.03141333000554288878980458,0.5822712092329591637707153
-0.01004052303761771014478654,0.02521515943077269616967584,0.5853263919818472160727651
-0.01062882729350281794944433,0.03129582519404490448255984,0.5803802053519068193665476
-0.01323723476682659230818651,0.03087702704639379291950974,0.5896217560741591201534106
-0.01481145432276263947113382,0.02352055038225350086511511,0.5848273953937103142308729
-0.01319848030471119579298822,0.02973410361692735079386374,0.5803970732279470912118313
-0.01869920400286457715099964,0.02452456027317472322946124,0.5871567182208243806940118
-0.01705845201618674811250287,0.01979390760264506179955113,0.5817782583550814567985299
-0.0181693569225404166767035,0.02190120002483746455834712,0.5841880583505056900861518
-0.02022931501861114506057859,0.02063920444813580404308517,0.5843420684130561371105728
-0.02367793218749799158406866,0.0264239414680600692708623,0.5788617650293260696869879
-0.02460550060266943755982183,0.02067055748440533788357065,0.5817556480521969275443439
-0.02511888589735117999213188,0.02316454799703489969564529,0.5837205536044094422720718
-0.02803095302984662598455579,0.0198406486738053611240673,0.5846893709661017402012817
-0.02890254861469365027515366,0.02323793169251150286802599,0.5841928950776136275635508
-0.0311432390067680961442953,0.02661666665563229214330754,0.5793287480213905604742308
-0.03367409697288471087661677,0.02969525238602541486465647,0.5790852331451351586721898
-0.03319639924602281466636811,0.02400779993702539111266603,0.5854794179279422250417042
-0.03224077553857867400877169,0.0272073979198215361308133,0.5835421392739540413785448
-0.03738485676984299593827998,0.01892448753349074141993924,0.5838604944349864434016695
-0.03440927325981427142842506,0.0288949891322894149292555,0.5814822603400162659426087
-0.03610551778679328693844042,0.01558387176783268893154322,0.5795014121483358371378358
-0.03319079674673471036516759,0.01624643819097905048098873,0.5828450734560656210092588
-0.03381833918363662261352687,0.01922045175652405471500295,0.5817270528520227523827657
-0.03499935452304481914298506,0.01470731716213368248102888,0.5830663082419718090676497
-0.03499511760569995466596538,0.01335240804136752189312798,0.5822188829556547151611312
-0.0347551839720465702288088,0.01270618849352004101072033,0.5815668498246022721787085
-0.03391430030897894104535695,0.00952535003501408031323372,0.5795446978612285304777174
-0.03255106048582803723867585,0.01195551318331133060224314,0.5764610913233332301075507
-0.03123668670358796181640848,0.0194948815968144610610846,0.5754351967094464281871069
-0.03311658301046416924551252,0.007710743803034590150569105,0.5806233606853996587204847
-0.03363494234651760728116443,0.008391789712297485076542003,0.5812258953385986970374688
-0.03289624857262767043675211,0.009575832279276190114880585,0.5795843514441167965145496
-0.03217810338963490029984271,0.01083876571501375153661062,0.5797112877785219886561663
-0.03115193704699710866568019,0.008316138513860154776735634,0.581060395976837673615023
-0.02917837880829378741087687,0.008972851383579434278447984,0.5830296647164098233773188
-0.02795551302501973409131431,0.009342009319595181993101107,0.5819992159312781243585277
-0.0275141809589673144720301,0.01047629801331576709921833,0.5803570687680238426864321
-0.02644528248961748248535564,0.01327663554745718565985868,0.5806859407814842777284525
-0.02548418859763495677994705,0.01456309322440021460087767,0.5789929945821084000812107
-0.02527229738776357037544074,0.03358761298495115815709866,0.5784435393961649962690785
-0.02046656172092575429188877,0.02912377920686281054796218,0.5765325458177761319689125
-0.02096280205052466344417539,0.02309459942586403885522728,0.5802415011706902880916914
-0.01474673618061883746677143,0.02968322777175665810878158,0.5815387395652932278622416
-0.0185763299108891201394389,0.03626796159753752774035362,0.584371750169017323273124
-0.01338233490198504141432956,0.03951865368932008792945965,0.5777248950271036687098558
-0.01501702405697739016454673,0.04475091557387401997036847,0.5828810249781397612167666
-0.01089968570010808358861087,0.04358355483732953561393231,0.5769875989092498880239646
-0.01046686012612936360344218,0.03772343375135288334742967,0.5800008908026541565305934
-0.009940868221881291391661684,0.03865901600325019615844724,0.5782511454048196997135278
-0.008777532759948284205031577,0.0407319223908432850866923,0.578707508158221917149433
-0.008418380051153400572827579,0.04232934131084790940757756,0.5785781667669700478739969
-0.007729608833588487958043967,0.04259487714876393493756979,0.5793594937788598686623232
-0.007022095279448227478358291,0.04154070928191039985266642,0.5796035262801704224244759
-0.01043472634471512804077431,0.04365202072765131391385296,0.5770212714931433062304222
-0.006451619888582267245413782,0.04242760838190344496734241,0.5802524197979244124923071
-0.006844218798608188263077334,0.03945928143412707339576784,0.5787863269954632849945142
-0.008795322261276019432107987,0.04548951582846137708937562,0.5819395679581664815316344
-0.009630255977835844305445789,0.04535238045779761001385921,0.580910168108991653568296
-0.009775316312115988476305617,0.04320868376403510374705874,0.5815228290040422853834912
-0.01115170079212570754256806,0.03877497019295936958593884,0.5799876929002447667471642
-0.01140685061777714504049897,0.03115890086949761952905824,0.5764479755851127373844633
-0.0111702890423649881662671,0.02954666665025450569825871,0.5758837823860780691376249
-0.01142830875342480505263421,0.02710132194990035395254502,0.5766735414596338982207158
-0.01707625664862744488403656,0.02785290925702755410187095,0.5735441770942059092064369
-0.01460106169819616259153428,0.02929799793266295304672298,0.5768737353121768940411584
-0.01897663909366070766893131,0.03131188632255255815950434,0.579847028147552179255797
-0.01845223375002177229609046,0.02501805106152048610579364,0.5734298045706115454223095
-0.02130900296709103969305943,0.01659027127892364131267477,0.574873715966912057773186
-0.0242989061316304481852324,0.01592281272451573359560939,0.5761749879410646979494004
-0.02572725390661804653613665,0.01704713306377117834622403,0.5763892491086930469634808
-0.02940946766520983329806782,0.01571980470689033834719162,0.576792042793847881121394
-0.02877729338153083363249785,0.02027966287742622927825487,0.5722320295470565421069864
-0.02948106784822133660806109,0.01866891655039910891122901,0.5721497236135769659526318
-0.03089336215118539813451193,0.01855388547175602920180637,0.571574701344213953468909
-0.03197152527996181131664244,0.01932166745293135284855524,0.5718468286284110746464648
-0.03562196426705561275172229,0.01597192289783724850060764,0.5754640342378370965192858
-0.03397424898900711781601913,0.02270588726651932148792312,0.5707921276018759204617936
-0.0325506045461461598899966,0.02349138396900327108163253,0.5700081263152815269634743
-0.03366765913722380432204773,0.0249654792979372569527996,0.5700540686459352190951222
-0.03215397730678534737869256,0.02669254295370267204834391,0.5726697349660503366663988
-0.03278263785381986539224641,0.01965140618074716002960933,0.5708287259681732450644631
-0.03022083815677994306225784,0.02097592438682015572593009,0.5708762657325096023797073
-0.02643205504930729032864178,0.02920218494512114362771094,0.573457254934843896343466
-0.02618265858350979011226478,0.02882677266784073807914801,0.5711412908348443284722862
-0.0251762076677481544395576,0.03171115739661009569339001,0.5673527599609649030298897
-0.0240312654621575375046838,0.03117292700731940854885771,0.5699706759385855248112307
-0.02465651559036923998191604,0.03889083755782100915165955,0.5735019167098849290908902
-0.02370037301546627089843255,0.03919384626883568034649841,0.5722741836509779300712353
-0.02438913433933075775028598,0.04429808684552782177545893,0.5678532183882329942292699
-0.0192541058062158827735022,0.03958973177341948423979545,0.5677697522798691442957875
-0.02165184064922275400388862,0.02891085834038955790226133,0.5676473582974110865251305
-0.01946119392245519372219853,0.03366833169774711281840851,0.5670294976710863465996226
-0.02053896210551963558144095,0.0365748601982812046595761,0.5704035881883566805328201
-0.01970306228814487983780346,0.04009400753034006448238813,0.5664515462411237045614598
-0.02040625545358483103330904,0.02959234131786731350488573,0.5687849018844510773362799
-0.02287003993890696432189635,0.03169638939665525567690452,0.5654786827062566745283334
-0.02490226776914794548645204,0.02811961989115665042082703,0.5645629610447503443637629
-0.02177971889510482705887284,0.03568588488123270591190206,0.5698521003465416567834723
-0.02267419729642774009481521,0.03565810043309865229321787,0.5700605277735785181292272
-0.02337693550302006803565114,0.04015758173386521634462554,0.5700258898984116306962733
-0.01847838641328731004720431,0.03297756970098202067287474,0.563333660997858420849127
-0.0206559870182689633844042,0.02487456231074562998384359,0.5641817941364681843197104
-0.01804305406340435055656535,0.02537481804691681108732126,0.564578800636537536661308
-0.01786070789120921750714466,0.02066678970781540836121337,0.5612441754592993881090024
-0.01719479861874862944293163,0.01930638559718201793802272,0.5608128165515469110147251
-0.01420383642350733950643349,0.02098730612609770243559559,0.5624210617597700245795522
-0.01569483979169103080031356,0.0171397695113471408567829,0.5612679222662375622121544
-0.01184571598433332983990596,0.02378191824530409212434812,0.5600028893103113913909397
-0.01202880691734961766947709,0.0190993901766528285934843,0.5612328909438292212641386
-0.01104858625534078236940516,0.02198212699931163457978123,0.5628841780227292757032842
-0.01323462782516979935332202,0.02428637647650606565252751,0.5624674874760660081562946
-0.0112053794752690269453943,0.03234356075876192171403289,0.5575114542056938127245758
-0.01199516257044917939833528,0.03694130643492254256754492,0.5576156433923046273903879
-0.0115911809046076348661547,0.01834809943219461308983043,0.558707737748543986633365
-0.01576064530066075691783212,0.0289555295030719597737523,0.5620448548601072458197336
-0.01083647260467711197218232,0.02218632351029155291843864,0.561503331216526402336342
-0.009752537453971242900618854,0.02564583413679335371915258,0.5616359960305784548850738
-0.008795757140139937382827817,0.02739891375887682639644893,0.5637115574118252148139163
-0.007688905077059572483466621,0.03279437728322304873573856,0.5590850305508101580898028
-0.006689459872625959369063509,0.02904339730808860875477251,0.5608758613640866252936235
-0.007302596431583281873234359,0.03165901096353405247407764,0.5622504788655275920206122
-0.006832821530107355788297152,0.03675689776228341365538199,0.5557531896862785147916952
-0.006380187071990884445371606,0.03989777465662204536389623,0.5572444093505005691113752
-0.005248015845238557068597185,0.03722634360121608587679276,0.5571114095314524394808586
-0.006038206428264393521576636,0.03883374305883476040879287,0.560635378524969363311925
-0.006342305743640373576208713,0.03932729098584303306651577,0.5543999502561283154733474
-0.00231428679962433726455262,0.03254437310092523488735949,0.5594599636673689424526401
-0.006774333977904798374802819,0.03145752826604113899788828,0.5559688638910005309412554
-0.005620244664722252869726304,0.03823536286114757182241775,0.5535965976089458617792616
-0.006150513106903559602811615,0.03330625337625394560836511,0.559095832047717178348023
-0.006714852750368893209709231,0.03158776630081900488322688,0.5572800617073513373966875
-0.007548859385734019156188879,0.03197533481846701053363802,0.5577817502366207991215674
-0.00978735365095259948753359,0.03052693675847823265301351,0.5584532771263098771541422
-0.01051892743915605263338442,0.02876267933468151447029548,0.5605442480005962124778307
-0.01227523929258450552381987,0.03011408072636081317829948,0.5581540762054504334344074
-0.01351686532452793000624869,0.03236950950115410896579249,0.5622909849963241279979798
-0.01414516422614363853893504,0.03119237534652028950854508,0.5625747660745515910107883
-0.01427868953938538944259395,0.03008932493733258023427268,0.562876975677653823559865
-0.01551850717676033983294381,0.03315850115860314445415113,0.5576582310646110984819757
-0.01538535474515068460221734,0.02183207927348094351538421,0.557646927145123094682333
-0.01561486255557538276039775,0.02030781817194831154194112,0.5574886739326130324911901
-0.01548280310683109069203045,0.02321630519615078963591159,0.5585199895162864525133273
-0.01620633179508562671244931,0.0230115366729463852180082,0.559196234225696642283765
-0.01695890620501352280546925,0.02399721579410328542447672,0.5581173917458533972890677
-0.01447837952601997019153046,0.03330034612502714291837336,0.556828008364442128552696
-0.0138662609022059124530557,0.03402158687525250191363568,0.5566651856674805776137305
-0.0136142070737121489293342,0.02000603768623925721170664,0.556097406278690531422626
-0.0126973984987734343776733,0.01908881422168897529223486,0.5562045178362891029166803
-0.009434435751501131853236082,0.02638007641330018804293189,0.5570115849144904318634985
-0.011114423228155341852319,0.0230764610285738164252578,0.5560601964360882831783783
-0.008793823046599738915696243,0.02730963323314256063767402,0.556634020894412273605667
-0.009384744870066942523667564,0.02795660378824504216366265,0.55977961435017165037209
-0.008158894924167943429882399,0.03017497683091916599318338,0.561492631188851953893959
-0.007842786300731669629771048,0.03179331882061826874963373,0.560871713876571753587541
-0.007606669086114914608842685,0.03667467965988618211481409,0.5600877425099551887299754
-0.00805639537350390233516606,0.04357811366010284903627081,0.5564192602621585992395126
-0.006704718318084892762775961,0.03996938246296669744461738,0.5556521148047915970025201
-0.005924312394191051482639221,0.04129469738408100831783543,0.5545919440422801827139665
-0.004183394571770182417125294,0.03928579987452014699034208,0.5565306368560059002703611
-0.0028926864618998445431719,0.03974415339034896577086187,0.5564912599345939181461063
-0.003165861583854561334822053,0.03700732802863695297679314,0.556127519241276235817395
-0.003056649170386525459636173,0.02544067404511636890096504,0.5576306631615444153737826
-0.002592941052532206098329981,0.03034749841026412875422125,0.5614214942936520680305534
-0.001415901100394658957554173,0.03384912830145086343192062,0.5615091834481625854280651
-0.004195928351137390675817951,0.03993248012912186534206782,0.5574124276129747146413251
-0.003048984598358072100471317,0.03696833359973530908071382,0.555970086014954345543515
-0.001444193811168524577137617,0.03640576677805675009924613,0.5569249599772930769958634
-0.004542090882927396489066041,0.03431656060033811544984772,0.5592452171651651759987089
-0.002784172995183575426841882,0.02489944920068352246511623,0.559512774495468212521132
-0.003818648538900304596765967,0.02622066487084815863961573,0.5618030108474650896610569
-0.01002249616757218755869197,0.02971410521183503322673047,0.563345573021610812602944
-0.007180372060180877612223238,0.02572058663000659911590517,0.5638581265266695563553867
-0.01296031107678789588699697,0.03239855124288657656217438,0.5578957028991081701363441
-0.0136417105431884712329893,0.0216756688773264184766365,0.5592209156813926496099043
-0.01319484894473638494916123,0.02731800825240361316192939,0.5586299253010458265578109
-0.01266788859578008540063276,0.02758295179652873324593898,0.5631297861605754073721641
-0.01661394386438910103498401,0.02643532742886567712958801,0.5647642773407491878501219
-0.01785186049360767968074981,0.02194222070786243025675155,0.56115397151076273907222
-0.01721980240377350354630259,0.02610233071615703989709623,0.5612630060121266417638708
-0.01924848486037481973265351,0.02315754673176418851343605,0.5599490712995381924699245
-0.01789120846335936695914448,0.03125156289483928956363101,0.5599411993122508368614376
-0.01977273200407304518111395,0.02421736967560202472005138,0.5599219486056192796041842
-0.01923528786280979605005648,0.02467487451664149289420891,0.5614240477249603511467058
-0.01894770646083867790543387,0.02931908669200587042036332,0.5643734707991179266883819
-0.01692791796416964408833472,0.02769110205596832241514704,0.565850298952283226050497
-0.01741771962415208235830377,0.02570069257512872656912251,0.5625921116680919764618807
-0.01338107565272562450575666,0.02677653742812397680284064,0.5624502660990560176657027
-0.01234684802925421417962859,0.02600739755569964409276373,0.5624425523730947062972518
-0.01052628540817362318149364,0.02923025269252468513747623,0.560469097060487864148115
-0.008643861663190310906657032,0.03723901014709337514707599,0.5611028754794991080245836
-0.007706369760142921070122934,0.02778949321224376614591911,0.5629232223956079916860062
-0.005929139541010381396490825,0.03695114708358870209137237,0.5628254810841284427880282
-0.005624191297563215993782215,0.03807168780157296067434558,0.5622923849159613407522329
-0.004944506861629064525809341,0.02327952920015185361846122,0.562340012448974024827919
3.102660484437341591309675e-05,0.02830678380332414534326091,0.5634157640370879294167139
0.001169701958234992860211077,0.0262814940220773562984391,0.5625111239733516788064094
0.002352026542466103403716815,0.02486039696900594481165925,0.562809504787924574920055
-0.0003441193570424191114712209,0.03326692715597216742917652,0.5609739974047149857483419
0.002810979986385288027089802,0.02787696839318097585813661,0.5610616185912503661725736
0.00370608953951572991925012,0.02361140848200788538990835,0.5632503776000952200320171
0.002777726513177245382807401,0.0286466653667194239007987,0.5629588740364040999608619
0.002740070679802611170600146,0.02561949392599216154819963,0.5620669885890763328717412
0.003259138795093737776126241,0.01917074891119539478689937,0.5655331312192438675268136
0.004569063082524761273961467,0.01616309149270751810423263,0.5659025950994452935916001
0.002539059602245557004107646,0.02380686752991191534878368,0.5633244524272200681735967
-0.0008350249518389150525307651,0.02656605129629569309046566,0.563591962712300498239415
0.0001333893775512745387672869,0.0135122652744603822388969,0.564229895460280461705338
0.0002673608436884105992933924,0.02185624433266797686514771,0.5619299271986751831420293
-0.003660374142296541830066126,0.0146725942461131877297964,0.5630607903508558775840243
-0.009065042054212846603378217,0.0127877458060374014220395,0.566597620205284258076972
-0.004207460034110196110679336,0.02699800319645383195332755,0.5656306679137361737019773
-0.00408026598247338955632868,0.01953109909575159036654313,0.5732765456490377387055446
-0.003838866457161683315435496,0.01348537710965608607538435,0.5684669446265615544433558
-0.004535325757771171972798641,0.01373005730645986827154204,0.5676951497734580298626383
-0.00764471335029559117407727,0.009653396182145120019146844,0.5657076885748366645856322
-0.007930151876955350218056928,0.01089203399150570454601006,0.5645476056056214497758106
-0.01016468516178127903804018,0.008698836422072905860680692,0.5635686577775733674400271
-0.00811396029180330193020243,0.01190328693344392188557812,0.564721000914869764031323
-0.007670537638912722049056025,0.02184199986724658787418107,0.5642110281229972823524577
-0.00660361400378002994654425,0.02463430588514263497312839,0.5648826415396136502167224
-0.00550104712261246901749967,0.0182313052024913324622446,0.5686248705027465710770684
-0.002537927777229236417366742,0.01944020263767587408665349,0.5720651687334803447981812
-0.005877825282725765258795558,0.01772749962562413308941878,0.5663804281954493147210883
-0.00233397342400379218321782,0.01866759674693407866641337,0.5672846907834295793193746
-0.002651778630731132287839946,0.03120981978807665230268853,0.5655021678522840211655875
-0.003723235030730751363159392,0.02580865193373774874041615,0.5694897224661583656768471
0.001482235608544298652647364,0.03124037458556041743640286,0.5655355469667431300706539
0.0009204848092244393613706177,0.02607027795755065963101416,0.5650393075788483487897906
0.001949509555788140214432902,0.02502909174911497128257487,0.5661727794030422256099655
0.004710171516643007864899584,0.03812058103261334318645481,0.5648737577067930448748712
0.008379056089506588950177601,0.03373352944694353594545788,0.5696746440875767314437894
0.004701596802955506498866711,0.03441857505992411414563747,0.5664291692021987678629102
0.00399541336621902273135154,0.03393698640589826870384016,0.5658700289864749821688861
0.007155981853955998422955886,0.03255212649038942418489029,0.5685728552743660735302456
0.005275622313037181022876698,0.03406962399439812660961735,0.5660336364697432509629493
0.004850242961062573542052601,0.03393864791308331962937928,0.5660137893859512603356166
0.00456432624142209027867656,0.03792889051519485188457281,0.5633940194608518803320862
0.004922713618209480571086267,0.0328123594628845910436965,0.5690125096823123174161196
0.002086661694352064631841071,0.02992100946886037254879298,0.5698357313163672221989486
-0.000289165337071547188033116,0.03938592877866148311838401,0.5687559322854124355117733
-0.002391602325079741821894919,0.03655873130113871521951197,0.5740743672683369380749241
-0.002178809818524032274750235,0.03392676505774364775769314,0.5690393830596518487396906
-0.0006562459889997493541966,0.02670441625070446925449552,0.568388706110004360283483
-0.001834534365085062953409922,0.02314643405505435735936004,0.5687368655585017807041481
-0.004494556271484353472678297,0.02121229943880100637931818,0.5687335010960075099006872
-0.006188375362994684089623654,0.02081542999943200231149909,0.5668119493256349450405196
-0.007597858942078262491082175,0.01878354658146118988382156,0.5672395397422532736797507
-0.009287338379963427925645192,0.02067496364089481397652293,0.5674728982384578124253949
-0.01168780146629913238576215,0.02598751612587565928969013,0.5668905489522657603629341
-0.01491170617911512404074603,0.02588751926176486445330127,0.5643816574407715114247708
-0.01423692530773679534861209,0.02209200714600246043262111,0.5680375803371838783206726
-0.01512157952618045815562642,0.02199358765986323890895271,0.570256755379638380354379
-0.01632022130072503102171666,0.02314896268440528107057652,0.5690372789152051691274892
-0.01803667065293305601936247,0.02038558707667122854578778,0.5669101470736771508640572
-0.01701856754323903889170033,0.02297516646540261053832666,0.5674526808237864150541441
-0.01663761414395410059841041,0.02668499848909739943780828,0.5688213516644045064651891
-0.0188261920751375197435884,0.03653886218805453556246476,0.5625396832671425428884504
-0.01779501187935847092425057,0.03639636800030189578425421,0.5647733671702949154180828
-0.01785425382988467188360993,0.03754748559106050459499571,0.5654926830572011287046053
-0.0168347699411068550678916,0.03740131939053050608157136,0.5632954635820346389607494
-0.01759059876840755529125992,0.02869050961577562786075646,0.5655881020863993136060799
-0.01537574365562252229344686,0.04215584507081322762633846,0.5622282706776018379457582
-0.01418078762912674574414584,0.03427612031078768051184369,0.5649940094446689320406563
-0.01435536941606004382454564,0.03333904048459834790207879,0.5656172521045049750298972
-0.01391798575529164944120097,0.0334381836589641504020598,0.5642443052362758892925854
-0.01462369635137265519442273,0.03344664709758744802758912,0.5635461888756244652753935
-0.01212808710353666281911433,0.03520958531217743825436628,0.5664943492310408057477389
-0.01215667754220579703516858,0.03847913428789104250959952,0.5680892292456777292741776
-0.009792816041815421979066514,0.03421522208806999920671643,0.5682511170784967369229435
-0.009316674845690993411739811,0.03411055158237580320346183,0.5702277264824320290870219
-0.008594807926584941901171355,0.03433888785009935051828478,0.5700557817435990548560198
-0.008671710096692538533025285,0.02521947762833260178738648,0.5667798968302544260211562
-0.007445707881491524932071613,0.02306739400246113347314747,0.5643664917573614214774125
-0.006212815095841916004926198,0.02893784635761711618306968,0.5611443917370261269539355
-0.005417863159099954757647044,0.01877162981983826126053394,0.5635738279421851348871542
-0.003571005735950472798068134,0.02368972802293831808606583,0.5639261908400602374413779
-0.003739869023823798235145466,0.0237310887258777199193549,0.5649922958058335442643738
-0.002439834811044765301712989,0.02537790092897532559512719,0.5675760467061087277684805
-0.001610028383431409346182583,0.02237378973016715399957377,0.56392630040800584279026
-0.002130986343835009587388551,0.0139024658879305616776545,0.5648579452325819261204742
-0.001555478845601340146670433,0.01494052486438363948340058,0.5635530067971140644189632
-0.001489883871137717523402966,0.01250361692712488592693632,0.5635472873133695603797833
-0.000655798489458384601183405,0.02306916154584640402114282,0.5632879719055222667023486
-0.00503383111798201988290602,0.01906983832741774784191868,0.5599255236080357134298424
-0.00205495029715976537665334,0.01713993783535653486760353,0.5642575654943968732624171
-0.002931827802496056283032555,0.02788296278813333015089704,0.560506850821335889101249
-0.0007695844820619442052528347,0.0276325268237722597441941,0.5625094086299717854871005
-0.007739119136345015172173678,0.02495606305916780662257359,0.5671902476338441800862711
-0.002840525211352393913921688,0.02212532232977639998217079,0.564667585121540027692788
-0.00272301599967058943416176,0.02194284285055614694415205,0.5643490111908182615962914
-0.003942086219653867171230921,0.02476260118087713138490535,0.563565999827949193345944
-0.005174452595509733930645435,0.0320041084540172646177858,0.5629103851527548219024766
-0.006715920079338226315879279,0.03701489352573068825069669,0.5617587326269568581693648
-0.00684093714878735055517911,0.03720016599248728711435419,0.5617634429057196676637886
-0.006618005593477170774019402,0.03721235529039371853210483,0.5637518822778444516075069
-0.009617440404382783872283547,0.04292309189741844166476881,0.5663710603807797783204592
-0.007751057035265537450974271,0.04272607438309519722885454,0.564706730573201309830722
-0.008272277484623275292663358,0.0395688822655596433852665,0.5664212589834839439717484
-0.00756297365946823150345546,0.03995102377417661387859482,0.5671771838358214967712456
-0.007822827031757637397668681,0.04767031833350812708438582,0.5657449895219845981131357
-0.008215228645427794310074354,0.04634100676423360404276863,0.5622915755985353758461542
-0.007650013331290382058436084,0.04565604133240334233656554,0.5641048120992560033215568
-0.008797663921921317770058479,0.04260760007298273338571803,0.5687193506924727026685673
-0.008384161844344206748758097,0.04041905790525252006872847,0.5669307983513489634930238
-0.00941401874225550501507076,0.03824174229030405380846958,0.563445361172463798915544
-0.008026727913134232283987046,0.0357351037316374145480502,0.5634719765903927202188584
-0.01285564466459677979148779,0.04691221559186804085372913,0.5663322966341591824246393
-0.007123359663847823181059837,0.03802551665176414491531531,0.5603186105166769737095933
-0.0057885188301033422761388,0.03499212770236465736006792,0.5604820321543390049257027
-0.005179818388357757506790247,0.03276851107178500172034674,0.5611695011792761089708392
-0.004342704713523523434026696,0.0265840648015831654271679,0.5601527775651297114123395
-0.00502839241896172774171081,0.02621531932554433882986977,0.5602455919861409894267013
-0.003734484612634654532303813,0.01712565645356267651777671,0.5647773732216819775331373
-0.002168991952711802999320678,0.01322367889778781717413647,0.5662941509211864010708837
-0.004079924383938662510451501,0.0181501328508332712696749,0.5674288968168900160193857
0.000101854057740966973556046,0.005755142325048933499287429,0.5627999835219128499375074
-0.001577183883764807876756708,0.002401494719489107292770269,0.5603638875370587912883025
-0.0001796776989772011729005335,0.001922202035485211582543918,0.5620833376854391660870647
-0.004004155922899761514688333,0.01059342143324213530997113,0.5655198999452494268425085
-0.004643209379214395700341544,0.007122418451527473548523517,0.5682958762795484730645512
-0.004156901750944178540458918,0.006167304139632149781458104,0.5668913007945571846946109
-0.00276415463101284874722352,0.007975722476161762122814913,0.5620501487293692033375692
-0.0005679427911944533689803105,0.00421548098916297523525154,0.5595192687198954351046609
-0.00338930732891993494876326,0.009822477456542785811954843,0.5626830676559759769617131
-0.002679104645660427760911482,-0.000275395097648275155501757,0.5610192464365130193826303
-0.00123454648919501608697602,-0.002715000104658593822748447,0.5603608910350034166825139
-0.002558356030234140189583147,0.008002404159326910459970605,0.5581495917862835387524001
-0.001798157152158789571713693,0.005629350042294136054199516,0.556651019756922327275106
-0.003090651285508428346149312,-0.004144355204771799951191102,0.5609486424109416669026018
-0.0012274494685503450387698,-0.001150789761554644151375637,0.5613246833500051824472621
-0.00165438350098813351241045,-0.0003658749280353280832096818,0.5604690291404934576746655
-0.002204043449409318067289121,0.001029082264070694521448934,0.5613050695190689998170797
-0.006872115903450182541889468,0.009522985522730603030749919,0.5639964543372865124482018
-0.007915207748949975447017025,0.01773675230928966131682678,0.562756320673866272663588
-0.002978636930302381354701557,0.007275506836981701988542603,0.5609303902916501494146928
-0.005425468588191493038430657,0.008416256377128754004313116,0.5585837256699672792592537
-0.00419196705667332965988825,0.01362929559688375383275094,0.5594259009675914828818577
-0.005965494762463669463359306,0.02399712004527944017584495,0.5578662136803596016676465
-0.006447367163528307937303552,0.02819489881752073115461776,0.5573537191778813459919206
-0.006739978356579714308116635,0.02593920114595639481169798,0.5588855685632657666062073
-0.005881631382135201098482202,0.02178755054985709316284215,0.5610830391555686746940523
-0.007444898724213722986109421,0.03039511037426506634417933,0.5552315404026620937472103
-0.009460705210036397805328789,0.03855153204048489268274125,0.5599312745552815773208977
-0.00832503414556389972900341,0.03701119477864113493925657,0.5586916001308911416955993
-0.007324189988255960619134566,0.03550746411447221195789581,0.55665027449291459848979
-0.01053041781114416423903446,0.03851383244890831114570773,0.5618496159425699909562013
-0.007236331632076775828565918,0.03702197728862417769324367,0.5554484262887963152977022
-0.00558200030666692378206184,0.03868253206448933612104923,0.5574430542904256213887493
-0.004443150361877254601872256,0.03646944425349702562089149,0.5556232060710515341384053
-0.002125519574699064138251225,0.04159293905262798074495834,0.559423792763215521617326
-0.0006262185293308453236729716,0.03436237179809962377641241,0.5610603377412202164009614
0.002232458415914613612113238,0.03270508767961537860413657,0.5618678455036912877673672
-0.0003594954517843865801456082,0.03925172015193804236909969,0.5587367806286143157024071
0.003092004374755357148235602,0.03128905437570358299970152,0.5550728805502610496702687
0.003926102340955749635253991,0.03279606846711703715957498,0.5549246341098148516124411
0.004043364196487399947477215,0.03029414012826762980790107,0.5573257758368290737394091
0.004496300741890442258241745,0.02457804250081851299425395,0.559133909229008074781575
0.006019217467550084035843305,0.02106282865045779051360597,0.559021516179955768599541
0.003257092885364567744210795,0.01518519330782408700841746,0.5558726828100698513779321
0.004416119139212503971747559,0.01971822639190358439353901,0.5551661330443198316686448
0.002228324657896675782542406,0.009797868787831537362720269,0.559877184499454894073267
-0.001205028743439674320664379,0.01361234169544281100150407,0.5611174998327560503597056
-0.001677231081914913168179337,0.009273304407377483751795388,0.562339665374887331950049
0.0007307798194344996157295613,0.004695042020042271627144892,0.5567553241478859771262933
-0.0003587741925895811278580949,-0.001370675369363893439031421,0.5526611695173097027478093
0.001331145618383587549832248,-0.001019607464293426687257371,0.5518180855690202335495087
0.0001635789289413798984745146,0.0009296360716079858860574903,0.551779861408710159409452
0.001347327438679560285272885,-0.004530589166590915338461709,0.5567830766913767215342546
-0.001640226090356296717240325,0.000598210589905677860879385,0.551142185849139543130093
-0.003068754710043782377160149,0.001013303760756743528495538,0.5506554826494592935759442
-0.003886222243101077403193422,-0.003347261622311233173615586,0.5547909146473941621735548
-0.005247553350771662003526608,-0.003267838067353595696978852,0.5565844353102104014041629
-0.00546725351350959166280008,-0.0025348983623958406055654,0.5555778817821979131963417
-0.008341770592871616471497553,0.01036136866182128107860549,0.5527470245899772649522674
-0.009785709512604795490275933,0.0106865929950919306967716,0.5550434359499131220516688
-0.007366013209906860370601578,0.002958567204589658203306435,0.5537243726165400614647183
-0.01013721357217675297923698,0.01515695058531710444349461,0.5522948677323444854891932
-0.0110688160819552294800161,0.008216223849304066240151201,0.5546338057436827062574025
-0.01460029659748622588022471,0.01444712601976962627892132,0.5556320701322909894059876
-0.01798150019212756134390219,0.0247127665616143528393156,0.5585611673126784637588571
-0.01728493285816725538728278,0.02577567276734127679760356,0.5504907180240595776510304
-0.01727873879144098401283713,0.02656525953785004653950885,0.5563525879773824067697774
-0.01928462491575985357505907,0.02578621947760684207651138,0.5528506605113883143332032
-0.0183885465976615022909435,0.03314648856561518835972535,0.5507052933830992591524023
-0.02021439151497456468420388,0.03623385219458252759494599,0.551007030512366879904107
-0.01685689772008479997422725,0.03254356075199199560543661,0.5552189639483794403318484
-0.01936889039720379040998566,0.04322044742039474196637627,0.5513619599341972321582261
-0.02084077161602167910237071,0.04958757921300523813235017,0.5505404480894069418894787
-0.01542613144963080919203069,0.03908621464760137637073356,0.5535873667794850572221321
-0.01590443268910340934851888,0.04561228128024891192993096,0.5538094895589810162661593
-0.01530497828681973843112374,0.04458656957273646193051775,0.5507306985353149775264114
-0.0122713590831412221182628,0.04481828283320777456255612,0.5499672535820093743907933
-0.01196154873532214064912882,0.04116120749960454350269146,0.5519736928234697526107766
-0.009588706543270462262507081,0.03386418152553138938287702,0.5520751219857124025836015
-0.0143633948490249803431329,0.03761877746943392830658581,0.5538728358431060927458134
-0.01060323693516860774077593,0.0398913403945937786176934,0.5495688936988084583035175
-0.007672432060847747710419231,0.03576835037161300162589228,0.5469167988918390843622319
-0.008636625971318964700706999,0.03557448969492221085841877,0.5551507262523768249096179
-0.005638234701017595315586384,0.0261130257965408348053149,0.5524013132489672406322256
-0.005562817715642143050203128,0.0318190066755751760352311,0.5529387173969427804465226
-0.00765886588890350369918103,0.02184578580180360565798914,0.5509642457108240298779833
-0.008324977390434402588215157,0.01699148670665412766411784,0.5495014948567599200046629
-0.006169202616265440086706917,0.02394540740019523647474919,0.5488616484136777939895069
-0.007243618719082203782910767,0.01506379708831291457105106,0.552352239190205707153325
-0.006706851029450457482572467,0.02041246665701643842050217,0.5516896669352688853393829
-0.006034250302496708788513313,0.01585511816198276538458778,0.5467607563267035120091464
-0.007643066919363044470214774,0.01517999106155662643324877,0.5471407337915920043869278
-0.009423267739363368200589122,0.0213020357119967120029802,0.5480845292450780004145372
-0.008835452389034801484735127,0.01439802711404121124405542,0.5461106448136867630438473
-0.01197195768605955300267762,0.009856781525781399544428041,0.5504008200767375180717522
-0.009868445497809862770877132,0.0185867345861928864869661,0.5495029264920221478973872
-0.01475650225751756229597422,0.01730701502231376739948665,0.548148857906037956233547
-0.01029881006287763738071828,0.008087321662268479385837772,0.5475923028311086016017839
-0.01200395065955193671380918,0.009197720025005174521171014,0.5475090424280516510080474
-0.01745570003260121794141924,0.01643435303894372201405361,0.548059224210172168945121
-0.01924167414366739076170276,0.0172820574704498908236161,0.5518386778041091123014894
-0.01495367501984407564152857,0.01419813762475951278430042,0.5493620263337057885166814
-0.01839922742255777760034263,0.005439416257387535633127662,0.5516970902974300816623554
-0.01932689219833431948369906,0.01514851654708755483713656,0.5480093517787573142996393
-0.01642774075242660683504603,0.004106074999535538894157582,0.5517535003371523139037436
-0.01896527756978184930947151,0.006970438198105197852294523,0.5533589994849421600520145
-0.02181208563722602383760929,0.01176763015150768774963463,0.5560804076684904284633149
-0.02196551532307206011651601,0.003492354237083690384618739,0.5492264708077816415254802
-0.02065669823376244107482336,0.01226664839573180995624391,0.5552953342159876459760426
-0.02622229710136013414167877,0.0186955341650153587795824,0.5514117178132212915286914
-0.02420437830596809322680762,0.01777391758376839492328259,0.548067426182980321769378
-0.02839675818368110615796951,0.018905155999950531975351,0.5519017780680272045046308
-0.02707615980330126820296854,0.01677298106683796155569333,0.5566639599587064335395326
-0.02480383889803495708892278,0.01312427886626145456805403,0.549183796459570494619129
-0.02302010866611349168553424,0.01335184342367856831501616,0.5560598975209102290406804
-0.02428806525277505193316507,0.01398914460222169635350564,0.5489314428809451973378941
-0.02420181618231286718723183,0.01275253615178523376727515,0.5532358957486674944092897
-0.02228669726122504621268483,0.01336475548996724112271739,0.5539052498010339498080157
-0.02172185905020770219087112,0.01506439988395626497497126,0.5532695740379185433965858
-0.02105742671697018175702709,0.01392567514462347832981948,0.5542992763860455918134562
-0.02127797673491007082735571,0.009946682881427210826119634,0.5526536862133202276936572
-0.02204215952269850120615047,0.0212460115422319698041953,0.5535422904500292284879492
-0.01580403366323366101675596,0.02413691745180027853345806,0.5531219691078994582511541
-0.01627006386419585851066394,0.0211091758349625478741185,0.5517037356634059142024284
-0.01355641745076153342752789,0.0152044617240372215150046,0.5534115925293995319478313
-0.01347856153518920199751996,0.01889163553203617590403596,0.5529480789135772234033084
-0.01248363322543240977458012,0.01544832883517247706928188,0.5547273550054558910460401
-0.01378037482642120205300618,0.02235711453842717175155563,0.5531693047719659084293653
-0.01233616211734605942751397,0.01480832011951427329421449,0.5525500031856357407988867
-0.01013974902586467496945488,0.01131148427085905058819826,0.5515403533503669963877769
-0.007641205903165921263509031,0.007531888705673844483512447,0.5560843954659440147025862
-0.01243060890904450731253572,0.01800093904840547459622613,0.5540421155589783097639156
-0.01258007583837834376938591,0.0184522974541590570329852,0.5565364439180165989640159
-0.01194190335560420430927042,0.008726087688239257678102234,0.5576038421218645346755238
-0.01245263698741388286306275,0.006519963382646894352323574,0.55663743688100353335102
-0.009590046444566313957325043,0.001261056053719398920356931,0.5560429043768849721729453
-0.01039892964442998973817467,0.001846516341618296020571366,0.5567523605463263747239466
-0.01349618499757467872390837,-0.00260817527562869511809085,0.5544149088888375986883261
-0.01279734804567914455142308,-0.001429960041674109560982942,0.5528962137162781731447581
-0.01100106171296298673834002,0.008534572808772851459924169,0.5543039464107860636588043
-0.01108881151894638809884963,0.0007891760125153102342285272,0.5572135537221494239190633
-0.01201155748930161741572231,0.0008643406130218329571149316,0.5606776575973754228598978
-0.01754151923096559928527682,0.003397635050103948312072433,0.5608212382056686484688157
-0.01445765665172996615461809,-0.00423937619854056028934064,0.5568443391710313772335894
-0.01277898535873298220544303,0.009134975987120862520041165,0.5543472994361228201043446
-0.01443312022449734152718115,0.005338106905760041202835264,0.5548180292195815654920921
-0.01537199405287172776501947,0.008835076389998161236483121,0.5549907397619976423541743
-0.0130875255486926408282633,0.009480010487814853267773962,0.5556041743105003538616415
-0.01542845006628773552037615,0.0115837242101202980010255,0.5567194710379280708778538
-0.01769796007379204755283197,0.005644359055484449334827435,0.5616799314284675048725148
-0.01679241965817325141219207,0.004063209768041625875867329,0.5616896745378447963759072
-0.01829333222185262203263179,0.01808086121288424857889154,0.5585220999226703231244073
-0.01656768164926580855222937,0.001951256550704064118839653,0.5588497143542435763308163
-0.01814571267019890118965542,0.01461749545807691612331336,0.5574745934573381855869911
-0.01668034886287703827401074,0.01929088106980669445333909,0.5574674542095633400506927
-0.01617971778769685536891743,0.01122845749305147883267963,0.5592234629944479173957461
-0.01822836392878731184841179,0.02017110705071353468631479,0.5600310775235115556824894
-0.01879345474728830872601648,0.01075590875635456557246616,0.561539645544079646377611
-0.01824231607792196202533219,0.01478083939635992799521702,0.5605416735126738103645039
-0.01943790762133352362228678,0.01407383196594044760807662,0.5610962470526786871616309
-0.02061596658210074900496878,0.01276745223194488201845509,0.5560061021764888256058157
-0.01927704525473181162986691,0.01440586027791695283850615,0.5605611453826073731221413
-0.01669395730334118088666884,0.01715221399620727588120062,0.5578544658465905969890741
-0.02030582604938950194717329,0.005288189584337822483905978,0.5577908474322814669221771
-0.01805752726556063628149396,0.01335968682260478546108828,0.5553950385084284180337022
-0.01632129196182939556702962,0.00912260005467517218202822,0.5643947455011021352433431
-0.02115889762986718908299721,0.01651644000661841443777789,0.5561974194076649835594139
-0.02125503798611417388686462,0.01785300595489627828449386,0.5570638604730324683345088
-0.02071615741052009948552914,0.00456961150757826707613507,0.5580519376037759160524843
-0.01915365878745158012552707,0.004715456045050268017726491,0.5607448186951916602183132
-0.02129584192998528260898361,0.01439486190315166815045789,0.5574913885053730533414296
-0.01730749775987830418877422,0.004661135284148063863407518,0.5583469111658444505863486
-0.01840506444230531959971309,0.0104361709582940376944693,0.5563971860961616222596149
-0.02197566872963231665583095,0.002329024267234230255452232,0.5580582364996538036194806
-0.02441242048635165057257623,0.01176999115056714430294083,0.5647599834790554274022156
-0.02187037298306705734862732,0.00756414927139665346084163,0.5639392607684604596940403
-0.02418645439653983528205394,0.00894383492758348518092415,0.5641624909127933573671498
-0.02946751878151515277592942,0.02297172629568323271032071,0.5612727682567620890452531
-0.02568564439151588274512505,0.01157025335379338083774403,0.5645219240217890233068943
-0.02711080834117945634331726,0.006699893205139991099461572,0.5621004081756768577804451
-0.02513370748833206047567757,0.01753250513283100345263144,0.5566722440813370864631793
-0.02881936611962161720601472,0.004630503628163840611209334,0.5575126430077076422620053
-0.0293729614474242291255468,0.005339579216087528626411007,0.559269472658456612279565
-0.02884406326252592078773773,0.008202900761339624105539237,0.5614279166598670212096067
-0.02780472895726576743058445,0.01323890419192512782342597,0.5593907571681676627051161
-0.02899104585683776394433586,0.0109672691611716350418293,0.5635793393817719598715144
-0.02638796174577271239081178,0.01256427606534970577156773,0.5577407388895523343563809
-0.02714101656349353700048432,0.01009225803092806544869475,0.5638747063814030235917585
-0.02568262787373782815580903,0.01265151900014867790422723,0.5606188715753830376087308
-0.025217022905254845438483,0.0210821385351467570357098,0.5590467750246657097079606
-0.02517238887010132472599189,0.01361642628043967240270007,0.561929718401901645563612
-0.02122972821085697750498333,0.01417615066533329387654661,0.5622214660630492355508636
-0.02338698900007098874231914,0.0171455305855592148034372,0.5630361132136675328396791
-0.01911780059230877917841873,0.02029096182165154166332499,0.5639836842785512782683099
-0.01727071493446203157007268,0.02269438745949217337005699,0.5615640465126258140671212
-0.01954270987544777862798817,0.02293003846866976253027204,0.5614618430491188361131094
-0.01613568332273963498724179,0.02672721248087930878689633,0.562028618413136782372419
-0.01544285612727878433114714,0.03047381540627819296318535,0.559812255888307186424413
-0.01578363718131623252838303,0.01824428405633888791714803,0.5607030810347310989527614
-0.01382645610990317248945036,0.02678499926149955148724224,0.5600303396371238973117102
-0.01505972638530487899000132,0.0242664396171165287763305,0.5593173546475668223010302
-0.01550300998281917488896831,0.01849922673593301300498659,0.5634176528662591110219182
-0.0158011249563852623767346,0.01881315766404115588650292,0.5619971314179668109289878
-0.01809909120615402211562639,0.01516786914456465761025239,0.5604661717803336440368867
-0.01428296965391144188184391,0.02120126190898148285657321,0.5623025809226638305204915
-0.01990754112829085445413035,0.02573354899415151303410099,0.5599929965351511107485294
-0.01854568624646883018280974,0.02018567822875496145518248,0.5601819542404460339213301
-0.02081394999088554201294166,0.011954571183308343104712,0.5601470035289572990677698
-0.02286479872556211948020355,0.008714769532588491351976501,0.5602428750935278811695639
-0.02248874416682876409279146,0.01847809124713592140998308,0.5594448503281244100548975
-0.02328492250314668707278365,0.009688962788751516105878459,0.5622206069840249842428648
-0.02702515112074058839519708,0.008316457843362485072291612,0.5632549569160510971599365
-0.02711739854842240560195421,0.004965521319603227214101171,0.5623096538842521363577021
-0.02717536914592479091457022,0.009855800625688365332321972,0.5647311471562438400795259
-0.02647383360170559724044992,0.006964475962628337638027354,0.5620668141300538822591193
-0.02958640098830305972810173,0.005816225243633091519790401,0.5604030233135640637343045
-0.03047620494464114981880698,0.006173706768296133469420273,0.561964580915434663843655
-0.03169228091387516627053245,0.006057067587600282847215549,0.5615274941113488349486715
-0.03110809128503740778048936,0.007133534164987550066361344,0.5608908009489345092291046
-0.02922032419234398686880283,0.01299620366422328879285608,0.5609224675401411897013304
-0.02865209010558607966023814,0.01471036077611801232145616,0.5611677901275001767444905
-0.02928636251318251018660455,0.01301497899887809651942039,0.5585692497715385451684256
-0.03186852525206286534942279,0.016652447235896011834555,0.5555761999858384037054293
-0.03077043421716607954352618,0.0225334253411697514601908,0.5539452230172750013537097
-0.02854083642001872811455598,0.01544764836648074290970101,0.5575839992596056671203542
-0.03086281716923275700303897,0.02233952178518793310613155,0.5539346221213100607272395
-0.02990731845750053963239878,0.0268438041325706304440768,0.5553981150643523267973478
-0.02897788874941809034169182,0.01875276464637284923320237,0.557220986508439208861887
-0.02944058736431732353766577,0.02453670095948057294776845,0.5546089919869165996146876
-0.03030841726376911487994548,0.02325012359879817178121009,0.5557537743851499456582133
-0.02897337505189003653560675,0.01722869656559141218754583,0.5587111050222088870498283
-0.02948538422815170575996824,0.01977821574673695875778989,0.5580975632170686040467444
-0.0317839836299141989539585,0.02303097957475375504032833,0.5556328769893339458718629
-0.02903480577850091684521949,0.01502311474219691390941112,0.5531175660156829598790296
-0.02423759977899767048548085,0.01704568075183254122206833,0.5554338229074178290289865
-0.02472915174173931709966645,0.0152747650032154548560559,0.553421976745906207817427
-0.02463332766601170759068751,0.01993502982040735310720336,0.5502897703034501653007737
-0.02213375240716064853985223,0.01658738399152748232978638,0.5546809616451610081000467
-0.02513430700564506584115954,0.01336896988169953941205659,0.5512332935289450119853427
-0.02535368096000283413826715,0.01390568554329179098982827,0.5495002874014548455150475
-0.02215346431548970498881523,0.02197321866485369909471892,0.5483672101592679259951524
-0.02177668149291205751394429,0.011628871928383594652745,0.5505248007065998150366681
-0.02086150284429109935668833,0.004935935089473465764431381,0.5510085652193570382451071
-0.02074193333530573515877116,0.006526726682641066992762724,0.5516093147325241696776743
-0.02081075316920430115508189,0.008308289400528301449355695,0.5507070369473062720899748
-0.01785700243408718662641022,0.01147040823750685237247815,0.5480207463982110782652057
-0.01914162534898556158879934,0.01547192938012541089942697,0.5457299237377061240650278
-0.01855501124307531307655594,0.004706898713547802599876935,0.5492561316347928102032938
-0.0199987692497485408660296,0.01746345981853309262121776,0.5471785508191303604164091
-0.02020001938504210198255251,0.005204427503876014882155943,0.5493569134193764247342529
-0.01972368343153840450354686,0.01560007411890330757120449,0.5464513456043694761277152
-0.01954561344670496456088493,0.01358223434748474615918479,0.5478848196871194398127614
-0.01989671725085068870741978,0.004946473152675628925933893,0.548552784069846421921568
-0.01918084334557766668094558,0.004955215989830999076537488,0.5488736748932632192321535
-0.01885471684255635854698951,0.003852950887552040060840541,0.5485119676023336721115697
-0.02107167964908191609696431,0.005212527983347688652349117,0.5475677438764690041494987
-0.02290017049857308653604271,0.0101617397724892925131579,0.5432181219232690150278131
-0.02160906409307999584412663,0.008183728448715482661768306,0.5476964138816683425048382
-0.02259144467063479641555368,0.009281116177225098157199668, 0.5459312172115425854102
-0.02441930483047445935018693,0.0155443118728506458198213,0.5528189929708291483478888
-0.02281153947612961710444957,0.008523044124185766290402455,0.5488032137471487992286256
-0.02459250831499341580221873,0.009166263682767497936176859,0.5502519691587981487401748
-0.02545926929382684444913565,0.01003706043555765460573159,0.5493799011686106847918154
-0.02533760906543871746499086,0.01165280159198018791744111,0.5501470780440457231108553
-0.02471082083509848134617037,0.01092522582784944892853041,0.5470598519723052222119009
-0.02403686346307407073474849,0.01126349089862463750955079,0.547482055042236348540996
-0.02620614330379603812426481,0.01042498145572360278288127,0.5469162417247590557423109
-0.02663900827677025476281081,0.01056610547886962028774072,0.5466156677403777308654753
-0.02501431496848180793812766,0.0182080370974426232477672,0.5472691121947446113438218
-0.02530097541590455023641226,0.016923424807405107461733,0.547721367070421627509802
-0.02367143051175928103457835,0.0234096713451114324389124,0.5448080839941573660922813
-0.02348361350085715823499122,0.02087929448277633937003372,0.5479446651128200285185699
-0.02164311476856720095618414,0.02409951500229287960075375,0.5477242027729383178069611
-0.02063805398980943575648617,0.03357321100538336600127565,0.5472157315930795684622012
-0.02539466143335165904115769,0.04067241487789343551417787,0.5481319961547607144680683
-0.02012206297303605062598564,0.04171604161861094950403128,0.5442693607144699630140394
-0.01657412547423930959666905,0.02783379006216103040971532,0.5479288931591942413135143
-0.01597807302968612397364723,0.02780831728317776849190857,0.5470961563639239466638742
-0.01499546604494063004042737,0.03209273014620079439440659,0.5461255556182793569064415
-0.01189555037849543937811259,0.03464815669416909660327519,0.5478645598761020529821053
-0.01344305403773109371112771,0.04144355740676466254290844,0.5447059580368567299757387
-0.01422560748908829712788826,0.03765573239947597045107486,0.5465802230757639268432513
-0.01101738479853175446676605,0.038960533320859129513547,0.549135563382017743982999
-0.01138442610499659259082339,0.04184501034285303261439637,0.5468702439849870700072643
-0.009614736768460070345798663,0.04375325071065712390083746,0.5487587237960310782014517
-0.007782808926933143522930436,0.05274325342669222010938412,0.5453423725200240435029286
-0.008942093460718454622782048,0.0425232144583626223144357,0.5477513949711975138612274
-0.009410906299817018566544746,0.05493072721311870881821804,0.5470144511012399179961108
-0.008616196927535294675104538,0.05273447296654976135243942,0.5466190819852175808435391
-0.0114799581904203723548008,0.04379193301251312758770595,0.5496775289897860572452259
-0.009612685891204392554798552,0.04739223496089432080546899,0.5529824102518412498596945
-0.00823641216985811393247463,0.04248156891168495402633098,0.5515108731427440513783722
-0.01071178981923140427490182,0.03805305207268025458056115,0.5472660186291884443221534
-0.0118157941478929592871161,0.03765864292439079913377142,0.5462988951557938843706097
-0.01225699046192890023787569,0.03655751558128268741132416,0.5475418581301552123363763
-0.01470678121138892929797848,0.04524569914163730638412275,0.5461856736904298070811592
-0.01459422191421130311772547,0.04628302327470013716181896,0.5475551449537167103542856
-0.01364703339762374234567233,0.03466510740334260987083326,0.5501082016594823764776834
-0.01500477632569988291344476,0.03590549950117032790286586,0.5537544960828428841637106
-0.01438244392850750348611388,0.03492942185859804898884207,0.5544892887130521419436491
-0.01514029943631746769061586,0.03346744198020198957088667,0.5475716086099887691673871
-0.01380808039059884008425971,0.03314655820269630376317949,0.5506424409600002567444221
-0.01542865632140234637137421,0.03435167328771308176138533,0.5534265649040357448740224
-0.01423564210881692569665713,0.03261990345347790670738064,0.5525482291017298486224263
-0.01461247985592633961970943,0.03131547910021403868796597,0.5513271231038021635839641
-0.01581482712935830189926456,0.03042579213286588507569874,0.552990695229643502983663
-0.01602550476213548263926256,0.03490342018028073228785857,0.5549541470611963900338992
-0.01454287206576730141771581,0.03922756718634590883398872,0.5508766343000436327415059
-0.01648785295164088490760257,0.03126627902557537613814631,0.5525566271304059862146119
-0.01439381287309645165994887,0.04175768748908191552171587,0.5580386059946317311997177
-0.01433300793068478795611043,0.03960700563461178741464508,0.5564886981725338799265046
-0.01319512949088313610856993,0.04374212783011410810019015,0.551113399282970761738909
-0.01371171914111194052587894,0.04546733029101155537654577,0.5526012782322898830855706
-0.01315075367995088319317265,0.03700173453574963355894312,0.5506393936773501529557961
-0.01220912370407475737443814,0.02652113490466025125247285,0.5536083499666425433716199
-0.009712441074024594223068618,0.03312972654449367754248001,0.5524314140639325909631907
-0.01038145432149563222867794,0.02985855101724900137472041,0.5540828048577484121750558
-0.01287260584821162297253228,0.0261036106100344458824658,0.5520212615966531011224561
-0.01421047867160268873831797,0.02910095485674545762178056,0.5551513819082268819116166
-0.009293208209233100314250464,0.02389128482799214928111731,0.555709898174002292492446
-0.01205230516072508702152266,0.02391714026737619749884978,0.5568024285317809685125212
-0.01307394366519193558417999,0.01953765343143434515815748,0.5551286330948975722421324
-0.01058847218880169804844371,0.02303571987205864715630987,0.5578729152183288242383696
-0.01364567680943106799118514,0.02398467391435991566406294,0.5578872025388389443989468
-0.01124532795315563542259962,0.02445394073660448613916074,0.552012323134368987354037
-0.01195206686810264262721404,0.02633946064663431757546519,0.5532944033381678172744955
-0.01284354707673665552114528,0.01987091696816198002628617,0.5527820225373869522655923
-0.01222841889507524613944778,0.01783266030172856245195057,0.5527469040254985310767211
-0.01626672424289111323902901,0.01420777563473250154624239,0.5569130103994853753235361
-0.01648624693609874666822002,0.01131905826508118953488413,0.5557278316624261194078827
-0.01627664491817715913812847,0.01084097619277732751918997,0.5582210766166334492410783
-0.01559567127459398488964482,0.01029403614562687807598707,0.5600163174263085297255316
-0.01747902433703034039136348,0.01258291594151111220112327,0.5593340259889381105296025
-0.01774922573110907647597756,0.02302609730880738475589098,0.5593834263509449566953435
-0.01887234926566176348994297,0.0157851477528387421078726,0.5586520410880680964638145
-0.01890598586261389713047976,0.01495549969683996997804609,0.559487182641601576982282
-0.01647273378402734286818365,0.01887417374372969691709301,0.5577454068521294772153851
-0.01685273450388419594347944,0.01903683462651172692003954,0.5574873700283495825402724
-0.01767931067866128011512039,0.01873058005269572987017135,0.5568358254120340244952558
-0.0175518322102460218314679,0.0199291292629397535918212,0.557297535822589673593086
-0.01695911237432772347699661,0.02133594588775058337182244,0.5583071911180165214361182
-0.01535370863458226584064015,0.02706408670461385446159852,0.5615387984042585767241462
-0.014929077737771884182294,0.03497487882421881910666173,0.5552976388180532740790341
-0.01373664513234284893783421,0.03226822899951805462270826,0.5600809568795596105061918
-0.01291207954962492014672204,0.03995639090755968847457069,0.5555457867947157790666779
-0.0137531152802156959175095,0.03985611458056346340095288,0.5553181605698215284050434
-0.01258472213288582171319963,0.04357694880175329993354794,0.5555607738909775772384592
-0.01038144599774541189385335,0.04023782602606586905613639,0.5592623494710721177014534
-0.01334071166747740656843835,0.04000470518177285522698483,0.553179216665097728267142
-0.01237964709183344419463069,0.05041803137773710752345124,0.554146419471813089785428
-0.0118070366507039437725668,0.04648566205503441156610123,0.5600226682220633689368583
-0.012752142909714846152891,0.04173440681123240236782834,0.5561802394728082576946804
-0.0113026471845294931156678,0.05538911402548169632398256,0.5559705225649250737163243
-0.01217870846777710687469654,0.05325146857583329396135241,0.5619445406763843298136862
-0.009269622126437953787969626,0.04910012647813244424099821,0.555828408545246732685996
-0.008500488146776098707935176,0.05007714707628748568302157,0.5586569212363758918371559
-0.007560966555118670343049736,0.048355352674039932259209,0.5641961050305135394467015
-0.008201008608147146439204533,0.05045734077152783103592526,0.5557126185445911970006705
-0.009103104527530422873660143,0.05058819974627577070735995,0.558492270423723846661801
-0.005323130457477448854164415,0.04003611268458552585602916,0.5586606102148062857892796
-0.005610295551871328535720185,0.04873382484862947422454837,0.5560590084793883836056239
-0.005699445013678011012769886,0.04229643009462145247789877,0.557692716100085528196928
-0.005764759019357031111230327,0.04243067333304075677835598,0.5566765689151189633321337
-0.006904104541191878954831118,0.04603349778011348036876882,0.555351145076560581692604
-0.01052925164643979741296853,0.03734138838928441339604092,0.5596735694414152195719225
-0.006573795576690765786465054,0.03253057342395230394638261,0.5593954372649962980545979
-0.007700156986837135113244113,0.03725817397331912528279929,0.5562246182169510166914961
-0.00495024300292033238302114,0.02380326597046025782766776,0.5571664730161369760708112
-0.003584283308608094114483533,0.02491457881574931851331733,0.5590945430915361669121921
-0.005417190664846346925820342,0.01993101021039261552814104,0.5561496491967519162358258
-0.009533570080218005740602116,0.02014525620456266222224606,0.5530596607796610664209425
-0.003423857942827770485527683,0.02911617538872666999250072,0.5590008883348200896534763
-0.002822842729916503427128882,0.02498565679980491865963543,0.5611926843237143858189597
-0.001851752744684337977781885,0.02194137444691494562287737,0.5550655564743137704297737
-0.004116524537648829848435206,0.01781660616931778420846122,0.5522796397281972691217788
-0.00443725323605463541770666,0.02071776459393448455159614,0.5519255447492159571964976
-0.004609905331338625886217208,0.031754472159713817425164,0.5543127746491429697073272
-0.006899579267420371739283347,0.02103489947910702415057038,0.5544502580133157110253705
-0.004660928366669327659044253,0.022851914137639532664803,0.5550725272626586548341265
-0.005911754807293468153006621,0.02836864577869164377732503,0.5549731062712547347004488
-0.00960474692599664128800363,0.03082515864383992068575857,0.5585890730945458626521827
-0.01076660560376940974081084,0.03406540215790827136332908,0.5574616435928880786576656
-0.01088148608531278906108586,0.03456164743873953171249269,0.5571792145342476798575149
-0.01118638622253135747608432,0.02703102221808512811707104,0.5528774041315691611941929
-0.007175361085988738590879521,0.03584554810235058425194055,0.5488011592924719739272632
-0.008197903599106281385955342,0.03621877203933951405723235,0.5558095735846914076105918
-0.005536796025733226392362418,0.03302561379578895089936807,0.5536347410401267765678313
-0.006846921621711181404901225,0.04265822913822658879468008,0.5499315733458810528944127
-0.006115221238610206791475044,0.03711076191725404954668832,0.5516101674452806857829046
-0.004991658071910740762655578,0.03604952446194369802823232,0.5522362224969312727296256
-0.005082839075376603850398016,0.03557283094132944467613555,0.551184898961432412356487
-0.002680667162018502205911297,0.03401351437691288448483817,0.5507191097165865523166417
-0.005637559538437242161179608,0.03946838790068887825590593,0.5544902812096907940286883
-0.002781800227574350928283486,0.039749663297733134337264,0.5485017704063027688121679
-0.00432718310648770761173143,0.04156347183446777726611998,0.5532765687157114031791139
-0.002121851602012000265196079,0.03909674420674971728750791,0.5467783362202924823947114
-0.004179226209177666802319084,0.04257638094668651090879408,0.5495758057493694836992404
-0.004911432741740238971939192,0.04791626987507354579198804,0.5457596411074447928513109
-0.004851554108421095995451466,0.03966301814954045074079758,0.5503463747732374455878812
-0.003466498316212007681919038,0.04090486233007091521063359,0.5440109273729407668440672
-0.007760110687714842289675055,0.03576999585824768707054133,0.5511662755564984417233632
-0.008372835017916819416727847,0.03534214224835192930118666,0.5489787497228354462563971
-0.006575106145100367317779533,0.03636949848416412556240118,0.5433930782977693940694053
-0.004343172579429861908384414,0.02755807877687934531740765,0.5467996737180512711873348
-0.006115309821501314219149847,0.03287916074856823966943153,0.5447913231618606300088459
-0.005954385985436041334173396,0.02659346107224801886159682,0.5474054319542389634989377
-0.005807272959282701492444989,0.03422256923888934015964836,0.5457002058293858315352054
-0.008617009737899172447384011,0.03031797046714605065043102,0.5402929065197350499971662
-0.007071622164882902100702111,0.02261300132736925733167865,0.544528662016533049339273
-0.01110348838064795229385595,0.02344264973190831463645267,0.5415577562959172919221373
-0.01058487123518867846494462,0.02324086126893440060192653,0.5433820336604030520888386
-0.01347128288488390335242428,0.03496146476100893407679138,0.5419544746528863754519989
-0.01039832907725172714274997,0.03408468933498885050648042,0.542740184464102104477945
-0.008961057635592857562034652,0.02680477425092483295676615,0.5482179221195320195647582
-0.01043287186043534604806826,0.02851773850005018262621093,0.5452134848747773876453948
-0.01316431646194715469888603,0.02817225627071970675552315,0.5451767125670514690938262
-0.01228336487078934315120282,0.03685887473425662752557486,0.5451380992067188513416909
-0.01639389340907495759558365,0.03934868893679179663314116,0.5493149077377558198165275
-0.01526868565349051402868508,0.04056301609667849888962721,0.5485456190514809149405551
-0.01384535221354180750674701,0.04262450390992530979694664,0.5465853556701221194202844
-0.01260604422052038868506951,0.04582045801718675342995013,0.5408807531548801561527284
-0.01057266842822060862183697,0.03590118802683029547440086,0.5474651337378898530161564
-0.01421207401577680509707768,0.03935282698709960391703078,0.5466407380691047368515001
-0.01678366630214039520452296,0.03465731025679516519311107,0.5422115582867981231629528
-0.01152407910283989415922701,0.034234561675571123506856,0.5468603891743933909097564
-0.009753583903781766137330855,0.03277637414505047558366257,0.5476196280121765624926411
-0.01204514978231195805602471,0.03591196750132347181860837,0.5419993970303303987279264
-0.0126035813251946376967183,0.02415190778637299126585525,0.5441902018759883219445328
-0.01076255031954853266795702,0.02545439468889363135439829,0.5454131837748805722299039
-0.009029953546114310308778883,0.02636544307121959848649873,0.545936295400349713702326
-0.01134797993266919123589442,0.0265245737238197533403028,0.5431007311221222044750334
-0.007303344638113927825284755,0.02326179915179982585216045,0.5447358403983019181637815
-0.005723932572729672867140049,0.02774487372717597197246953,0.5463706460900207284581143
-0.005472612921217446906030357,0.02490799840329759387569375,0.5464253967102882247885987
-0.00562675124430785360968299,0.02256688802619001565918921,0.5457596301371875346930551
-0.00390671875582298145507254,0.03012638623068618348721515,0.5461775630754172050629336
-0.00315810207482570973538949,0.02245664325520766585464472,0.5443199748570338725173201
-0.003825363981644667923237568,0.02159356854579992310294578,0.5446523560172875644269652
-0.00772687242919538157248649,0.01894432844756764253157932,0.5414701082895755357426992
-0.00491698418747775565368352,0.01900209329446970671351202,0.5466477014791982780295143
-0.01053322694552526715694452,0.03534190733362339853496081,0.5430701624091308632458208
-0.01017340057370695952099204,0.0413266175620808084989477,0.5406141102604169468293094
-0.01101672674954962821702864,0.03189093563774890449646904,0.5409512667207408975755811
-0.01374815324604050301160463,0.02816694423357371523941595,0.546239436808543810109029
-0.01707827618603608918479431,0.03448263506277322171245103,0.5426160481040632754812236
-0.01532902720916322521216291,0.01760422227398688102550928,0.5403420026342676818487121
-0.01453918598745684680195733,0.01518918701435690611634133,0.5388811840059397617608283
-0.01603575517265064254157636,0.01632808868685801592657292,0.5393575673404983339409569
-0.01807312632416083544861785,0.02002960146194045568113218,0.5427295713176909508490553
-0.01760890576249136627029479,0.02201601377215466059933391,0.5447666947160368922098428
-0.01603902559632741642303699,0.0292480431716186893564835,0.5434348174728935720878553
-0.0177495901058703532682248,0.02571302599320495277379628,0.54328203386580176115217
-0.01910247907020374072417646,0.02373141151644393015418544,0.5453640809597626315508023
-0.0169999240781966327873409,0.02517808485551984581940488,0.5443972927554029395125212
-0.01854425088898850604302027,0.03071866926600314365303213,0.5418731022198772784292942
-0.01788834227822985734057681,0.03091919779058926662229645,0.542492480508328211996627
-0.02013187281812083354037846,0.02279677610620436598032335,0.5466446435215398524931629
-0.01951172951891252255185449,0.02488430476352177303511759,0.5482177778866114126188336
-0.01792924389989710570736392,0.02705371225218767758380345,0.5480258872900549693696348
-0.01891653173873761653589476,0.02792587517890230547346064,0.5445964262825985224836245
-0.01915237024830702960986883,0.03042560178814503538125003,0.5447185128360905181921225
-0.01771036468626295892758726,0.03521070294332574734941232,0.5470772085479983504185952
-0.01587128237112836459665743,0.03360161640232243313031191,0.5483948686082342760528263
-0.0180074804285691413008319,0.03265271349635379821707559,0.548683826621194414840943
-0.015806383169257625515014,0.03680535691102881229452848,0.5506187281661510946051408
-0.0191022952500366008377064,0.03997732536069192876837519,0.5417368498423879019654237
-0.01835581914827237592913178,0.03217132968828894518109607,0.5453689690085716801348781
-0.01730210766746405684490817,0.03306926805901282823141329,0.5478946467950859267048713
-0.01495532671832338136863605,0.03152978092985942587533899,0.5480838621621633155456266
-0.01640463670874351895245802,0.02723308738244774665493431,0.547609444944265999488664
-0.01238527633972473680767923,0.02928542355441032460361406,0.5486800504465505490259147
-0.01166450196143656303782166,0.02747031376314280903816467,0.5479249520399394057790232
-0.01209316246081368513565213,0.02914887010793279151221746,0.5446140943077301121988398
-0.01168161605265634339634317,0.02444685231312494072541952,0.5479561063783484620159925
-0.009496963921440976230670117,0.02656160252964233012273887,0.5504264106599147110543413
-0.008446965771471791686875186,0.02651325818399946632197839,0.5540942392578021014060141
-0.00816622010223234419401539,0.02625093400775319052442569,0.5494196308015398821922304
-0.006251790534616216005181499,0.02539594056896483584284674,0.5505050597344007812239397
-0.006136376766164155366345412,0.03679069095945500245115056,0.5480882287365700378245492
-0.007358234115541778357083569,0.03678413440974513670678192,0.5480098194864133631654113
-0.000164781172319342246717494,0.02337961284262009623025058,0.5510948876798299478352305
-0.0001297022361452288723767529,0.03252290391801303248708876,0.5463616929569671265554121
-0.0001795682268818280891229527,0.02499530181028639108653522,0.550223246909958607631097
0.00271444742842013491193609,0.02580830492619590882386049,0.5495944807596392367443627
0.007782373132285755681913919,0.02523867180874349303021376,0.5491402635519389008322833
0.009679124333564919496764034,0.03209050555473858673538601,0.5463611767561322718478323
0.007428173977615065877444511,0.03468795905145923008650044,0.5483740424398891866175632
0.007737257928904912179790543,0.02747277760502617877103049,0.5470786260027555858442838
0.008558259269774463537383546,0.01901587954887058729003257,0.5500664994487186598703943
0.007195916866614221474307556,0.0196991564202857946663805,0.5476046588086754818291979
0.007119577621821944826696615,0.03028794708349585515505531,0.5483491412070460313543663
0.009465053353833394189642547,0.02494752470524702614440571,0.546712903149094597843316
0.005007204706621517717457515,0.02484270675551848717166337,0.5537536849969822982941992
0.005833779848435049521226947,0.01512043617885371407649764,0.5491243427990423198181702
0.004723379999782293184318327,0.0279266370798526841756626,0.5464737547760791791517931
0.006340975439023914007885541,0.01662272652248545853903572,0.5498958047146070837740695
0.006527917868152263020098403,0.01698369588855209305622296,0.5502365128764290513885271
0.0055145567501857870734705,0.02150642257975855439755541,0.5494554983508853629459168
-0.0002388156455280150984501336,0.02342496043347637099674152,0.5542704144823805689767937
-0.001149248374127286075399579,0.02053232311767348369779818,0.5455006788542823281673577
-0.001985871159805347070659298,0.02256524687056201197710159,0.5461773089409577286446051
-0.001670923067775661324807501,0.01811041439973522931827787,0.5518540778105968103162127
-0.006315277939982852188627316,0.01751418556766244985500869,0.5480334651704242832082059
-0.008242317670366183443575459,0.02388081413915367837152992,0.5528209126078338364607134
-0.007066740068990011794380912,0.01829469855506958911317561,0.5489475861954022928301811
-0.01019138276563188484635791,0.02416942705657591436430032,0.5452418096003989189668459
-0.01108508312686366271970773,0.01923399273695423211671951,0.5515816013248117100076229
-0.01160529620693577512735573,0.01555776327190553851020915,0.5500661491728442431536905
-0.01172672390087867513863706,0.01907741241644255250631268,0.5466347005523305435659154
-0.01466122484704990118487,0.01343611357968574337995449,0.5451064321641797549844455
-0.01276951901940634286070075,0.01663243257063310234777909,0.5472434044833475175195758
-0.01571726439755354726157677,0.01577740014617940930707896,0.5463588675108347336717429
-0.01482923631269952857714145,0.02197094461743546653376136,0.5472118313754795737580139
-0.01589861835663395825402056,0.01792732107623766502069174,0.5476820141481980597220058
-0.01778948256781854447838853,0.02021916816437293457076052,0.5457269643000428605006391
-0.01689787316463801924992794,0.029215998305573802340529,0.5512270131864900335472157
-0.01490662952734581568614569,0.02997152126705281138807635,0.5518363143076909782536177
-0.01831620536917539371346564,0.0241209518299146975783831,0.5443175906073947079022446
-0.01859880278043519671871131,0.0261383159710554882626532,0.541843497115732097846319
-0.01424064639802563245196687,0.027646473149768403809734,0.5441150497011830733384841
-0.01458705743004656482653125,0.02827106288250440940812425,0.5452033287100274128178512
-0.01382374563415380945563538,0.03595699635269867383557951,0.5400958337836384570707082
-0.01272107021962502228229486,0.02996783742845423800793547,0.5453007644987439839212584
-0.01362494657389287308624226,0.03342177325802007242794289,0.544197803336540331109461
-0.01332984038733566953260912,0.03110738811994740241062551,0.5485179127529332676616036
-0.01753577332968379171029838,0.03740995376649089432241624,0.5485812299435123273738668
-0.01267113907160118471684207,0.02583452650757026014538553,0.5436641606546471772176687
-0.0120534190488275471525581,0.02600238704046256565938222,0.5427369873086398399664176
-0.01265209920668175676283784,0.02386364589582819911717237,0.5423317925373628556329209
-0.008962201631968067655487076,0.02761414569598389864846233,0.5419740082450356100096656
-0.008263049966456909034562273,0.02676881808250900288137508,0.5422115236088091982935566
-0.007696773492978132777397882,0.02417852417847267051942417,0.5440481787258361068282397
-0.01192801577899758880274561,0.03617014126742831153782376,0.5431285978090580890409456
-0.007697663657510347805235096,0.02772188243488681383408512,0.5453322214017096714044897
-0.01256171959000350682456038,0.03018542875534924174729667,0.5458344623856452582089105
-0.005801725563950590851269862,0.0208374897444807589963478,0.542511847529399959810803
-0.007634994636936653575332024,0.02232624079099968308903534,0.5388104161679666548323553
-0.006512698081644978896631581,0.01869372110067170009162218,0.5429079065356249289564516
-0.005454830599374027762238359,0.01751056309337810368287336,0.543347138576501964557508
-0.007165284740483761176388366,0.02048742751128132880134025,0.5429999449783378118183919
-0.006955298953608473819243407,0.01710514115718827360401733,0.5417289010776258351143042
-0.008599302710130457549908556,0.01430883228969434019239859,0.542194700706404297818608
-0.009871474138163303588267006,0.02139642586228133330772394,0.545397838368161136379797
-0.01134545473941347450141937,0.01791694537315258531351425,0.5419805680107021572666781
-0.008223152259338933206533895,0.02592111549738277190280122,0.5360188673836732142774508
-0.008583315688385051434039497,0.02249983982514069252856004,0.5360655599301723528427033
-0.008791160533912356286889711,0.01181518878806961034277911,0.5385249169803363322728273
-0.007698091496090538228547207,0.01361009165657817154837517,0.5377671946213723463969814
-0.008072235739516486763278635,0.01267948295064339446491797,0.5374623339804409649644867
-0.008100376250813180398213653,0.01041648075065190574839402,0.5386764347619611426054576
-0.007739015837342675362131583,0.0114964635776209252171487,0.538347287332906043744174
-0.009402814080752998696088873,0.01187469790331538779803999,0.5384388145110200474263706
-0.009939111990868923843245319,0.01049294324757793321623023,0.5377785947382527353965997
-0.007328566051610358247914156,0.01489272682821401148911544,0.540890253934966258597683
-0.01213406005739997226000604,0.01994934199276642700082718,0.5408120007489097824660007
-0.01028821541367380514031549,0.01523756597523655796633246,0.5373970108676665580205167
-0.008625605118581252186982233,0.0178012200418888114072935,0.5328408779484775648072059
-0.008618184336414548216143139,0.02480679127798960867390399,0.5321766333138393534341049
-0.009797509517189249145241448,0.02426172375692081314979553,0.5354422585310608662112486
-0.01159424311478515247364474,0.02855121057729981259853957,0.5368831374863678451703208
-0.01107690566078103379388242,0.03219610651002298429279591,0.5322769727399713213245036
-0.008667522486154891070420092,0.02638286735440648067552161,0.5292264389999756790672336
-0.0120543564785520074950087,0.03312739875287821350591244,0.5299068643444657666918829
-0.01071202608520207752440534,0.02872471131051414910961839,0.5332561103192263729511069
-0.01201437667309589521491553,0.03455627717310803120875917,0.5302667456426840564276404
-0.00734999640781430676333974,0.02153361961496702559060168,0.5328039374017937701566439
-0.008245346887353415324395378,0.02645326050489098940188271,0.5355129713248703016148511
-0.007873211882333645134091071,0.02456558983718115304895058,0.5321833059782747898935895
-0.01082233173988290421407843,0.0209981834244394038879733,0.5328677098110520260476619
-0.01038477741658752791231723,0.02808570550367201976160736,0.5291246439536131385139583
-0.01089724117412909851210223,0.03178072027435151214458386,0.5313911088376360725149539
-0.01048495893241868127943039,0.02003262516982192223413684,0.5328832337186897305514321
-0.01340254652037199158132186,0.03046951291365893738083415,0.5289164355391403615769264
-0.01153323322953843724225642,0.01877131057614318115911445,0.533527989234333421819656
-0.01430910329928091612172736,0.03045278681130212522498724,0.5284389238725498705306904
-0.01527151566648904390532948,0.02266100395713761123106522,0.5343232915870553823012301
-0.01253332207691340224875454,0.02507854102842268020912009,0.5295910102119149032162682
-0.009698658550777734810299791,0.01851120972840787290425446,0.5335381613771400521883947
-0.009937095664274189429909789,0.01448186614792473791979432,0.5307502357390071479059657
-0.01253815115279475686516086,0.02740744572991761496272289,0.5302302671307740355999272
-0.01207254625148030183212633,0.02133597827176813427341173,0.5300743095380391345372573
-0.0126217866879617130609903,0.02851337393255731766927852,0.5296727740823228280930834
-0.0126174518497501712832598,0.02563841288417702604651716,0.5261534889507102352723678
-0.009961319486953831153774885,0.01960874249732871138496293,0.5290014338347875932910824
-0.01176822201597920586335633,0.02453204589694514201059228,0.5315645374710777915083781
-0.01024623505324313670061809,0.01818955174814185574150294,0.5316380638986165640957893
-0.007867695252636726713224569,0.02257938124648791594628605,0.5291538040854488755826424
-0.01143249554871878480299952,0.02895152347628804703760785,0.5297052282245603427313085
-0.0105456428724930040968788,0.02934930814715636104850205,0.5291165001214660490447272
-0.006846455031922006259637037,0.01937971603859066707653547,0.5287207382356514662191671
-0.008516962327329052201418946,0.03108465001481406850269984,0.5294078016637513428577222
-0.004728551445177931952801309,0.02814787393380373606288636,0.5270507561679933505871531
-0.007751484242514507932986234,0.01793535352775595462238023,0.5278719991372166076004646
-0.00418976872293305019345766,0.02369860151844773235585428,0.5316322343946516815194059
-0.004816132520127253645314536,0.02688918563201941544504869,0.526975945584369998009322
-0.008568539471436499230239114,0.03045371113069265944783837,0.5319866827192425429160494
-0.004832226603284046212438696,0.02596493235365207249976116,0.5328059178497234205096333
-0.00479659505268816704903756,0.02596949203928029456522886,0.5318939512968370308954036
-0.008805327801165666740113025,0.03364768715964974732379744,0.5299973050123184536985832
-0.004700403718595993173001713,0.029367992567158378303116,0.5292191007973441330136666
-0.003922384601618073181328317,0.02631023642619579813728414,0.5340224265439241779773738
-0.001873352235868041898089742,0.02032976995891744645406085,0.5309554157200779833658544
-0.003120436072974302685323345,0.02352289335731866382062094,0.5307532986018805853944968
-0.00737411633416147453690126,0.03042785520652896771864881,0.5297478938034936302159394
-0.003993007556273930371004699,0.01932082397225615144620292,0.533963188264740096222738
-0.006757373402631102615734093,0.01790772306787005718753392,0.5317171786286806201005106
-0.006844693845397103668104499,0.02004382935170032423166653,0.533223222626267867596539
-0.008817103764260439402455916,0.01149137565266292008991922,0.5290015854209882961711742
-0.008621897746585671651331495,0.01378966909849018915301677,0.5305281794979678222645703
-0.009298063908842449723501922,0.01347314809128988093156476,0.5298577833085359456433139
-0.005567446118319503700622164,0.01752592011002717178880239,0.532668999781211960353744
-0.009183345942958706653591605,0.01458878572627413626461301,0.5341553112164020289398536
-0.007713839625806549055164751,0.01883709157418981747222908,0.5341179304782548431518308
-0.008207867950907781970371069,0.02093922322244081216102707,0.530137946309951813006478
-0.008961047703777692136073441,0.0219654845266020019856068,0.531250875666569366551073
-0.01255588311537753423707819,0.02642996559771241052438917,0.528593400480050545908739
-0.01012408976751402386873302,0.02445329617211608810856127,0.530629777316169226608622
-0.007971781543687914833862251,0.01162943899090592217437923,0.5362592216200900985256794
-0.008243274452484811859465097,0.0108241529075041777868682,0.5372990618695530073978261
-0.009553201666958430204878994,0.009300689555574510880564532,0.5361720370290988801897925
-0.009492061236775720112213151,0.01043081085414310389680725,0.5363935618670081506564884
-0.007689720626633965785967639,0.008592515422585827664092584,0.5352793097783944409329138
-0.00868838581940382589929861,0.01522770353126254132269946,0.5300370324151671974632904
-0.01019140265328178848736052,0.01864222527629145337302319,0.5318508988913571711165673
-0.01042506404617634524489844,0.007086188092585177580873257,0.5347828102144159823083669
-0.01042970568645405944618876,0.00683652943074975361775758,0.534140487499850769026466
-0.01077059727789028524547188,0.004005739306203563721009431,0.534832644798525214113738
-0.01063153465436867187166037,0.004338738160529572243651053,0.538188918884200173664567
-0.01179437607285738383311458,0.01334246363239359120522742,0.5331502430907882894572936
-0.01296757906559816049540945,0.006277953268796996125211685,0.5378845114039956243345841
-0.01643440274983465343439093,0.005919634477856791469896347,0.5371882669435636969978987
-0.0183863277738554979634511,0.00555473243836812277662851,0.5360047734358371895879714
-0.0152326819567454550818919,0.01341101232137924606502288,0.5416210992856647088444788
-0.01582027829741782312678033,0.01025117932586484120749404,0.533892206031345128991461
-0.01854529921565238256842001,0.01158127357847521347877784,0.5403928410777645297002891
-0.02065208307837568257880889,0.0269533200216988642894389,0.5404622190138533843750679
-0.01976806845379484173230722,0.02878426134813532114020695,0.5381495314263967655321608
-0.02132774644211560613471512,0.02619449530418434951561935,0.5357277375672673258577561
-0.02398316661497989360496419,0.02714382130219096869727657,0.5359580002707940993289526
-0.0234547926811771167976417,0.02164427201668607178564052,0.5376168751834144998724696
-0.02867547532829814796451195,0.028272631755556325294787,0.5395909779509152626175705
-0.03109506554241912509861656,0.0284474193893172154490312,0.5427305566081412901979775
-0.02955159049925135464342851,0.02544004854616657360089071,0.5385478225100415183845826
-0.02704897281443969028758012,0.01773895736973351081045003,0.5403621816826349455453737
-0.03360047072241668930647762,0.02353778627426367925368211,0.5431560259742173046859648
-0.02978052611156931442359941,0.02020504612965101295940507,0.5413253270472943023960966
-0.03121620807778228978701662,0.02456754143249826466410823,0.5371203188639552816852074
-0.03137044348341337662855466,0.02646503966180212275016714,0.5381722833750900436555753
-0.03096143239791563153695542,0.02339179786386064857639511,0.5381807460521303987377451
-0.02974796368743107266574555,0.0194709674377882661910899,0.5370543525771371839994117
-0.03443304800710771801375287,0.02483294548303010065848362,0.5455296897332433392335815
-0.03200676800156144335973707,0.02448825871020311045755946,0.5428827366469143322902369
-0.03253807413635439321764053,0.02278871297838390083678739,0.5429886547582727374106071
-0.02790654689124111298426101,0.02392715349364385804542543,0.5421302679641900601481552
-0.02841502968239304968700587,0.03038509544487710822835425,0.5466732710521857718788397
-0.02555588295598898093685669,0.02491680163453897922654079,0.5419166303658248251551299
-0.02455250378047134710013388,0.0276116575214425466477941,0.5417732342780137155813236
-0.02134575225000905421279818,0.03192843881589928212161311,0.5444901553475934852244222
-0.01824350377215939664199418,0.03650058049163133755410371,0.543956705041887422780178
-0.01954924081675025321347405,0.02718191460747127960462244,0.5427608045096444788768508
-0.01826465882905450865969499,0.03824979811712495708642123,0.5402870380673434613783002
-0.01599524184270676926966637,0.03349975363128589178618455,0.5468833972398270404369214
-0.01642111608657101720631921,0.02374654969591003667028772,0.543527927931443333164907
-0.01463194917077137099936657,0.02370216171021545872865666,0.5459691904070385071179317
-0.01761055666902939034756947,0.02869498761842247114284277,0.5453568023577853862704501
-0.01398396545644797241136903,0.02731542805932433287674499,0.5398586145266328628622432
-0.01106170655901678526178422,0.02365117223624422018724012,0.5476979337534236824680534
-0.01443574213913341799941925,0.02493772709950443228210659,0.5462959598031336128087787
-0.01684127132269407425835261,0.03337730996942813582739618,0.5451057206693311618650455
-0.01386590927571407748375432,0.02416252220101236178328996,0.5479733690808032964270069
-0.0175478642921885127914372,0.02216240975333192905760704,0.5459116567139667974828399
-0.01002819448411217985450694,0.02154272690239069157347451,0.550900292337037744694328
-0.01012638875645533072245019,0.01907658028002700081882104,0.5464680057710533667147956
-0.01277293782550011254361966,0.02511828974258599120328306,0.5485427516413274862117078
-0.01474841588329214858710259,0.02584266741144226886550683,0.5449111639603347878590967
-0.01590484844370409003855293,0.01189770616380202150619283,0.5447092627574666723333507
-0.01704965552230151837331817,0.01931547253334373048794248,0.5453130916609890688206974
-0.0169751576686983339514736,0.0222302011760944183416111,0.5458881848236594169776481
-0.01426897995246835353089221,0.01493942037859456034576411,0.5488919521741989493435199
-0.01700927055638210352861428,0.01242253790495963412798819,0.5474572221399135463215657
-0.01567843869825835678710746,0.01046665002663321568376897,0.5444624225228904546014519
-0.01824934535662201331995824,0.009685562098315756568434054,0.542318204862926367404441
-0.01580027524489736531765338,0.008765670943326406283624408,0.5421627006032315732042548
-0.01686642173590132201543845,0.00944602089667725269839238,0.5417442506502646581978411
-0.01782430899659863052231223,0.01329135755987352271456636,0.542704352329719585945611
-0.01619647340847615510361912,0.02520856992391095827144021,0.5419567545930195073822233
-0.01576307287618146021901389,0.01301615241092620063600993,0.5457822049709769585135177
-0.01748657374200804012764898,0.0103002119172365385474377,0.54317330455320278481679
-0.0193373053656945986800153,0.01297061868527406985895922,0.544891007945023431169318
-0.01457820813776920972071327,0.01187315433349050812494863,0.5481469914952136202046518
-0.01545030667813304670055174,0.02183344549580686078105174,0.5407069325541690174574683
-0.01621118190452325302786107,0.01509202636306026211465703,0.5445027520706416934714866
-0.01812471781820963398490498,0.01227482395758257988083173,0.5416302264864030213686874
-0.01965922602679922442936444,0.03032063043697517945584963,0.5431876858165206600759234
-0.01744379576609540738463267,0.0213486052277653028108606,0.5495032483227688668847577
-0.01875567894979119146214863,0.02180113377546036637633087,0.5410234400478595162553574
-0.01792396898834507437681118,0.02377217516177711903457848,0.5466609699424191948224916
-0.01905571356603420404840499,0.02953778109585258535019214,0.5425438816047218892890669
-0.02073002261637617651968135,0.02476714213399841893470388,0.5438055120738916059508483
-0.0208282051185642164137235,0.0224261105768885811440061,0.5443946279417054556759581
-0.02112934658593838485596272,0.02310943221954486759273095,0.5422782827724862420026852
-0.01930398623097440147233783,0.02953238903609899795865701,0.5427625758564960101182351
-0.02388264650009718284562332,0.02156472613986071262814903,0.5437499850025473424608435
-0.02336380254708131029572904,0.03315940872653486137799916,0.5407250401814874818384737
-0.02535968386642340269276907,0.03347530179801758848379123,0.5437794564177681477801229
-0.02355032650399343022162846,0.03091785555307179425565955,0.5501628393325831423155137
-0.02443386352354953022780748,0.03439244528975925196956354,0.5475276735284757556598834
-0.02226484704667792621779476,0.03354612708196046816366831,0.5489469227638146264780517
-0.02145113131087475477620785,0.03157178156004124963684987,0.5465243535380884809526947
-0.01885269386405123703820408,0.03145188830632813375975942,0.544731777743654888013225
-0.02281057909963741039960361,0.03568300879876252357236766,0.538095508309415548886534
-0.02373119328097048064130092,0.04232987591045004466261403,0.5439992827433657307523163
-0.02175092003165958118304779,0.02977840277407757876848571,0.5474598659982367054865904
-0.02255816726264360527753894,0.03202626832015866703562423,0.5479547622956513208691831
-0.02622054652406318950297326,0.04228662065845126272201071,0.5461739607880995439614935
-0.02532381991321526124028019,0.03394379759857268918921136,0.5477292657972349099182452
-0.02263271355598346981641278,0.03452658645824526612022609,0.5470762516361393767994059
-0.02715775343899597821240022,0.04270475265223860894536756,0.5471808126992550036504781
-0.02410399738734883209878568,0.03868778769052215460444444,0.5450739433202202999240171
-0.02370002483761542849682868,0.028403231772013703970714,0.5444758838423023883379415
-0.02687777331140870501480222,0.03204207874654607657305405,0.5465993874706346344893859
-0.01842016120498319795006914,0.02768970620807268204210949,0.5448834591267777138767769
-0.0213680019857838791874638,0.03579427578662746495252733,0.5465870008350444120281963
-0.01959594242636519129119321,0.03825308169230779570257894,0.5446922065977275462245188
-0.02118375451580604973411681,0.04183457720662599882421873,0.5424716971580081370518656
-0.01950465547216022679788416,0.03163190580867122903008237,0.546526995927776870765058
-0.01619836820416930764365837,0.03941022029715256919102373,0.5453569120996927255262676
-0.01840706340124343906583526,0.04453842674278074564853114,0.5420470403545112336729517
-0.01660952425684637454028625,0.03403633773695882713816729,0.5452068979796715897379045
-0.01763514819941018954563283,0.040690192812513389930551,0.5483224797902822578166138
-0.01405729346710085300720117,0.04170212613770536702606506,0.542618605599039405262829
-0.01624061780761237860915003,0.04164909443388414844733347,0.546092614511107909969212
-0.01440749875919378891753198,0.04258799108375763142753101,0.5413233124718388467044861
-0.01289316249533249518488542,0.03219385575316565523129597,0.5468510018610190925869574
-0.01437694454504234026215315,0.04204251546307361669940761,0.5418139432424842194535586
-0.01483672803290726413538714,0.03756732689133662067559882,0.5481984034157416640908878
-0.01368526346694238018941725,0.0396005523451104304855086,0.5447953105838788667725225
-0.01110863897769606006837861,0.03851368129904243070571468,0.5420242644043385960017645
-0.009773049374005547684785,0.02892921281325534083039841,0.5455429106564787522515303
-0.008506854713136167631115647,0.03337853937704167439637359,0.5416644066826310499607189
-0.008736471459966877947667108,0.02904517535427107027823368,0.5455349225699579474024858
-0.01474512300637129819103066,0.04011252741463165738533547,0.5429119253893696095403243
-0.01331020616485230866066214,0.0380781680725810825483002,0.5429069593781993274816955
-0.013571765058778557933028,0.02296657589162213325417738,0.5448228573135762697887685
-0.01349239254397797439788409,0.03114629060052849160444843,0.5403991555028253568337959
-0.01124029017819482695328404,0.02418452189152164866214889,0.5454060355755502298435999
-0.01526001266732166829209749,0.01944260852414697593459891,0.5402824053971533313500686
-0.01660586160762629603926399,0.01837754962112233408921824,0.5391896643640491371129997
-0.0145779490186273199409106,0.01255861103897057060030384,0.5388630978420348993651601
-0.01823670108269727016536699,0.01437335647106727579136454,0.5391874512192291746259798
-0.01637400857163275741390507,0.01427636148842300646555348,0.5431386347155227056759941
-0.01608333954052932127098963,0.0142007916760013598589385,0.5447942572899677760034365
-0.01717935465633788766348644,0.01403208443068759865568484,0.5460392834719045573876883
-0.0206135995389002471545048,0.01868767176652506509237917,0.5427379968083271277734525
-0.02188328877081121420777876,0.00805264737509578561180934,0.5411686311892540679480135
-0.02194979768601857880727657,0.01020628929675530469078915,0.5395245437009063005362464
-0.02247803717213107954631113,0.01049462349790309355357376,0.5389399961804466343551212
-0.0226658691214771564059749,0.01179389932355799815166808,0.5375237592213939485930041
-0.02260147130129697493061691,0.009804633123534668703857875,0.5398326493959738625605382
-0.02301005709041413840876267,0.005759486119711788518205076,0.5397537283340553271315798
-0.02217964153411332989263016,0.006229753619642029727199173,0.5361597078438781194265061
-0.02067299068393758584849529,0.01269071738051526579416084,0.5394408023093379966894645
-0.01987415713981400752774498,0.01298764009918014494804339,0.5384174139614367193829025
-0.01831183301856214792890931,0.01273964076489777878797849,0.5364664316404242905278466
-0.01558299823927457306016464,0.02139588417324907870797901,0.5342571732497779501969148
-0.01613108322749663009476606,0.02643024403046778658676885,0.5340464082095937037308886
-0.01544074775108642341714393,0.01408504101733823975217685,0.5347590385462723805432006
-0.01008239517407820765027004,0.02062221408844406439486718,0.5375390028016503451979702
-0.011803717259664453162471,0.02510812882570366902368342,0.5357743903541787311439748
-0.01124426255224364804008452,0.02364343053432364782917574,0.5350161548949141643305438
-0.01142055443581833570898532,0.03292793869886986857231648,0.5356799442954511825121244
-0.009905134212458739303985844,0.02656401511016086985916829,0.5340568877279884274500432
-0.008381629774469597643493657,0.02784833176704741564133627,0.5331648200257597114415375
-0.008786366089504766760387433,0.0293779358932295051043404,0.5357467131605871957233944
-0.01058581130089384508830008,0.03891560073264107438850701,0.5321281860025720567008989
-0.0102053711426250953014927,0.03008886278718033921442121,0.5341625036067547682705481
-0.01508763313341717968163458,0.04290401031822474453569782,0.5313936182036760325075875
-0.01297852971034719679610525,0.02676922963570653804521449,0.5352679820462731274943735
-0.01471046269186085213298565,0.03003805073198355726771247,0.5338471239033677484542295
-0.01569514741679403288521222,0.03143118043014059975748253,0.5338858715709163815787974
-0.01549824492572296312509206,0.02683532630634287777238178,0.5319468443672892288276444
-0.0177871777551140940187846,0.03566287995559159346159461,0.531082189451006048130921
-0.01940755425622579105615628,0.02831678303194483034554985,0.5343365375329547362071025
-0.01781650970697695041122799,0.03586451790119670607337454,0.5304330010495488245680917
-0.02188165388802137956147931,0.03530463580158065689529323,0.5368005316764018486352938
-0.02044943385420780468386681,0.02785512201739322526994336,0.5341215485300609966401453
-0.01861644391440495788225817,0.03097950045870811325299243,0.533708902142040919613919
-0.02172179398870660582687719,0.03202453084284968137795957,0.5328470806301026652107566
-0.02202114773467464189926623,0.03115768923338322476945805,0.5316235946324875394353171
-0.02595276023106399265749644,0.03738417089462457709725385,0.5323157970379466252808243
-0.02337453872379776503853677,0.03315595868940896667753648,0.5338251094131258867037104
-0.01935837583835885861160975,0.03967470454251581513105407,0.5254379442545197287373071
-0.01858815210837933690202206,0.04038314899459699569561622,0.5291008897326400228777743
-0.01679825714150852064565633,0.03366266360467074642004448,0.5330871785274473584337329
-0.01768862061527416706940841,0.04244345835984808523733136,0.5307574339545744201984689
-0.01882224206766180962802082,0.03189371365999836560600755,0.532140391736477424977636
-0.01716891155656593073719485,0.04045344940420997348340393,0.5301619639182378884711966
-0.01285268197751004461137914,0.03374768536357306697448522,0.5307229197619028893129212
-0.0142124599219067143662798,0.02876260166976110296821467,0.530818334580111073073283
-0.01723269759962313407708479,0.02844442624150299303575906,0.531255455537249399178279
-0.0199245787600349014145884,0.0239048854965851001463939,0.5300346679915766134882915
-0.01915179142339121579063921,0.0233082944001424957614077,0.5304415892214243699598342
-0.01749102050055590523713889,0.02578387390531831913076388,0.5327626759341667073144322
-0.01976494750178268977602869,0.02545425572752488957428696,0.5342265789008644460977848
-0.02056981936078608116935662,0.03382536065211796949547818,0.531428332642701173327282
-0.0268900796231873982777838,0.02468703058522475624059211,0.5345365803646223712419783
-0.02185539473486303174709633,0.02415406101817138204146396,0.529246478101881079325608
-0.02256493371682071272243952,0.01605978222811806424563663,0.5332883587663593827343789
-0.02401602975486865493293109,0.01016806120078520003779943,0.5305917652399942952001766
-0.02254132065714671215306275,0.01561000045267715852226331,0.5305805702457544459349492
-0.02255043030665555489622243,0.01561805260145452366182806,0.5308041162512268096307366
-0.02123198015938867685981073,0.01685098016564791356675101,0.5265335929231429457075819
-0.0179873937736920938568197,0.01557160965855737717877805,0.5304870522345167538347255
-0.0202249399824487793853045,0.01540463329983737979234082,0.5306969019877681992269913
-0.01780707222977117448747819,0.01568938913350685290803987,0.5297723371860764141061395
-0.01455368253896160632421264,0.009796472736915848300576215,0.5355496270973605366094716
-0.0164751724556588055592421,0.01026340244239888101207558,0.533083798968917332850026
-0.01830498358231106431626145,0.004949160895616908084626573,0.5316169026545277676021328
-0.019420301879034502362531,0.01110809173799113744318667,0.5299249720130803087414506
-0.01765504363662413409019614,0.007783585376310767252328038,0.5310842155869166525405944
-0.02254400273056111556058134,0.009961061829699410091754075,0.5308463467714413797082784
-0.0189804994105359607636796,0.003862984898781645758808478,0.5319044680765298016567044
-0.01825320568114914554502803,0.01188857371978471397233612,0.5287620002469359814512018
-0.02304929287289554998285901,0.01253496511317476330704679,0.5327932338135917822441456
-0.01854338155203404461812688,0.009812551067954988076591505,0.5337648680775046727831068
-0.01963254690932007828774175,0.01109357440651025962508047,0.527944873928807623109094
-0.01668022958176165054799966,0.007673133536089009505698488,0.5351320021912837621158587
-0.01574583424032747688836587,0.00842381281326824889188476,0.5363313375923844938952811
-0.01626062194585919593037282,0.009752254311875516862295754,0.532373960435765569698674
-0.01625748754423068237473515,0.0119119861146642132959661,0.530729703490542936705765
-0.01585548024468623820593116,0.01204974920676612007430784,0.5334463751457781954812276
-0.0157297761112554917994899,0.01667918896386018368094284,0.5330898200544944565137939
-0.01516978378463418493382608,0.02868917098559246176003867,0.5312341051720199658348065
-0.01278384676673288006254481,0.02117150626437665911216968,0.533698959136511774659084
-0.01077282747615290053877501,0.02019575622671179390699159,0.5316058334740484392355597
-0.01085024711150927266556376,0.03330449048466166406257116,0.5292092709152066420941196
-0.01202951913958795297776572,0.02060562750862179534627749,0.528525812698301344916274
-0.01200474368995677054705595,0.02331190109913367641825133,0.528539779255337349717081
-0.01128618565262653680725258,0.01966255558166210212767133,0.5312297209279144283300411
-0.0105431829424450316384787,0.02124133095847149585444491,0.5290371621359966081143966
-0.01079900031433621808429901,0.03632088311162802451992349,0.5320066510415756289020806
-0.01099105191834696612640521,0.02309374640584067189807982,0.5335888228297688273826793
-0.01305629198296443665983091,0.04013612442626103560261441,0.5291164174652268625820284
-0.01352754784014865291341678,0.03421200640235515927356502,0.5292142657001837058317051
-0.01401636414882391837299913,0.03264446945118591042467315,0.5351055976742707942506172
-0.01769744669673234405138373,0.03100292332500717562560055,0.5314761639893751388186161
-0.01669459182295815469210254,0.03039630913905427486709776,0.5323226554757558570685205
-0.01545087504617017118424549,0.03196589885347567161488769,0.5325881117893920269068531
-0.01744856130216348305550511,0.0298474125134515003154867,0.5311858542989142950574433
-0.02045011252347987695809906,0.03881364426506549863971074,0.5366498112919924068364708
-0.01606950029785226760625783,0.03482362858675697170340868,0.5316649630821270733349593
-0.0160756296355429248445823,0.0340647662804639886346969,0.5338662155868333369923562
-0.01847318313218527380259459,0.03905618570519510390770535,0.5326960163126596148330805
-0.0166725857068736604826853,0.02950915951169160236777778,0.5363031340438837446527032
-0.01840131103388954747490658,0.02938036696932776886681538,0.5355437968367259271573744
-0.01870402998299038749285828,0.02565349775866493375886535,0.5310329410818585005316095
-0.01920859546309807569519634,0.02895645753641168038128306,0.5372520005448665481040393
-0.01915017269171424146856353,0.03751155180497814378703936,0.5327867864867029679132315
-0.02038157154560496508999279,0.03195040105908790450950363,0.5387962466984796972013783
-0.01967112667786899762867314,0.02202008193257517024155057,0.5351017618683643339849709
-0.01959699918572016183460072,0.02864916606504557677892464,0.5347564467136837196292731
-0.02029873717563376173123046,0.02319070883611572958526992,0.5369307405706882363460863
-0.02166159667710195607659429,0.02393709211984190038391418,0.5364655456801037392011722
-0.02054770890687785886430383,0.02738709503812752910079098,0.5383574876288225175002822
-0.02422224462333233407917987,0.02933873490714618628705246,0.5389787629107629651770139
-0.02195530636629052997910172,0.02872124072922168161459133,0.5402855191793398681454619
-0.02374787682477770209277246,0.03335383809129792431757977,0.5357721939179529435648419
-0.0225841297093196807788118,0.02615420342961524355351877,0.5362875211579212209045409
-0.02364673353900096849922186,0.03028300511328641322905675,0.5356046848579388841571358
-0.0233357791402193648355734,0.02928984424392738067366437,0.5396722683727112057638919
-0.02542438219273229077499465,0.03184820341878961957871041,0.5382074943809667111338513
-0.02669574624614876739991942,0.02963335933600452429259597,0.5385024507998625864502173
-0.02842287470703137516880865,0.02604756702006772589585992,0.535986926939640229150541
-0.02737509052186827898656141,0.02634570409669617988002166,0.5355715648237148185373258
-0.02680782025889748634850385,0.02775284066397484469823631,0.5358171443418549007020601
-0.0277101160587093081622001,0.0273269002629197427234331,0.5359161650354963279951903
-0.02822065062736213089666926,0.03527127613996020039088819,0.5412046867722584142512687
-0.02539922433884190047792551,0.02519334329253488519162474,0.5365823911657287004217665
-0.02608945174234154548709164,0.02442408839038726769965493,0.5358451183011601060002249
-0.02625236347055541485939756,0.0436186777959499602519422,0.5379074110830078803147103
-0.02467986652704163424987271,0.02848818048196032418073464,0.5361697981297464110639339
-0.02222690518230605732918903,0.031088568499839638881177,0.5324873466803311528039444
-0.02133139735868296374410313,0.02328788007508949403634446,0.5377387045202037807456463
-0.02417322634221465843529231,0.02101137091513002527753962,0.5325907573118943139078851
-0.0247452559765632545962788,0.01851136977272259051541248,0.5304851172091444855283271
-0.02133113348152979385496941,0.01935257968552377833004741,0.5356187198879590605216094
-0.02256203398449959512950258,0.01770167207802765887980634,0.5335205100792587140645651
-0.01975376195675487833725015,0.02064748448141055792159904,0.5323924974895783979178532
-0.01653138716479183797924968,0.02024547418727557640538706,0.5361030540950403322497664
-0.02032187386577638879558982,0.02342088597086006140912673,0.534856861079349599208399
-0.02037284348242079240476343,0.01391499114531408003159196,0.5317042689296701540868639
-0.02568314949049213188891905,0.01392253821331004316752544,0.5327306953043249304613482
-0.0203481528509602618837171,0.0136691877932252157240578,0.5354735610476382134947926
-0.0205804730718214708151681,0.01371385602243289751622779,0.5361567780204479216621394
-0.02146082928715064772062782,0.01377517141085271568101689,0.5338577555465019441882646
-0.02119119376107655994267986,0.0161823104907706585842142,0.5354553060211399984069658
-0.02381997698266792237720146,0.01324729507967284045100165,0.5324224197082433329697437
-0.0354014531487550701549516,0.01499341329902956383712809,0.5288303290110657473022115
-0.02623089811882235722340084,0.01765486777776131138706361,0.5289522249961342570401257
-0.02808660972759676258125872,0.01482780689554596617596438,0.5312180024989554549819104
-0.02773669118637375058389338,0.01519509032513256460705797,0.5314095587914223761671906
-0.02867110124198391993277646,0.01660782724924586215009548,0.5331473282325288609584391
-0.02759702591532734589074849,0.01480038893103899355629949,0.5319451851246655982308198
-0.02738843081435819726277003,0.02218870860493842023242195,0.5290969723330108953618378
-0.0273437278191462733445416,0.01845804038814404662849356,0.528594593381696120637514
-0.02778592806231482137402367,0.02325976065309824647453496,0.5291895258633082521626534
-0.02849995794672832358229719,0.02860679126845811631740801,0.5373456326115955139499647
-0.02568721952764744728692214,0.02345568829474177149907455,0.5312444766250661309925363
-0.02494227059559650169773271,0.02287350302010660377249884,0.5306046365161043443237077
-0.02369385029239075290963257,0.03213828331519834324847551,0.5262096909267841571278268
-0.02274467260921741659784878,0.02558994910873544498253196,0.5307121870002535768406915
-0.02151625061853406836731573,0.03042100447866662171758634,0.5265913651000410089508819
-0.02075188299881324666129601,0.03152346603144125236628525,0.5327057582180618755529622
-0.0239257091439631884577377,0.03922563646582003654694759,0.5339276302013837849358424
-0.01803557907049877298555352,0.04391266977497115808759531,0.5293126939618068016457642
-0.01606403825490250111829305,0.03626670560280238764239158,0.5331178272833104747618904
-0.01130382032513906932769121,0.03517543896958751081793793,0.5312556746061138923664657
-0.01353690640273801266968423,0.03824408205182190656490349,0.5306011129378801483014172
-0.01100490665581287455521142,0.03219856054866933325886436,0.5284656394083175889875292
-0.00992864676429111928102067,0.04650444234754293887368348,0.5289129689939749967564353
-0.004751463708135839070223483,0.03543899367612934198090713,0.5325228032878845940700785
-0.00374485357296859425538238,0.04049134227511488187678523,0.5292414486129175532624913
-0.002163107216719425875822713,0.04168384643256806132427528,0.5278524735527491129616351
-0.002039485114974070364274317,0.03940800143389978915653415,0.5283925583330736364118252
6.474019075491658950331775e-05,0.03013037351015661335917883,0.5307789979551372772093032
0.0006159560186553836302891796,0.03667107012411072869406681,0.5318899801620395884071968
-0.001131229562162540782169207,0.03122474779854013393620704,0.5327753835315851560494593
-0.0004434600622817338197792503,0.03527379792877042424814604,0.527820797842915467867897
-0.0002824642595147777886233076,0.02720438714792752094018269,0.5301947009674191635397733
-0.00212087286763201765538156,0.02401194263807266207622071,0.5292016261514027597456788
-0.004479549724161476648154334,0.01959557894900092189782725,0.5287226223225106602754408
-0.006249040094450318202912165,0.02284653792940439728798019,0.5292914990566308652830685
-0.008230405183834816826293768,0.02776074155099774246058253,0.5250569241072297055339391
-0.008899985765781678534458443,0.01985072453161940489452242,0.5285172868808424295750115
-0.01356779105529878903801944,0.01799763207857254035393346,0.5275921016134180741019577
-0.0156080726629103522240527,0.02956431860650498427700583,0.5267388852903784890457928
-0.0169549887870884818941164,0.02114352365862636265458896,0.5284423828763605834879513
-0.01713875845999976790801078,0.02538492491573122317172206,0.5316219807796775942421164
-0.01707883472996371901353463,0.02405321520491546585795994,0.5318014196657729897310674
-0.01601579909465357387521323,0.02226938746975062541344492,0.5313274432688283033243692
-0.01767022301105129408749228,0.02304937138675102262230787,0.5288293001069808152436735
-0.01481080440375646782580343,0.02237672668672753203966685,0.5312498070419673368292024
-0.01842549188079411343066383,0.02073192804552666940187677,0.5286995804732153025895514
-0.01611408904285772589193293,0.02484438546410882089898742,0.5286363573591471576307299
-0.01640824512483544592167384,0.02371619662791007651647668,0.5293153709008282525871891
-0.01970733337402029786145086,0.02113678086246846207774119,0.5289115344036626753521091
-0.01867664285070989860226831,0.02489289167688836512670747,0.5282336256114414929641043
-0.01858138323678531003690928,0.02289678821065751351815365,0.5300527688250840085970594
-0.01735840097207400414824896,0.02522593208957465971131739,0.5268646823544900215097186
-0.01899494798149222937744263,0.02377451628684970966198797,0.5278145061374014401778254
-0.01871422480072036653719891,0.0244075888676333861704304,0.529032292437516815652998
-0.02033000467865505450637542,0.01666478264415097165773716,0.5238484522205427706964542
-0.01984000851316857633177548,0.02124385045156912399377802,0.5256996778248685942003249
-0.0194078259062814111046702,0.02172966744651777873387211,0.5265603565286687270941002
-0.01883679907694398719675277,0.02328505504587436575336667,0.526369758591058389818329
-0.01998939725484958837564697,0.02246573592404861943738759,0.5277090588930816172918981
-0.01861715572381341526897458,0.02226935660096328664647736,0.5278279549020022942684705
-0.01926448279038397992657394,0.02632029681249315605784389,0.5198411560556392974064011
-0.0198427721164687320687392,0.02554364761128131294798393,0.5198541446125820586487976
-0.0225024894270909499305322,0.02112776299312464634017061,0.5222621326230458826955783
-0.0225660080853067324113681,0.02016560221465906951876512,0.5245285899359719561374504
-0.02143962224453744777608044,0.02711955213146850091066042,0.5201300081150787013584136
-0.02358520675766997976019468,0.01783119236163330928457427,0.5234327973527963528965756
-0.02136276543358374413461576,0.01779585778852570479569017,0.5231998653873158877658511
-0.02470876405672451162076619,0.0166815409582031642932165,0.5245083246742320293165562
-0.02303657580360391615714732,0.01427448623090771424870571,0.5250009114299465373676412
-0.02182592852032244970517105,0.0153247536748189958077937,0.5230483921707536065781596
-0.02021500307615170521913228,0.01115243072011532290965796,0.5217711496152647177027006
-0.01997953319193967666733691,0.01471565037048417658172017,0.5192788936322397796985229
-0.0195697987411535927193551,0.01494533001217759025924803,0.5207826966307590454974275
-0.02017890835426287832188308,0.01433570416314556769665778,0.5194090099285073591772743
-0.01725977179855414309073147,0.01671487239890685760901334,0.5251344219821385550517334
-0.02124888599704388703059976,0.01230499138854385110519729,0.5208400942205895223224843
-0.01929549422939056541048686,0.01286335193337846509453737,0.5212948749436477902108322
-0.01760254695440800071226661,0.01179974598465234961186532,0.519865457253349871891146
-0.01500782716904837908733494,0.01077169857348007214747909,0.5202749002231518149486078
-0.01243696584388500128715016,0.01388267945495708782788213,0.5216589578240184987834027
-0.01269562746956376733664662,0.02145358584530454582051107,0.5175163886517789579855275
-0.009187174189833656814951901,0.01244536444469164504500469,0.5205147918833096243318437
-0.01022492523646679335458387,0.01913005246700689651606631,0.5209555364409118594082315
-0.008465208129760863620116851,0.02000433945190212975395738,0.5169875462678619193468421
-0.00658913606159818639879111,0.01616226355065793554577347,0.5219617247214625166407131
-0.00801020245971166902632099,0.02556494613712271754546457,0.5207548568425682811167121
-0.008095867561562452435763859,0.01411477544666994710098606,0.5222629005890987441418361
-0.008839013362524345343573806,0.02040531387679152611203115,0.5233863248799031087088451
-0.008393168656630103918736552,0.02388037080041923582163221,0.5212589865874914796251005
-0.006052977254031029902270333,0.01850979079689293871346933,0.5214072744694985273028465
-0.005169463811730421604062613,0.02026609421702633279105399,0.5206886077383907629467785
-0.006572329291816132040837672,0.02394730274400310929272528,0.5232668866116985117997729
-0.007023741487085788381961038,0.02132583383773640345326683,0.5225311830020116232731198
-0.006693366957586486740150455,0.02016724490801545879858914,0.5245574118774898320083366
-0.005051581368999376493722497,0.01993460996656849087971253,0.5239478305997887774836386
-0.005852329121116689458759197,0.02499643514412927883250326,0.5223391458499647699298407
-0.007184361189921716593642653,0.02838447631571573703812561,0.5221346024294056809011977
-0.006573110841637253877467462,0.02577984582266826252272551,0.5226740622017749249295093
-0.00903898441118338065447535,0.02166452875551787976560192,0.5244539089999968872746194
-0.009844038041291316987191351,0.02111399481903594374521127,0.5246283737962192939008332
-0.01102731976698630156352721,0.02234738143651006023193695,0.5249353953241179260302829
-0.01159649231254385529088502,0.02265602341694182217390896,0.5263298161498085603327013
-0.01259235978132100877702193,0.02966393267952685194877027,0.5223954454085664167450886
-0.01401426258499049656847113,0.03038355877662908544056819,0.5213103217473313844010363
-0.01478141256098528498463818,0.03675748739076808990766665,0.5215254467334814458823189
-0.01349118233199773572716929,0.03314867120646271259065685,0.5210282201924010259119768
-0.01530776093075810091737043,0.03680897461186778685249266,0.5198560974643611221068795
-0.01726444092248407419232237,0.03277521401056877892177255,0.5228449085538027230057878
-0.01989564398307891793238333,0.03042585464815091358947718,0.5257034040942817343378124
-0.01899686147886938195061823,0.02308927669884742669981215,0.5236977129830673316490675
-0.0203048958750736731337927,0.02677409563684089027768565,0.5232129865088421816210484
-0.02578576670982834009859808,0.03251701119470633283281558,0.5262873463839076171311149
-0.02639371022394872839944568,0.03416590671527323930245501,0.527166475510849275032399
-0.02678424450713281015912237,0.03557518106484977571390971,0.527178189460221324758038
-0.02454227052555816440682079,0.03705390419290577330713177,0.5284691454069827543094107
-0.02643225927055929333486795,0.0385616085708764058659348,0.5276021623986412167894855
-0.02423414560256173522212464,0.04179156565656889227300397,0.5240456403353882519624563
-0.02014311521100190308097844,0.03658736341993484159074157,0.5232856958192120266915026
-0.02019323947160226936925476,0.03537091232188303152605968,0.5240746405187475254194851
-0.02218669946616286595131307,0.04735587061741045739049483,0.5270260100316090934313706
-0.01850609872415617460084114,0.04918414351999289557682005,0.5289676125669582340549368
-0.01865199685723116854174641,0.05034125353952133979928973,0.528598865711030985181651
-0.01495768546856139982748068,0.05107750245980637038289984,0.5284197583215416438306988
-0.01564558410958764161913237,0.05625180406697151413997204,0.5248040866214848110260505
-0.01372078140713500586655993,0.0520312028773222065569648,0.528749182406313078530502
-0.01231612330208631603256642,0.05659079330681507369327221,0.5268103522699639773563263
-0.008077079587110491329382533,0.05483201194472527711942789,0.5238775786616793883609944
-0.007354083078077046538301165,0.0498465404767822889420259,0.5247398587330096564329551
-0.007514233375897506200802312,0.0543553378871544853878639,0.5229996150092881546100898
-0.006140681965886430129786255,0.04472195424815827297093662,0.5308695580013210735259577
-0.006268930932626450708289312,0.04648694041123106052149083,0.5281759936409542444124554
-0.007009628322248180783138327,0.04840018432550418497894995,0.5261189508946585435822385
-0.003750580305165572819053876,0.04169458581867550861499438,0.5273507275852580278296955
-0.005311921602693924979177176,0.03991041298072350168579803,0.522136154795637907888306
-0.007013719884487738115419475,0.03972058948425347124633333,0.5245095187774645451028732
-0.008244585100293522206271746,0.03917001877262655390454782,0.5241031397927078394616274
-0.008528714937548241906140056,0.03650754609461435984396616,0.5230987515612350868821068
-0.01037145107900648913212827,0.02675798174678752777699842,0.5267494490590072242497399
-0.01499827621101908377287959,0.03112351873192074208640534,0.527429813611330677858291
-0.01761163117627279409149743,0.02534548312546398840527928,0.5292697596856802411124931
-0.01439450306276829003038209,0.01518704421413724116318722,0.5215298079344478088259507
-0.01569495722069631435391379,0.03156476043590639157798705,0.523347597308127521209542
-0.01653927917283156551198076,0.02716529266538334624891959,0.5249410828350312696599644
-0.01470449543151915693106613,0.02483122305713540353688806,0.5216355482928946019072214
-0.0170938946632560560823233,0.01054066932953113752691188,0.5269493400482470057966111
-0.01695674071558501277978692,0.01118233031847100898692471,0.5265485039328225980170828
-0.01829457390165831892625548,0.01640713308958227645284467,0.5276867792641360965788522
-0.01750972471693829426997446,0.01706886215146828991717776,0.5281189954900180616448324
-0.01785281796219708935757886,0.01739506699433575678814812,0.5274682099947012314800077
-0.01907403260073007103536646,0.02299117046475134679139884,0.5294218366395692099146686
-0.01740617660617267345446457,0.01913221720292264046991981,0.5298035662991882333017202
-0.01786840840060401058853046,0.02163183433638747252270029,0.5312003030285495919216032
-0.01797456186723016963169286,0.0214629073100829730058603,0.5328419944838637123396552
-0.01820068566833281040184822,0.02417388288351601799419655,0.5218045013098865370082535
-0.0168124332614283597542304,0.0238638921009599914990762,0.5201875941869937847172878
-0.02286171249609624672727293,0.02346264428168951671205278,0.5257695321099048468838077
-0.01938338009086321492291383,0.02348043630422909713861834,0.5235025730986084813167736
-0.02134631216166677294965304,0.02723032172460912100908637,0.5249553201907186661401283
-0.01762512540547104752941543,0.02552114117986359342893365,0.5270785444147816356519343
-0.0214406834078913546837164,0.03602242005727265133918635,0.520172513247565304617126
-0.02098209065285634722375363,0.03596268824661912749673931,0.5193568287213887746389673
-0.01954620664326147880252016,0.03115177824117175073292962,0.5270965952032778956137804
-0.01623290725206377044242956,0.02722798943051869119402753,0.5236466416009063484793273
-0.01460479538491684173284746,0.02624247974642317932092439,0.5252789018752932470590622
-0.01456107926700494180349832,0.02641244322333639871214217,0.5244183846961197881242356
-0.01568877758257893745286182,0.02903151210912126647945009,0.5264209730156509392529074
-0.01261444375170647953787739,0.0256504088185164139113148,0.5235224637685578219503668
-0.01205733050960950195062971,0.02577866594073375053342012,0.5237245058470724190513579
-0.01443263401526344476277774,0.02828783637858290136990469,0.526352240236166224462977
-0.01182756270551035479576818,0.02697389019679007765573076,0.524332354090723096184945
-0.01220251020817078070612727,0.02343464184963006333162205,0.5245634705023405341961507
-0.01094323309678487364526855,0.02896100597888900604615081,0.5254136620997774675956293
-0.01212641386085983215281647,0.02446097171562920322140933,0.5234868489719100015378217
-0.0127906102579898976745465,0.01774779723020955893297845,0.5229561433097533740266272
-0.01205471797771107828056714,0.01211996381753750393062141,0.523292895257220003202292
-0.01101274684733537755076949,0.01395525932463504911740237,0.5167295111660917816820415
-0.01780025440429228861249911,0.01439634920205114937408197,0.523211455022952631743749
-0.01399369157670322071085334,0.01462454294204787105804222,0.5168080075862706568301519
-0.01438360800810540088279232,0.006469255992537324174984636,0.5176435964724578342455175
-0.01994815077131718850100839,0.0117975619614116844502405,0.5254059098360743806921391
-0.02021657584145247765761155,0.01154227230205588823619411,0.5252936835381986080406591
-0.01618372752552172527673591,0.008226096623148106481981934,0.519189615834860340726209
-0.0161030878785806685904447,0.01054629763104185380395705,0.5193014849582464620425526
-0.01466187901741010900236173,0.01165552293055373625496607,0.5194333178887903246234714
-0.01888561278958502190339352,0.009352452313653064272513937,0.5251813260376313463595466
-0.01523805837326606960058228,0.01152859950710494532644113,0.5257708127587842339423219
-0.01550881801225288854351181,0.01159923052705639015536043,0.526081734776870035830143
-0.01169295184962434661080088,0.008238712742240798803106117,0.5239002695114848284774212
-0.01066885590623138820032256,0.009353612702906924369905539,0.5231550642665061534586357
-0.009225402772423670766377413,0.01451762407436876269051229,0.5233644937443454603354098
-0.0110073099998532521193173,0.01580097897690039068785417,0.5266420140505368996386437
-0.007733275277675982425917844,0.01695472576742644912894953,0.5294208002170865956514945
-0.01134456537812575036006102,0.02027211241097819777179367,0.5257679803401562601550268
-0.007895787153997010920924993,0.01920918682174739197665581,0.5222077413600511031077644
-0.009316410196408933183653822,0.022717107653499209879433,0.5257338229460499778866733
-0.005797797443307026003800342,0.01972925472789601938905513,0.5213290629484311766717042
-0.001215538035267662219859885,0.02197990241702539940260586,0.5241544296491602583643044
-0.003079461748421807951864304,0.02532400898663850555281307,0.5244940050868858172350429
-0.007868093547301890922085477,0.03667843126412733550933964,0.5265570707988087573170333
-0.006831418326277039800020763,0.03584720556025849935721794,0.5280805754140266428109385
-0.006821880991322707733781616,0.0401681952712694897988932,0.5273234813889409178244705
-0.003990906099504898905949712,0.03813628386974327738601076,0.5292142035402227495666239
-0.004930005958665055650069764,0.03398934872420263098025117,0.521765303861097207160924
-0.00313854515137704064009494,0.0320257030026854863646868,0.522025684472088857823735
0.0004109618277357917986124247,0.03384640628778313314883874,0.524519739584712874069794
0.002795781912909302193565031,0.03258746024588892592488421,0.5251722864321838324386249
0.001189517867665622688488902,0.03406109409310040941898379,0.5234351888514007233865755
0.001365953703506889507779398,0.03354741617711413936842035,0.5266547574378560581109809
-0.001315573999926962847628609,0.04150216537997745980259623,0.5222377253955943210428359
-0.002614626192156422387208314,0.04381723180270005735259531,0.521640940286593579600094
-0.004499245465744004801589284,0.03447278140638684179597462,0.5262087838747451229437502
-0.01053529329962452770752535,0.0469542809450592263376123,0.5263017994382817033027777
-0.01113289839133762941514316,0.04724402690491438794317958,0.5241734660143516633112881
-0.01336431205797714363847639,0.04144193961256018715610949,0.5290765917269982798742944
-0.0161100406742222292122424,0.04411085751800198490046867,0.5286682922176358934152063
-0.01452745649246505420248976,0.0374844103859865926398065,0.5299026103806910859006507
-0.01536178010107882782597777,0.03650740912204526733564336,0.5310474722278299974931315
-0.01738531262747457228901027,0.03507274418640471402852654,0.531092927258520308697598
-0.01963912674838531532972574,0.03369595588700020211136987,0.5309056955886330975147303
-0.02017999462459799109304015,0.03223701478607164661038809,0.526388832684302698794454
-0.02159855583181940000270238,0.03049543402802165278919766,0.525673287662935528885555
-0.02238790671642116453243787,0.03188784153599620585506358,0.5245429001782330180603253
-0.02400210608642601092799218,0.03064212804050841718050968,0.5246404696631683517438205
-0.02246075493749993129410925,0.02756994044026866985674928,0.5240190668448979627314088
-0.02402849025830194190644917,0.03305642495095380967162768,0.5224884260878930319904612
-0.02637163209032349422966668,0.02271333535467408293317959,0.5237633816763795913118429
-0.02296820080283001191956416,0.01336572075441670899575985,0.5244140054415384888386598
-0.02036439979690844725990218,0.01515591665188487785487226,0.5290724903208251506114834
-0.02185770907801001805559338,0.01671359570334322516838021,0.5259744831937424036638618
-0.01879679141623844321196124,0.01681783773300348297508044,0.5301357653017997328959154
-0.02062597641073760784680147,0.02898910504801990167811354,0.5236599091455914622983414
-0.0185960517618114981597266,0.02297942820335865249381513,0.5239847546712971260163272
-0.01962586350622312278413339,0.02720046884696539907233515,0.5242566243383448565396066
-0.01744831539590784366677845,0.02275395295292965275324448,0.5291570574539743443409634
-0.01492773334349558299327665,0.02587648673503835372589066,0.5230170228243128383027738
-0.010466819940566666688464,0.01907623506416053493772722,0.524819930280747248829698
-0.008650493045676747524974637,0.02089293378618005750380071,0.5271850504213774213368993
-0.01148825845123610175924078,0.02608158184326018341758768,0.5282584318124894373625011
-0.007753702290019747270233275,0.02537324295545841448817903,0.5295572585730071724086088
-0.007421966747842530416623408,0.02659557810483761594588792,0.5293523731100829854412382
-0.006798993360428834051290004,0.02317509572363941547368249,0.529399280638393254783125
-0.003400340958352779906215257,0.02583331542180307763278968,0.5225250444610810562906522
-0.003472156316067324336588351,0.02492686781955005467792397,0.5227353654079791578368486
-0.005227816358598060680895614,0.03000202636770231412466359,0.5233497483976220499002352
-0.001183941379043689868036382,0.02242607114125811165750157,0.5208814657846801976504025
-0.004071908239871262560893861,0.02616741793183583950077598,0.5238689616630721745949018
-0.002937312729159613413493224,0.02418793418534896655369693,0.5217458206118230634729116
-0.005504279482766298234319713,0.02078239461085456402100746,0.5275771148007187827388975
-0.002643694725137757817884365,0.0147066335494655670013131,0.5258999676072221296507792
-0.005870311617052322884779958,0.0227931622574080658405471,0.5240685025655051898496595
-0.007026714007528478585229426,0.01198205807476549443479907,0.5252296748322059505298398
-0.009316896957439320392513338,0.01412845563147201166653844,0.5273269173329465653310422
-0.01210598306217866397538341,0.01033128962023940368430974,0.5242448321051249582325227
-0.01567431287272181075764799,0.01001527576757249571315356,0.5219591152344389417550019
-0.01706925573258377681895581,0.009812828638640079190191834,0.5244853537246686459027956
-0.01872189100244801146510909,0.008493618144582642387474536,0.5252742482336718587987434
-0.01980570891902144747831471,0.01530598612784245769746772,0.5208433167826246323883765
-0.02408023982787613551104222,0.008274092910028570113656343,0.5233357952598552964573742
-0.02511223149605374890813714,0.0105279431268079665812154,0.5237014861120127262594792
-0.0266765147591481489863785,0.0123462653091498779367452,0.5246488564193867443208319
-0.02682543009993713575833674,0.0249887121309154240644812,0.5227808908987314762129017
-0.02613279229697925906683587,0.02009182843726426206942826,0.5261048217576074215173776
-0.03118783697969056828425138,0.02453051377418622933102021,0.530107147786085697305225
-0.02880932776868028177830183,0.02440705119702990186225655,0.5270254258844097039471421
-0.02796048450856716827139792,0.02980565295435240458221671,0.5241351159625218247839484
-0.02725414400469951606287289,0.02236244919642632958400874,0.5241926437059314380917385
-0.0267382273080308194290744,0.03122494614199168919133065,0.5203610417718635972050834
-0.02932059645051985491415181,0.03840485804643477274478158,0.5227348362322985497741001
-0.02697241837616385501386063,0.03252703068403765135352401,0.5295815991543875167479882
-0.02217816850636258885209884,0.03106397571945772317913992,0.5279482594961906194441781
-0.02281964320923635103355309,0.03592442892265425291586922,0.5274398937160588163308717
-0.02166148028342370496224234,0.03059182306253949157337502,0.5267253131420748246682706
-0.02067600213194188685239538,0.04075399912271089608584163,0.5236150630074459799701003
-0.02030371588333841278983805,0.0289361213658595392561601,0.5215443675457452910038114
-0.01848036411533361678127818,0.0425936136944863805164907,0.5195789246555884144385118
-0.01611273777298218370934713,0.03764361100377493912771953,0.5198901831469940892915815
-0.01417657531504019560730789,0.03527312853154831312485484,0.5196395316905866312851003
-0.01546879567097198156233606,0.03441419504209768803759673,0.5259412589806056192998085
-0.01276972054102534608055475,0.02773048068390004256000836,0.5256981517308981777247823
-0.007952711220633821437298039,0.02882281181842697576067636,0.5260061696828588484464717
-0.00724322627095852836220935,0.02740345869418128049721517,0.5252494256210323841926879
-0.01016773741395553438959798,0.02498864656333158601464461,0.5225758127055352142420475
-0.009042707900379658506051506,0.02810453250230774899232067,0.5243344588681650986217164
-0.00659325930036307270715179,0.02250198113483297540637906,0.5226791306151177263217278
-0.009634990541323834242759538,0.03519360226250138612424934,0.5193233860706747417879114
-0.007252417603829349954103201,0.02487703008580413946426724,0.5165279262054860431874204
-0.009962476721098579776625392,0.03517860574119967970174727,0.5200460815320311347420557
-0.007348246569960201549087664,0.01968357244145660031597878,0.5219550557333350049304954
-0.009072888909190139281046861,0.0203786711813412797777989,0.5198896842948200758272037
-0.01011452335236217268954473,0.01580668176867822127817931,0.5198970211643013650260059
-0.007811251958584550236786015,0.02520991655126260388986026,0.5208129829209060535077924
-0.009056365398392442547792491,0.0254601127744898542148988,0.5201179747127014918461896
-0.01364175593864269848964899,0.02860689987935053149592513,0.5197906877836341310583634
-0.01126251312196756976247158,0.01922307542416160780485157,0.522394527935773456128743
-0.01233806938399309958975802,0.0257008334822530319641043,0.518624928163582965545686
-0.01165788896725305189006061,0.01601620607108847002542085,0.5214859472307579180139214
-0.01216104921010973359540852,0.01454428619199510212822712,0.5225993493848811732860327
-0.01073335191894841250670467,0.008719110172191631147331492,0.5202143057788352065173854
-0.01198055642191979755506459,0.008855271524326011056693631,0.5228137298220618678357141
-0.01331585208051807613094386,0.007996027055927324572737191,0.5228240550294187549695835
-0.01622401796559686665277766,0.01029472785043107629920911,0.5202927696021200087983516
-0.01954228886677109380820561,0.01163647057883227670105342,0.5185743275502752158701014
-0.0168302192037851558459316,0.02297748602099987727531705,0.5139585774696765474445215
-0.0184760828027520918048765,0.01119383662663238701573398,0.518750250731663475889377
-0.0189374038760882629217619,0.006840455780275312737404025,0.5207300267649620506560382
-0.01964862200967998004386139,0.01640418816648004859959364,0.5153566984458624045117858
-0.02188030532747215275990449,0.01077670043349996699399984,0.5175208171347098762282712
-0.01905149933711646273448714,0.01340563781424214048754173,0.5174464674953649367949993
-0.02196334401291795412891616,0.01568736250388469075089937,0.5167552034498369417647723
-0.02143391219010472650841059,0.01517316218128761384775771,0.5179758146501148852181018
-0.02157061241542664042913913,0.02036547394068056668348099, 0.5206031651656239933601
-0.02274470255138346178047648,0.01655636424614042104264122,0.5166444958848626090031075
-0.01871097533529676379404627,0.02384664802749487250155269,0.5227466742907378449700673
-0.01694725238127505265173234,0.02472575300585537830255767,0.5215947137320343651722965
-0.01585343500255652002262075,0.0245981231774212889817921,0.5200818371009620078027069
-0.01444145328890199427018803,0.02430935072592630211141262,0.5199384372403843546095459
-0.01482440401182124126155948,0.03387447272892379207531732,0.5146731950902507790601703
-0.01345754684547201610045342,0.03750309457554250325284073,0.5127772327620470083076043
-0.01539393525921115349341939,0.02987071460258705277168723,0.5143521584200547724918806
-0.01243819585615534538403093,0.03817964359386257638950823,0.5121346251497682633413433
-0.01292696164261031982478656,0.04420830457056577206254033,0.5172185478147141024507505
-0.01082351507710537473483381,0.03100469158256004623130941,0.5178505649832598756177049
-0.007458198101396484175351631,0.03490607474895626727295905,0.5187673786418137700238162
-0.00811235775253799605566396,0.03185994747095181878204784,0.5155735038226172406439218
-0.005162087424270099186851546,0.0333145715149958110412598,0.5162444185445895783459491
-0.002420478766666693884457295,0.03877747999574753662299642,0.5131521865616407440668922
-0.004585725845937052742862239,0.03927101277890035491147103,0.5124907676395146216563603
-0.005278359935196280487701426,0.04255920446288585096139556,0.5130055758087198602979129
-0.004429368880453410199649067,0.02800607077865121044557561,0.5151806129904683562159562
-0.004353001571916595251188209,0.03576233312725048824054497,0.516130999553441993654701
-0.003475974083012492877459154,0.03084133274380171027551079,0.5153231422712057918644746
-0.003869712860636180789403182,0.02936532160463750998347088,0.5176956036798234794815698
-0.005299806919436660275490869,0.02792839571871594261942562,0.5176041991096694827589886
-0.004782908464181185453911738,0.02806347408484297090147663,0.5178133549480981034918159
-0.001210847263738579942041196,0.02348996761919796769091384,0.5186723223856176678836505
-0.003734930111347326345261344,0.02065291119479337883513281,0.516357412063653153921905
-0.004772004128820939855559757,0.02148519074951957263941438,0.5160990129784613911212432
-0.004655063399563133530456582,0.01753370232527814640000052,0.5152036548535040560992115
-0.00531828920231094091908286,0.01609164045595699171764537,0.5143507829515665541464386
-0.002545061035884811986851339,0.01576998774069243713924493,0.5144395394483114447581329
-0.004916825640288711475600625,0.01266348577892049270809949,0.5140921453782245631458636
-0.00313975262539717024298791,0.02042727185092473030092464,0.512595450722023726619625
-0.0060445370890138908764877,0.01654583597256558888388689,0.5106198462325757247981528
-0.008604947175218690194609117,0.02037997161290946296352544,0.5118698794024348908138222
-0.00445107215840591895206213,0.006755689685083061078729738,0.5161195317602511600796333
-0.004595240021478722014514062,0.006584929483079304639303597,0.515105782526760647144215
-0.003354305690919396482074788,0.005329806158840903404505518,0.5137624718462213690983731
-0.00423415776281045597162489,0.006178658889387785707603129,0.5163639380455863348018397
-0.004787852508125454466247906,0.00401379743430352060179489,0.5148528698469825304329106
-0.004756745884661052470310239,0.004809166636864435455389621,0.5153371214290376478572853
-0.006548053152854358370527077,0.02027120325739764292172218,0.5133445892885347694445386
-0.004552572749683676638088325,0.01357499694906094678259478,0.5102575246834478717161687
-0.006036734412129487852005649,0.02163166805697606942526789,0.5137009646696537590315756
-0.008826654765883679143456675,0.01545624132819346102651892,0.515880492028418569105952
-0.008952174268090489286930911,0.02355728622896415686005511,0.5153389608012562961292247
-0.007415787692668844230392544,0.01371001073130554900880718,0.5162397022810275570847693
-0.006477497504209082067327952,0.01451492804808856597331701,0.5159613713781965316229616
-0.007487197702959459862104286,0.01467170273765543847543924,0.5151624065377667927023708
-0.006958530467963825773269892,0.009845811982900517372874205,0.5141350231424705041760603
-0.002990839805270329061770429,0.01377002383001050406230448,0.5180147879708790759067938
-0.008609416674765670365876424,0.01765564675975565822607649,0.5165313220609236699587541
-0.008738833815017032699556943,0.0298518492695714621198988,0.5136633041770354290989076
-0.01240322665233546499397033,0.02356381202285843731725201,0.5148213694254321071142044
-0.009512965262517712392020819,0.02844031617763925073871789,0.5119566591563144974941224
-0.006013170441185664363836771,0.02383522205491252904385746,0.5179981341291156615724844
-0.006123107939533230757722659,0.02023952181074758702172822,0.5123806039817550006532088
-0.007465928579901423035869445,0.02588485304353502908236706,0.5136235844923100479775258
-0.006352751140523731770981541,0.01426290405683657003255149,0.5189038150381722891424374
-0.008895312272819604418327977,0.02713869586556437799029773,0.5122739396035733694390046
-0.009303700355839760252618653,0.02409429609945129904802208,0.5134409560208148537441275
-0.008062084019321029762505937,0.02485441303303921600775794,0.5134820176193967133926321
-0.01070309479379183935365827,0.01676955257148945999112755,0.518815712707656806479406
-0.009095276033623277134321228,0.01443838099759201486216309,0.5206765287376359241378054
-0.01204863651928323418915934,0.02469037486981461720914055,0.5164395899438197767850056
-0.009834451782641400602313908,0.01175119060600749061606951,0.5216723656888911930806785
-0.01103008798920219156458611,0.007970024741149488167746284,0.5154487004308089259652093
-0.01169113734667723107640835,0.007850360496560513864916508,0.5170333549987441434936386
-0.01347978782327282319675188,0.009100111243135380889590635,0.5169768424492309222273434
-0.01280910560761430727616528,0.01209703777211015331138899,0.5203089360814545649702723
-0.01087542980334488609828192,0.006021256158961339755020248,0.51913457397673035131902
-0.01069754412413177063756464,0.008459156077211562457796035,0.519789980218818392643243
-0.01162791172605180840815553,0.009483704356871677093598905,0.5199628110623519816613225
-0.01032885388983723756739508,0.01006550001333180073548323,0.5206348033239417416595529
-0.01247904548491165360735167,0.01968744188499050445928518,0.5188676166807206779907347
-0.01085712683161736344383819,0.01111645355223187144055874,0.5231943732631172405689313
-0.01126750466747447436410834,0.01378450913701840738201376,0.5227009007887081226684245
-0.01222640405755301071244467,0.007744555906006566833865712,0.5195586055850867079897171
-0.01331075370475201524733677,0.00925385127499838040787683,0.5192324329689824713440771
-0.01299156614277806667812065,0.01505092931908908956972759,0.5158240380984083772730742
-0.01166327965506620822910833,0.008368001901501142744677075,0.5208307948190841196733913
-0.01208006616889471113163168,0.01020178916583566394726823,0.5206372429517157618406031
-0.01379177001168127580932321,0.01726845402040637009188906,0.5211820356217978789103995
-0.01416325279684145510561422,0.0179688190743421856432338,0.5232718477101051535171905
-0.01404527801904740386129689,0.02032006401144250545831582,0.5196728178841378831265274
-0.01372848185029592465999926,0.01223120791743973270748747,0.5226245317420517011441916
-0.01385224681041959636507155,0.009513815150061848482931914,0.5212528092537831447828012
-0.0135868569824118129441004,0.01357083535881438603187821,0.521922400990511792251425
-0.01595116533615413556557172,0.01312835371293518370305886,0.5211127137188379387922055
-0.01546051767718689511077468,0.01584590550420570884138094,0.5229856904805830764004781
-0.0141112778140012433414352,0.01855776444969052876854398,0.5234163895474487349090964
-0.01642774805445567851136524,0.02928183840329969672700017,0.5204027529435759635845216
-0.016124446324505783967318,0.02999023731386103730489623,0.5201836650855757859801543
-0.01628157747952116429779323,0.02603274342952105468995683,0.5206384569305387843840549
-0.01603241455294203768322525,0.03204404478185301358150738,0.5208332422878660938891926
-0.01498451771178095810743702,0.02877302795425114301242075,0.524823720871891552519628
-0.01422945244315955773406479,0.0329244022635925281949909,0.5208595201489910619940815
-0.01287317563253854123261899,0.03563468615629155483714996,0.5217790669910308265500021
-0.01071232573395266077231902,0.03264459793795826403339788,0.5236461281169633164012112
-0.009998824881293066207943454,0.03973023034562600530605891,0.5218507203332473087797894
-0.008034242516275262591118889,0.03883662481232946078746338,0.5219097229621558753365207
-0.007809234688082481584681105,0.02654086042181845461751521,0.5235811562420873421785927
-0.005523504719106731887523498,0.0411452727498522671800707,0.5198725377746103992748772
-0.005022846787753533492892899,0.03801344642182941796493267,0.5262153601593296814442624
-0.002402305708549862858086632,0.04097844966249240827860234,0.5204981028379569441000285
-0.0005232227441043930645306337,0.03106199339935638778498195,0.5243585802621818503510553
-0.001492051546081305055807542,0.04007639089295132045487335,0.5234471969162116655738259
-0.002055288433460106083117136,0.04171738595473908906008376,0.5210700809830722812776571
0.001128809722172629138176037,0.03031980590736717620647944,0.5235878342356938830448598
0.001463954722977704779943164,0.0295930480990949269781698,0.5230364000444448491222715
-0.00121961527159777623555148,0.03471265887510203984600565,0.5226623060019430777600746
-0.003852888003953155570541211,0.02902684416344166601353649,0.5255418224861325704466708
-0.008024029266806754004393021,0.02773201014298506267286015,0.5265836022276833006117158
-0.006360923294297796300178494,0.02484187341524366279821301,0.524565354774795045145197
-0.005552265391983553927124362,0.02570342482297014938263935,0.5204165317585756067586544
-0.006915689221531676721121951,0.02420113145991544326141032,0.5190859288542117866427361
-0.01089791496002000606435622,0.02086754431409207008463191,0.526646274186671203842991
-0.009845185647070760909249643,0.01982879616099797806527683,0.5193176820598863763223108
-0.01207668526505380028612802,0.01794363008119222863134823,0.5196330171718087642673822
-0.01129045585408552931916404,0.01619915455441566995431479,0.5186909751254275002807503
-0.01292676707988407898419769,0.01277124796715945614922205,0.5183395621952763265838371
-0.01610427803645036667901103,0.001334017959984246451399237,0.5219521816994395768674053
-0.01400870149780527977589895,9.838880718569768400912079e-05,0.5206377889638451605947012
-0.01466305595424521532321727,-0.005064892231020699624177706,0.5209738875073670616444588
-0.01604499581811882208404185,-0.003829544940334886609506482,0.5213058981533479352421523
-0.01615417172589814903682637,-0.0005536776624007445305603037,0.5193078558181301040974631
-0.016173975635354460173021,-0.000865683865139060771884405,0.5211324621587620775642336
-0.01736733689470324609738228,0.0001612950068452619534122711,0.5210476402762009850988534
-0.01618425053728721890733411,-0.00279503511029599105777721,0.5209693728451449956651231
-0.0145130133581463025005398,0.001802252644749341003310716,0.5206053713417454487100144
-0.01507643669724257826092462,0.002741642583404865080032309,0.520081264234405593605004
-0.01338677487893352203995878,0.003777346761486745623653816,0.5190623669624361280483527
-0.01316280206112506977189636,0.003246703353542214690041767,0.5202479139967601806660014
-0.01131380436503288088034846,0.006540968882389060559678917,0.5229353972877948120157043
-0.01350193401153200120634601,0.009715485236557267964552231,0.5208362251636450279690393
-0.01274432780240402143800971,0.01229863837396933008705435,0.5228317813636863542470223
-0.01213553529985677247038378,0.0162311412278077493720474,0.5228951686628680040058725
-0.0152585166849963024815473,0.007187815732324269110686821,0.5187609813470950292924044
-0.0101505150330733363156499,0.02286401192573943308428142,0.5191587437177568320478827
-0.0118326764814831609379242,0.01710353514898332524807323,0.5229939450619011109822054
-0.008565484514644066890709517,0.02104209446466366595362985,0.5181535374896149015455649
-0.008161109174911810454355887,0.01619917302776060358260324,0.5226244252626933706196155
-0.008435137508123182956132347,0.01343958094730976840502912,0.5220847956889577146100123
-0.008044712146461982169021177,0.02251009272652790965674185,0.5164874401006979143247122
-0.008903620825579250039338852,0.01040730516465762818534291,0.5187518474801421364261955
-0.009516906289162909218792841,0.01200854378665205425547047,0.519652421153884214177765
-0.006079265549161005227629673,0.01219948991432357951469889,0.5229247960104373982304082
-0.008450206551377450678308456,0.01877937156629714068878378,0.5194926365921826993954369
-0.008896208738707486740615593,0.02506389009565161349324391,0.5204043087648211329820924
-0.006758799325297789803435045,0.01081958334229454234132195,0.5228118619186907789497809
-0.006969519049356793366500895,0.02086441677110801445893529,0.5174606028496658849391565
-0.008724561226758270615633251,0.02134494677914036339649861,0.5189827253590915123737659
-0.008793275567878499135443526,0.02309879990201248872727646,0.5181149607893227315713602
-0.01371735021667875968620631,0.03118154485695980027148977,0.5202090494933120368159507
-0.01132284254170386889049027,0.02188292600771908624768258,0.5211779234393879578490782
-0.01241232135392110816352051,0.02978282216307012730815984,0.5192323847550572857301177
-0.01460613667096156281788311,0.0292729952175184195140023,0.5170166664856657989801647
-0.01434551020111399059764334,0.02439814773090364860563817,0.520252452215195226870037
-0.01780215668239308948739286,0.03183604204813633015147545,0.5159230292602536849244643
-0.02024759916618954283529241,0.02586473812822907489272772,0.5202241142219948821789899
-0.02025600894097892221146218,0.02742925266662829889008357,0.5215994229904028500754976
-0.0234550439786253700491514,0.04070700266729588429059916,0.5164423840728274983646884
-0.02362606682141797642682235,0.03016806369275728400003445,0.5184947911800397157833231
-0.02531816335453399013921683,0.02498588379442063731050716,0.5233636873483584750488262
-0.02499826494135311272248856,0.02592145235007822096084951,0.5223854980935106473438623
-0.0228578271734712519525079,0.02662716812223483303645466,0.5236636624415429430712265
-0.02642736440946646600536063,0.02522856757004766914409544,0.5237437704691553230773593
-0.02621008159594961570149074,0.0268501676841632203052157,0.5240015122096828292796999
-0.02400078944947823395006381,0.02993187927796513159162117,0.518447648403386973647855
-0.02391932860761813300909395,0.02732700359318916694117974,0.5178535267836373856553678
-0.02134875575633688252197295,0.02694508355083905654092646,0.5230773288199304094092668
-0.01999593564783896590397738,0.01702205119935587193658044,0.5214031167978109282401533
-0.01813336948655057054291539,0.01798838066457130943631704,0.5205808247447023529019816
-0.0205246178653657324053583,0.01743532730081541123889899,0.5192397685168556042967225
-0.01481082550754712554019754,0.01819501135383095116737628,0.5254287779394192225979054
-0.01718978218807240901377931,0.02938846656584723562866124,0.5201187784536351887965111
-0.01360693931929265326763456,0.02328634442896185957616595,0.5227434973351237079697285
-0.01539416211606596182615014,0.02334103136365420216868927,0.5214493864564689884488757
-0.0113681926058533701306974,0.02393416247570533811339644,0.5234551813186988367121444
-0.0101362084758036142401183,0.01779639709788211412999637,0.5248510250805676902174923
-0.01273440317012260354634368,0.01686611412914737137547228,0.5234544548970693211842331
-0.01098548291535075827063395,0.01716771960321630124957082,0.5192138991957651050768163
-0.01410443744964010731601789,0.02414426097773070267749063,0.5191645648791495259999351
-0.01115193439045356581240664,0.02443031187750928714952359,0.5227161998879547022411884
-0.01186684510869862388404705,0.02247842420952336425776785,0.5259582066192317606478923
-0.009881139491926638901420077,0.01951607435797463388493789,0.5275986961055183499524901
-0.008866819388910063617914581,0.01724627546746586997938877,0.530126724096947832265414
-0.01056975108210841431122251,0.02008021205231981173855438,0.5265374853185165182622995
-0.01354286080972069879202468,0.02255821615887138031908421,0.527180480766003545234355
-0.0144000388006695449749639,0.01746199907331309059133062,0.5251039542323061581896582
-0.01428391644886877788478419,0.0303234232908046429100235,0.5238084922444130597796175
-0.01448125120789285971700799,0.03465183108625687069537236,0.5229767865996505227244029
-0.01441944008660694595547191,0.02273493053404606473177907,0.5272765589832032473438517
-0.01376999217309817641341496,0.03299423525993590289306923,0.5267214914110637247190994
-0.01313318425143224568718558,0.03004818846432886700337228,0.5275111286097513563220218
-0.01354906409215921557487317,0.02613389230371190516399871,0.5259025380063435672894911
-0.01099911043755513566366755,0.03010087415180537698256025,0.5293424128742179046724914
-0.01208625770058498194448049,0.02730830628006869834067949,0.5273320415754939594066286
-0.01294741424758333661615417,0.03017893834005741515724708,0.5265849422864949946898605
-0.01365132022201061799682176,0.03423986496952442781793735,0.5308350122439525753392786
-0.01278812015118714964789781,0.03759018929997515190422064,0.5244561203723180353719613
-0.01308347857777200119733241,0.02427144048584686450431569,0.5270636871354035246639569
-0.01295429160106956537057421,0.03280917999791110872820354,0.5251588299643809021333141
-0.01158418708167641836270789,0.02349626449808739706015537,0.5271016162775774560600439
-0.01196674140043901303498419,0.01965144494848987399837625,0.529365708634558229661593
-0.01092880194524163857405785,0.02558907814490693141684652,0.5239654534927128404220298
-0.01551617041846511599323399,0.01498865259411454563254207,0.5233800537067611058361649
-0.01197373086443566381209536,0.01508889067162502706231919,0.5252851424933520085858163
-0.01163186981142288328738843,0.0188503195857580990724145,0.5241103785744605225715986
-0.01281521812985610131452319,0.01439117397328448094695474,0.5256997753583102506169666
-0.01544875245529538781985579,0.01681481359570789063662133,0.5239908917510824881702547
-0.01401932791958743727833703,0.03111881068782744799716689,0.5260785752404157911144011
-0.0118312598091968555757969,0.02652142829080404717867481,0.5310420641649811202000819
-0.0135929976377323503272665,0.02475346555234722925598057,0.5293529867443158565265549
-0.01326106541286965236070561,0.02574387234496029394636984,0.5304681389657732726305994
-0.007123647960993584500599685,0.02012267867028319501265798,0.5277991654750862071665551
-0.007285934016071983140849788,0.021069520921472000701824,0.5275534347978826366087901
-0.01184064633788700290906171,0.03023217036102769650351973,0.5234483037987537334956301
-0.009233690719455430254147821,0.03135234509771471500538809,0.5233418719035839439257529
-0.009139087438945642585808038,0.02679235724928690637325346,0.5238985832258362673741203
-0.00723555220374029733204635,0.03281987935750134421919455,0.5246416431076215136641849
-0.007256569896273402757447268,0.03552693578918270089772591,0.5266705793380360711708477
-0.006960972311346911092777567,0.030267499985059644757035,0.522777892225787743640808
-0.008396646452762389009616406,0.03385770021736760754249573,0.5249751521382747254662604
-0.00712335868116950945982957,0.02294120266202056071525028,0.528191195805903679350024
-0.01066034875273064695677672,0.03402356210271521158583496,0.5231931790312001062659419
-0.01017723052141867971787104,0.0357370865032098222746626,0.5272162175703234421320076
-0.01184512480734396626391725,0.03951738128531032817614133,0.5267750734260540079745283
-0.01106705519556990847951372,0.03718128132285686976432615,0.5222219856062749743230711
-0.01236065127474534827700658,0.02442756119947998502683895,0.5260570145909578831933118
-0.01328109240611244704077798,0.03648399417865343108413612,0.5311796501212615595477473
-0.01209489230497205400349792,0.04169055038258898115977047,0.5254630493521510459231649
-0.01531058817387534812248795,0.04524879800750299801981313,0.5240323635471384466910649
-0.01622033549734386639884498,0.04731929372136525063785584,0.5271265490779065698845329
-0.01584013957505240113854406,0.03613219040880438076568382,0.5265405464778070143694322
-0.01666423984615170855727584,0.03636156424201254788730608,0.524116782789204371795222
-0.0163734596876108397245364,0.04313024330450763998978658,0.5285184535413527395775191
-0.01639309201564577433973824,0.03667999990799705734012548,0.5262442710443626658900484
-0.0141028885409852280247156,0.0422578496073694048762448,0.5261497944215638433718141
-0.01157181673506481496549458,0.05114921214537380966813629,0.5257624699714156246699304
-0.01079689519967641161968253,0.05312018127517578042207091,0.5260354222213232677773931
-0.01284393822012314285985202,0.04038837810281988710547907,0.5255184002579937896371121
-0.01182763368911461838994814,0.05157852757191382780943556,0.5249915799582479669638246
-0.008421233281245173174500707,0.04216610789434766665140231,0.5288182111347629055231323
-0.008008281617271927055323744,0.04759851038274097445590627,0.5261501215031791911513892
-0.008319604168308521174868275,0.04039415341525359748331425,0.5291148279688536737452864
-0.008532545889403728503475044,0.04632971098487127792342477,0.5264920316520802501258913
-0.01195199303287565288644867,0.0506890075098411913012697,0.5292517616245915323958116
-0.01187924010716152195543671,0.05002754701268698894756071,0.52725585370784788796783
-0.01040159443438680615667824,0.04233226698009100175124075,0.5260911211244302387868288
-0.009162624523233953849343791,0.03243894205245487910582725,0.5297851817185170730795107
-0.01208051121389503573810842,0.030374026520478266538694,0.5279645837278349462806659
-0.01269311296065159765100727,0.02942518977433094401474634,0.5238473024130969601941388
-0.01048114111144607049630473,0.02554665967351070834934212,0.5271914660115474271506741
-0.01421437063576426983180223,0.04066583463387110630726795,0.5322282839744614246768606
-0.008879542231898854970362223,0.02681941716298701441911767,0.5324708182121791200103189
-0.01104807094897392212573539,0.02722088940958585986940044,0.5334266937828836541157784
-0.01348801379516398682434364,0.0348831010827710466526419,0.5328809140286536738528866
-0.009048507470427173682292477,0.0230157597272960257051011,0.5270931814386691227625192
-0.007222248980114654923201378,0.02265107571085046844761024,0.5261129243704332214548458
-0.005716127104975307626766323,0.01440661211326631392648512,0.5314584523698550055925693
-0.004557739054331523542717974,0.01185183028993014309193654,0.5297428190571078499004898
-0.00363886932846247150227792,0.008922355545234940399357271,0.5296258363661154877632953
-0.006080158608290667406059971,0.01125438462681820073196803,0.5277164469715357464352223
-0.00505566128201447289453041,0.007705102088943918334229544,0.5263069884970952294622748
-0.00334934214469014349124798,0.01001274400720202593928487,0.5288631045071247038791284
-0.002703627886719019504657702,0.0110236679209724432876305,0.5292290242047242854184219
-0.005321726315815639846151797,0.01202467716877719805523839,0.5274745526383398663838875
-0.004983318330901765659535219,0.007965709570772212116951394,0.5275994280001623515374831
-0.002374678322388730153380543,0.01304748330444687257068104,0.5269317372975242941279816
-0.003012345658735443403031251,0.01651580886746400328446427,0.5304996831017065872515559
-0.005979244777756248171995956,0.0106391525944986645169088,0.5259204612977724790923162
-0.006054053237953545968386138,0.01411773781600299260130527,0.5224270340993232286663783
-0.005245857762263375287381528,0.01121626348917962451290364,0.5269569715043084245920113
-0.006754428889416582738880468,0.01978963497674548002724926,0.5237795841002073071734912
-0.009131263650645276078177126,0.01660603566873082234667258,0.5252204005783739360069262
-0.008043323596726532562217749,0.01716663518131411603206971,0.5297813030270334122562303
-0.01216209326752376931879418,0.02336377408393436327926906,0.5284846450058200417743137
-0.01119038643223872926679707,0.0213918095962006109267417,0.531427259499973603240619
-0.01766074134193264602576967,0.03303508939873694982836128,0.5307618418105416457919432
-0.01465342017224549597820271,0.03312507037605472853813993,0.5296749603585788612747365
-0.01711807384394745112921044,0.03757118517624114667485813,0.5257074154940345467323937
-0.01803988508854494077215946,0.03927578813520586631380382,0.5247269534666312296167234
-0.01634215119729468326803534,0.02687222950998451737048001,0.5246560131264234039250027
-0.01694471511573033065123361,0.02842540749170692493397183,0.5247982715764751837639324
-0.01874470956118380604582541,0.03231583683715529009550238,0.5242635003801322524097372
-0.01837069752960448013046069,0.03041714393789091488984333,0.5249083709001174380404109
-0.01649459012549285910620434,0.03295740698076877334132817,0.5279604162352652396705821
-0.01419199338360034243211594,0.04275583396439752714712768,0.5271571773082334155802187
-0.01396604489344542912587777,0.03754784317837661644645664,0.5280303257659939575319186
-0.01254375415221071002336295,0.03731342767900944906722671,0.5288267058127924524768559
-0.01500716919188827512543494,0.03364080013532745605520091,0.5265049201657749922134144
-0.01543889867372504401399347,0.03444886502887766627223343,0.5270666267798295168134359
-0.01416288201746639108247194,0.03612060994467455182777016,0.5273094531559681108490167
-0.0108225759337663846038069,0.03573919854274643093106079,0.5269982289618821980070607
-0.01196776737301129961421609,0.04160750274744624138678617,0.5271641985182599077219834
-0.01112873020490320885578228,0.03758925780563261015432275,0.5265463854832992396381997
-0.007925576164972730069946394,0.04223680074028374198391589,0.5227846113111097592351939
-0.008882992087761356486685926,0.04997512364293631853540134,0.5201335983319053113405062
-0.005352425560772164012113272,0.03517808746267539476981767,0.5248522177810026612121419
-0.005665258130219710287767132,0.04193409348236300931977993,0.5195441729822128928972802
-0.004469725425131662426003754,0.04778158601757779427865458,0.5202635276466284208751745
-0.001700358624737118495504062,0.03051329587075706992194135,0.5236423221957650087077241
-0.004829563099121992122975122,0.03120154908089849479790878,0.5233293405313927948441233
-0.002039857411916725510314663,0.04367729760896008756043685,0.5206368602903469477993781
9.240400770469035210581688e-05,0.02689408854874221835307146,0.5221817780850379620005697
0.002295657486017443731085574,0.02976545416298816831845997,0.5240988911286751372742287
-0.0001400065688361501947331589,0.03246443992004224149416913,0.5221748239764842924870436
-0.000721025532167276746522977,0.03490735087700568006763291,0.5219183679711625334363134
-0.0005092239624395894503905424,0.03714377365312623163751127,0.5226758855384647795006003
-0.001101104716241617766450678,0.04168710396530509593171487,0.5214042252784484299255041
-0.001075326302213625581996603,0.03981649323024303438467442,0.5230945308466499188426724
-0.001723871024216796186967482,0.04075417332776320317178076,0.5210852343115596196909678
0.0002636389796830068232673383,0.02703424089480739242463692,0.5210880226485017363557972
0.0006752303962798425701966054,0.02454524676753105233428798,0.5192637347307257345008225
-0.001135200307629282779134372,0.02486747976414908911646506,0.5205499025455934125616864
-0.0005903708073157458305693646,0.0184380160310660401457028,0.5185885835137507005043744
-0.005343266094416107905851199,0.02277910795188981332715095,0.5138323557387424189712988
-0.006146519606634716879900449,0.03232963502602909794392261,0.5138752099095352798840963
-0.005569343838642294534924115,0.02137348287608067248788402,0.514182159887223488858865
-0.007358865140211731138697449,0.01286228122046487523655323,0.5163179134383364399241145
-0.009551063981164472846407953,0.01480930881749779361167274,0.5142509483596237052083211
-0.009664567884927012519913347,0.01178440497893495746140058,0.5181079254466548489332922
-0.008290289590408525186027155,0.01383550873907319483935296,0.5196390345322481341128196
-0.01135358441300087298242438,0.0127676981691772981064581,0.5171001915796337167208208
-0.009698286357418976766364693,0.01361474387077522482658587,0.5180604136886781674320446
-0.011640053313380891580886,0.009679350544531253180968733,0.5166986336944866531339926
-0.01302288084773521072146085,0.01078390429908124281688231,0.5167434361109554119551035
-0.01256074251132328900570911,0.01084535786436536392018937,0.5169791803029519794421276
-0.01244035700341199895957445,0.00772896682741488691426035,0.5155896840779399248333448
-0.01058069311902524144153315,0.01113060823866025839112837,0.5175225553638036490866625
-0.0126070235194584365223669,0.006749787216728624777983825,0.5147676765057663805791321
-0.01368618588126946367111714,0.009821412066654685094069244,0.5150068258537808807417946
-0.01434266840536363440961054,0.007329947957671976294102834,0.5150514098848040234202017
-0.01613341964949503715143209,0.007869730387303718738278846,0.5166540307613473048675701
-0.0173530121483389740411063,0.01320529283390896486960475,0.5160809546948389447962313
-0.01801385179440488301660928,0.008674258144723780497575838,0.5155328110622316994948733
-0.01900655309301108389363755,0.01038951358860104069725683,0.5159612707959273514290999
-0.01967168465045735295526619,0.01041964145363562070645269,0.5158631332035038541405925
-0.02113726234426854116987826,0.01102668775313726291786853,0.5163142737131191095656391
-0.02322091843592503923598969,0.009680757409992250123176305,0.5160630851890609660514997
-0.02474463066808303690624626,0.01009354272770727686814318,0.5153464945564344423800662
-0.02472077125023560209560181,0.01003958535355451743564803,0.515352394175934591658006
-0.02611344148580875546006297,0.009908050883856163448815124,0.5154934579292563823216256
-0.02692240644975247426673448,0.01036499171020449638902505,0.5146815463452101280239503
-0.02702889211106535710671395,0.01152810789335687383094786,0.5133539232529146234540463
-0.02793649833922801778429701,0.01068879512657905372918776,0.5161154947427152306360654
-0.0259495487566231142206874,0.01110697581487881877015944,0.5167034383473340097836513
-0.02489210893039323080344616,0.01103942962857280309096897,0.5157045860851966478932695
-0.02446152434669267641820234,0.01116520045379347687852789,0.5155711006415627517540656
-0.02070739029974916559084797,0.01118289074370885233244977,0.515235711858589184863888
-0.01859381546831672532560376,0.01396992373838441998945559,0.5144578317752949159213927
-0.01939805608994334129580039,0.01281365205128153286762149,0.5136812058895751098575033
-0.01773420104303219391184143,0.01562460316786151888479584,0.515015897738393069182905
-0.01766532382284403956962393,0.01498359232275950185531155,0.5128165941124307458665044
-0.01510305214370902954224007,0.01447195608422010074112229,0.5131502482997849501344945
-0.01381271217116717547890303,0.01447433919520253742252436,0.5126540957958912736458501
-0.01587010682757748758486827,0.01537272933130369792498193,0.5089084873813533027586686
-0.01294612175513865787168655,0.01316777607809155835327797,0.513118789223722782111281
-0.01478374938470853987293463,0.01642722816142276956452584,0.5105812360374949454566718
-0.01033614613230811503374884,0.01994960510992989724532443,0.5105058048076259735736926
-0.01268013152085310790706529,0.01264124515646440800875627,0.5136614202213313218337021
-0.01314836572410836915136834,0.0239993823684081231117915,0.5073130388993442041467574
-0.01185412366626836452865312,0.01532062502650057347897139,0.5124441192725511795558191
-0.01045857930169524947772164,0.01912327816158309809480009,0.5120599637043605767416921
-0.01111492747487314441956485,0.01825883258216337221013781,0.5120765712667010305381154
-0.008705737709903771034958275,0.02500064995682235724494547,0.5126490121052159620873567
-0.01133660591701143686982345,0.01315771495218120458459143,0.5137399101865073314243659
-0.01345568486511568295771468,0.016102641792504188145152,0.5127471034827635332220552
-0.006574471708950201630228261,0.01714521102401979704699109,0.5165632646428045537945195
-0.008030535856497924770969199,0.01963779738928665696828801,0.5143824754631232121226958
-0.006916430357234370877861362,0.01752834782886939640755841,0.5112147226968094537724596
-0.005501735342305679246632799,0.02387852160202472498462534,0.5145898438798396368198951
-0.005453504368166075394475101,0.03025054594782945055486678,0.5101451780639563171604323
-0.003482210484554566949644272,0.01966908000479166904184147,0.5124729022967621228090707
-0.003221282233956414362691101,0.02743990206274857582280369,0.5145534540811569357288136
-0.002449438810336333153389043,0.02847162483179690312118382,0.5091669373766570805273091
-0.003001446361779961952837015,0.02200163492101799359024206,0.5121820832671190037999054
-0.00249127824441840303379414,0.02452779444673876610427676,0.5167229094740717343370306
-0.003287212312999832509313736,0.02734961669574175607833055,0.5142058474882978957865021
-0.002388149445673986431826208,0.02837134003693853739891395,0.512410580994268616272791
-0.001258732109885476839472584,0.04404619493766830096159737,0.513001120608606697715004
-0.0009932876741369702378731121,0.04549667519375984875429353,0.5126107658204801520440697
0.0008222859434807980099843561,0.04564876146912070359329405,0.51250152070873666865225
0.001194474350614556108080011,0.03195829417851158565921921,0.5133208452187995041171575
0.001939476779291213030809171,0.03440040231863676634116445,0.5103424446874474940116784
0.007387918548286552707093922,0.0449501300142675294657657,0.5122831358240219623567668
0.006569726638991012571122674,0.04667898651942497395550546,0.5112139589909202586071046
0.005987539519994993300611164,0.04758864931440277834528985,0.5123017189268682658465082
0.00538628744427960097496122,0.04785536362672196397660684,0.512210695901521462225503
0.00709664726055922283343147,0.04657749380672451117169075,0.5122977206511659664656122
0.005418038006356437966126727,0.03879513543826638294342857,0.5110521166659119929320809
0.005048377969430988335131083,0.04832383841401313023800057,0.512505572965400113538692
0.003332358365101886765735628,0.0461994288485590848258866,0.5093808231099927752438816
0.003436212401650188489471427,0.03692016918426930388585916,0.5092443819909295843473274
0.002132563419830434386231799,0.04577336174601818324925162,0.5088596591651083356211416
0.001479968839749716503703669,0.03109069297514248375602364,0.5107807685322961477325521
-0.002864816693458696779395201,0.0355085197349961356749759,0.5072175698655808639969678
-0.0007922103012523970576655441,0.03255996927241395361152243,0.5099338680882914420777752
0.0003040531661013981903386727,0.03441373691035658211045956,0.5146370328622646983518507
-0.0058053129070240227019295,0.04248781750685119706911763,0.5060465494819178511320956
-0.003588420302252341795995472,0.04189016382516719955164675,0.5117343972623628056695111
-0.00653173906568562702423808,0.03766548451642547784556925,0.5103816995567240777376128
-0.006802040362354668488753529,0.02734367299580400464953378,0.508577407498654876505384
-0.005405205499955064059325327,0.0287978948069475375326487,0.5072600114506761181942807
-0.009885192552665334614347969,0.03326166633391883925563448,0.5095504671247552685997562
-0.009174997588020507993666897,0.02851033831212057209625321,0.509646855936291443001096
-0.00956686294868239195388071,0.03492383755056630012525432,0.5087072369359598722482474
-0.01122919599515758912189334,0.03573814792468799073077435,0.5056369281507711033185615
-0.008650580788684990307668699,0.02896243151151164235690416,0.5093331129674203427981638
-0.008463065170767343492475021,0.02312741638342439426390129,0.5078997210497319114708148
-0.007965717916555911659592937,0.03127545013359238346151159,0.5068610768701246049872111
-0.008548531664619492959067415,0.0339486487838354111801209,0.5041225934256123863974608
-0.008764805323241179127458089,0.02080567830982708865672492,0.5056037749404160841493194
-0.008228038986655670378178584,0.03020405309781888300579844,0.5062792961579852812903368
-0.01114889534100981655084794,0.02745213093016828434511645,0.5087862911190490500246142
-0.008200983819501432223186832,0.02361018200064352728917427,0.5058101155309477903188053
-0.007422756567940224335655497,0.02137627855475065369317278,0.5044423605330971005500373
-0.009020015007911712234811574,0.02733008673312983458081327,0.5116071037597595960733088
-0.01421787071010100454715452,0.02625861100382372720352109,0.508673881190986554301503
-0.01001157315145517930077279,0.02461164400348314629241031,0.5077943940031436342863458
-0.01305717967899202615333909,0.0289436364625005985995454,0.5094513063985526279964233
-0.01328334943480582834574033,0.02348697118365640490456059,0.5031786901187811356095381
-0.01409962652159939613949469,0.02949180367445293146633212,0.5015573736897938061929381
-0.01317801288957545780000657,0.03387584905145857305797108,0.5031411665140118616434961
-0.01479845411195128759840323,0.03789286426436043464516246,0.4997443425622569712629684
-0.01505909952840859059031153,0.0239729356191936762709993,0.5019143798652597743270576
-0.01354367902141095231227652,0.03113383972789008496961927,0.5024440101118177182115687
-0.01444810514776001184045207,0.03255952761676301349114127,0.5019479907146319197508433
-0.01490919490136960803838839,0.03483116600094418591204715,0.5002788762211194395490566
-0.01233574409907324184731969,0.02627012855025716298040805,0.5011245987822410263845541
-0.01366321887670568502315405,0.02175046243606284374072501,0.4969704675550556949303882
-0.01244737955886987892939466,0.02307019420089809549900828,0.493473652202826129631319
-0.01057313664262796507053999,0.01319291876426849016712417,0.4966054776256424996283556
-0.009401316815058917766845248,0.0155094811121366873973848,0.4990335516113184044506568
-0.01538744923332594459475242,0.01688602556693523035202809,0.4972174460387251415660614
-0.01166062309703038389618879,0.009048900914827654948235924,0.4963457938796725921193342
-0.01229060287656508557163626,0.008612523979991801650890615,0.4982239098118724784924893
-0.01100323200041721481701185,0.01079398098972203859369223,0.5001875850365726794422017
-0.01074521064643959612772139,0.009508266379686883956745547,0.4991312756981080012153029
-0.009241986123831634827863191,0.01354986298585992426923852,0.4995981970053308685031368
-0.01034155146644189990356999,0.009174155659108562677062082,0.4960545868129534463619734
-0.01273751345964845189950854,0.0150245398679115533396855,0.4945199872658576634165684
-0.009726529241421496760344745,0.01636927464283494115804274,0.498020329274683315468053
-0.009874919784139938108702417,0.02188747731628343934362491,0.4909428309688347868977587
-0.01261676375022102725154127,0.01857850069650989963121468,0.4934155524664806113932514
-0.01153137773614969739666147,0.02454027874878052586926636,0.4945229860722892278879215
-0.01271174955855841441632048,0.01969684797801946399276041,0.4947303638021529059720649
-0.01414069369192355422881757,0.02887189906848593515253931,0.4971309080205006392105815
-0.01136990441245981295348422,0.02751692401535617976682246,0.4928716733280344985956845
-0.009887429394527851023166676,0.02587450159965007379092583,0.4962261650604262164243607
-0.009111790980816672491648944,0.02625376265719650895058557,0.4975613496369080124281936
-0.008503164984594581768395649,0.03053794321005296255600037,0.4968127069593988309748056
-0.01087188322832907498571853,0.03245669055011440873315109,0.4961173238678086017117153
-0.009707693854455592963326183,0.0487865405420057074437068,0.4975614739164862521114685
-0.007724443143301991908378223,0.04913085498497775371884444,0.4954509215017907641787076
-0.006144490833284380580658901,0.03605272031305592483896305,0.4950186240795622083510352
-0.005491253868782890006083885,0.04801088043795848081529698,0.4927601470631278179901358
-0.005964327907139205936504212,0.03864339204720255993574796,0.4983853196575043775773395
-0.004835955151586302826205443,0.03946156989444998819394073,0.4952840100464606654107058
-0.004095938985551050848243904,0.04718633112817056246557357,0.4941740396608304553005553
-0.004871018409010231461908624,0.05085420467332994742815089,0.4961439307487616190428525
-0.003919831630165606685400892,0.0479647481168887709901405,0.4970132496025122526006612
-0.003151211497724219160604386,0.04658534009951918047898189,0.4976143496598527948826529
-0.003338100967948759434378303,0.04639891482660889188149866,0.4943061290569762400437526
-0.001674865862078924079459075,0.03955962855989630932995738,0.4967517274004139560261706
-0.002539134139750415415648366,0.04498814573848941567035808,0.4944695393750965783929985
-0.001218631176363068864890171,0.0385040428435457007805276,0.4954960465745246178670413
-0.000860655170634494915554713,0.04029606318687647958931564,0.4970314765971669546118505
0.0002522308336639032528940507,0.02774194683043009618250707,0.5002356554986998604661608
-0.001927107862691333035540242,0.03698003045436720065408664,0.4959711732291030572561397
-0.003071769353724543381162215,0.03671679993661135926741323,0.4967017070509340270767495
0.0004738558053522247642645737,0.02444287748134303314695437,0.5009534617940579748207597
-0.006072172202163333629143516,0.03544909548517456709948448,0.4958934447971362624585367
-0.007386462618911299703172713,0.02685953315288445997222055,0.4939307288066956402872165
-0.006202825113269867796095269,0.02024108531879847266976569,0.4975420323042687997805444
-0.005671110440578823463919633,0.01909633721025430497242326,0.4977177647242711500119583
-0.009924676305201813805711986,0.0178860049166346783688919,0.4968033745606512674442001
-0.008909412042150751873115233,0.01577841088066658445376866,0.4983273420775845008456884
-0.01065016745162109326749977,0.01656518475230675177534145,0.4972423470811216938969324
-0.01142783970177164293291483,0.0237998126426508145592198,0.4945343068131741737225582
-0.00981755228780643862673827,0.02254993167895525535415757,0.5022477820019177752186579
-0.009217277876947739534418957,0.02814705639338490814060911,0.5026546184331908140308087
-0.01024047840126442350527913,0.02186328983593932573370466,0.5034049543709588903084295
-0.012276857395023559396674,0.02014316249693480498361708,0.4996682312925795343971913
-0.01126795137079946058922264,0.01373744572406348889159755,0.5009265270686225068885733
-0.01232998030987765038235526,0.02611001313169706780636936,0.4967478813468018672416804
-0.01001090372344414641814225,0.01921149536551684799956519,0.5011070197583176177857922
-0.01146005576090807290268181,0.01799842165223443715693641,0.5014767018717873892086345
-0.01210804645758026439061883,0.02399884436333781997929826,0.4993505800386963122683426
-0.01468866612142504489424422,0.01788942733734289608493739,0.5046027339324692384536775
-0.01555078768060682431473296,0.0119579530772211603539823,0.5040147472230241953994323
-0.01338584174994965347860187,0.01522934020320865569630975,0.5035688539986562517469793
-0.01111691987047377754016519,0.01547286497245991231108686,0.505543747349747274455467
-0.01344876752920393450652092,0.01085722955769151745752943,0.5045805255597471949968735
-0.01277255571299656423944757,0.01282908355108740988681504,0.503640064004049037293953
-0.008325208916738146072700211,0.01423839351616047570192602,0.5081347649146003009335004
-0.01139460779388099843922877,0.02040031946322590911124806,0.5000354271276942208501737
-0.009243031714820305888569152,0.02756556666294988217069672,0.5006284887425764829060881
-0.007249152255880588445469126,0.02456636956254354409168172,0.5069323941558369073234758
-0.007392698434367558045499091,0.01909782716137283647972467,0.5036763092895775173474249
-0.007488480170312554473621702,0.01999735512753993485479675,0.5031727025074888004496643
-0.003385874161456229550909436,0.03236856453100114827670097,0.5041195286862413249551196
-0.002985465507586216628299614,0.03357101047843771834955362,0.5015144864259981627441221
-0.002095173926218435803137119,0.03651616216251993979335921,0.5049300812509446290121673
-0.001233335403882995090496522,0.03495385979965372202915574,0.5041603531719659470056172
0.0005238331576106551286733937,0.03700863032187724083188485,0.5043139292502434312126525
0.003822693657107432106678768,0.03596318620516537889475472,0.5046246574871690038222027
0.002234460336527669625100723,0.03393302502346599858196186,0.5054412374780139494134801
0.00484061596421519416827417,0.02630513089073615098922865,0.5076675819661643496161219
0.003898706805012805160642886,0.03665493636303646107776899,0.5098847910700644581183383
0.002751513687734657986894149,0.03002772486245114391678612,0.5080124344464368446594449
0.003984166944938801607767331,0.03596787353477849669136646,0.5046280081386643745489096
0.003903808816258687742345446,0.03506387441504247443058162,0.5068060419244849734710101
0.002582494163678035383607812,0.03453293679128472543071737,0.5047357302066218798231034
0.001287919730914694870643755,0.02606749681678061439371596,0.5098495138516963010033578
0.001072569109910256890394464,0.03514268116463280244854417,0.503189127580335515688148
0.0002256451659796845172958196,0.02176372352728698361667981,0.507654295774397135154743
-0.0002081559449600034906319168,0.01982244004899021486143518,0.509089947704069123446402
-0.003853892380915152106324317,0.02182908790054026784699381,0.5114974394423421610866853
-0.004737682316297049320286128,0.01770619021412875998544578,0.5123564496035462045853137
-0.005397126890523783540598579,0.022796952577572374143422,0.5167799702576143516807861
-0.007289053797881178860251783,0.02135770228547348090208935,0.5163227942199497544351061
-0.005165687634819914053618817,0.02145003008403099237222378,0.5157995562164188196874193
-0.008253791063918512749264522,0.01968808048018855921812431,0.5156742485710728018943882
-0.009601950606682837369154626,0.01643717127911231354331356,0.5135213477352094102457158
-0.00969143040204951435045988,0.01804614625175551129165896,0.5145143497056822168289614
-0.0118568537761628272492187,0.01642995565404961263999972,0.5140131073404947681382282
-0.01096332420849158856279715,0.01687031401729064891692467,0.5153041804068603237709567
-0.01271711875774159290763965,0.02732031045795029963740852,0.5127122586304165841042391
-0.01203112561656620276007157,0.01977921485457717620803919,0.5143629914462085617188336
-0.0129558606591666496815618,0.0189494842408485311691102,0.5123957974947072058213848
-0.01148118727884622422563687,0.02030660562291948870172753,0.5074666847435956862355511
-0.01437108171309688792183223,0.01754787516996047028183803,0.5121979054240215489812726
-0.01258859446453472127891438,0.03414370581976736845897236,0.5098688429140930677974097
-0.01226441158061665308298682,0.03608367586245258412658288,0.5087857937839477262542687
-0.01230310494634644959133229,0.03691327391621630066298465,0.50949811813660961234973
-0.01089119486001845042710823,0.02076214957255066023700252,0.5102640795095230163980204
-0.01069669871736955713004136,0.03431558024421705460627052,0.5096846425317654860620564
-0.01097182338779190656496976,0.03561763413024529589812062,0.5140116073945766306252381
-0.009047300237896229932466063,0.03540917463811758120195705,0.5132314293185675779795929
-0.007047998269322820752424974,0.02719400212834252594795714,0.5182271247552888704390739
-0.007737969167706343527612933,0.02883192184265029670009461,0.5130125476915036175640239
-0.00427199632310190299810948,0.02244446442678626335576197,0.5180226955317153159086274
-0.002990663835085845267958149,0.01982368797270666824217322,0.5158265445902900925290169
-0.003994469429152775440117207,0.01836913150551630624640609,0.5160266738678832565412335
-0.003562784933104951642229841,0.02110493906804135344490447,0.5167449468645279875289589
-0.0007127044306078564317452617,0.02095499392867582535981974,0.5186159765866319437677134
-0.0007991066226271727494442909,0.01875975164187539123705761,0.5170927460660693641969488
-0.002247105115927658207375384,0.01728774878239728446382983,0.5143151548428366304221981
-0.002505084133848083961793041,0.02027072134615619247721696,0.5167473582291336464678011
-0.004353236487248248604009504,0.01362689508751475930825592,0.5133122138698845704496421
-0.004837883618080619958778943,0.01626521677236658983134454,0.5137315616808515450486539
-0.005519778381744506155770491,0.01799411114855247253996318,0.5156863683934775899331271
-0.002648244829216083069678422,0.02010824194101766548836707,0.5195949339890276741371622
-0.008591797509862542786551742,0.01915680801891612994314329,0.5166256692840615061257381
-0.009288275877987840767335825,0.01875646018999950134786836,0.5169579876237465621002798
-0.01194746307625341001645847,0.02034795736203249411078176,0.5174737138016257675943166
-0.009122567856086824522598988,0.01869391666491448250608798,0.5190828608758872864115119
-0.01361497958227854063184559,0.01948661004071952293492664,0.5159226287425073831371947
-0.0148865037773510781871078,0.02272445916057154804978957,0.5158708834861783776304378
-0.01500553613442965478208535,0.01899173700811428860957264,0.5163757933781724096533594
-0.01626145517703752110816318,0.01821780778633604741534313,0.5142443617718329695875923
-0.01742883427437967244766348,0.01699268323456068485732828,0.5139597375793707456637094
-0.01616435965529783996830204,0.01954946986608066539226058,0.5157607853172768708205354
-0.01808173747627819794026038,0.021559735936237375830693,0.5150310733007812391548441
-0.01886712390465668937045152,0.01957454521278772022196968,0.5155846745717412860088302
-0.0173883723076867641177401,0.02194583166702986087859273,0.5162630704098076783736815
-0.0176251935121357963809352,0.02035216013432398704519066,0.5168841985497959479189944
-0.01626602831352680703091984,0.02208678878992260258273816,0.5157407780400768970707759
-0.01536466066855557595360882,0.02259206574419461363567585,0.5161238314580919306351348
-0.01529986111871844793597131,0.02453822610263562548071903,0.5192175052065481910545941
-0.01626934091971061341341809,0.02693319461240106446608955,0.5172598154167215023235826
-0.01568398171035316132626569,0.02393144374047358191592849,0.5180431928506825656199908
-0.01122815335825745261533193,0.03008796723567660688636316,0.5097468219116539911439645
-0.0136925027761996710023995,0.0269774842559120722751409,0.5142612146542618889455412
-0.0158356738033517650821036,0.02804328993757830568167577,0.5185725565520696855870142
-0.01667749828244142681898943,0.03765128221980517525535603,0.5131542104321594743865376
-0.01585544089898187347653646,0.02382486872394692922760839,0.5123987058353521861775448
-0.01656584805850310621044841,0.03084402838895427753640455,0.5124770541872901707947108
-0.01785261264688622201424195,0.03082947360761224830927318,0.5108540575905202718587361
-0.01609272174812161060319937,0.02192720135709717160787946,0.5076661652765100951611998
-0.01504592994346955724116466,0.02921912339579814735235352,0.5082241571239991539954417
-0.01463104647792587940935416,0.02886344390963281256179407,0.509777060814792348786284
-0.01363267872479763387350005,0.03200922829312509432231337,0.511619015226728479639462
-0.01518187596094534852486646,0.0336079829078925820806667,0.510267104281529326748057
-0.01640219702909507040744508,0.03591492140061835341979801,0.5097876765769238094350158
-0.01487581010927565422496954,0.0336138109595746983893072,0.511203895250436302077901
-0.01492412429258882511362572,0.03476578137233520687798816,0.5098112888890837801625366
-0.01433211399236338466633978,0.03548046755718082395647528,0.5098284855393040437832042
-0.01476931428214295176359894,0.02381349473020064749784197,0.513631162342767511042041
-0.01369615798943054491010329,0.02689734280020680823319879,0.5135328558071304838605897
-0.01463847046835621210081335,0.02580003406570383767126842,0.5133875528653113473609437
-0.01786324277325754272816027,0.03147006393716924449455163,0.512146968432692362149794
-0.01281976811740434020470136,0.02408149408427125159892768,0.5164659222669111260373143
-0.01736681051747925724759725,0.02432840142508432834667076,0.5134033471854807517686936
-0.01726647612432325590292592,0.02778582936202881117915275,0.513295940735671640808846
-0.01610707792209911323744187,0.02149065394895383063200711,0.5128485948691883233863109
-0.01943346093620525530387688,0.03238413470265295857064558,0.50936718107864442650623
-0.01996147541689784546403708,0.03391216630110729240987766,0.5092127259965286700804654
-0.0187214788007540183789601,0.02262265165722779358681294,0.5115602951006986698345713
-0.01909893460881128407491403,0.03108065107885917000007936,0.5110647957634396609805094
-0.01832496238677323863175417,0.02818472175110701277711556,0.508918704168842550572549
-0.02577385156363161400339123,0.03138106194798682274660351,0.5109675368302656339736245
-0.02324410320139034744069129,0.02270769931862409371503553,0.5140795884688127426187521
-0.02056252872486335342427921,0.02083317673261085925529024,0.5085612892730080325520703
-0.02046977834200794724162087,0.02252811832220786777969401,0.5097241126820625245485985
-0.02058310916732593309763644,0.0134653014464043655623593,0.5111895273528612726465781
-0.0217163568002020739011737,0.009168351633361718905357307,0.5127309158169266467552916
-0.02158471557076168875766164,0.007956570719316461912096194,0.5127193066701173362886834
-0.02175501250728289343028266,0.004196087327374461994899946,0.5103848768152702275457955
-0.021305402254639751319365,0.002979097892185159079936341,0.5105299039944152239556274
-0.02074969893729064485121683,0.006607002764189760790625172,0.512876804528988983200577
-0.01993875435404747833989525,0.007364278697040708282495203,0.5102876898928134785649036
-0.02060039189257190095361238,0.003549577945443873738112783,0.5100539463841696763424238
-0.02019858587728254328830246,0.008959694477916585464427612,0.5135330193653417918397963
-0.01952158785605934837592557,0.009763813671733652735373887,0.5139666539839099490549756
-0.01866123015427438233682089,0.01315109688352203605454793,0.511261533478079011061368
-0.01644385205679572622972096,0.009255292952423877644863026,0.5124949204536058955383737
-0.01415785547675264995082234,0.01214516004641051118151385,0.5129586008169224609076764
-0.01463905597137849998179426,0.01238455457841783000083602,0.5107569772696128884703626
-0.01540389745067984560156216,0.02714685737938386106415933,0.5069266912356136245421112
-0.01566913089527603025752356,0.01894883877357759691117955,0.5139561581346387963975531
-0.01575289028480663863773792,0.02927633853251659923344619,0.509437698555914919573695
-0.01809097880065943866889633,0.03061328466572732498462983,0.5087096933962905742632188
-0.01706066508745097617949504,0.03301878724041178853054745,0.5089475292247807036716267
-0.01473822017956213925593545,0.03304403263987541750079657,0.5096769052865380844608012
-0.01430916341131772094585894,0.03194609867652814516603144,0.5122001237769716608383419
-0.0154442670806398309885088,0.0396766495410761227402574,0.5142864959380534228827742
-0.01685009650241024725669803,0.04224902872737303083372495,0.5107017197394415619626784
-0.01683127386493085339558284,0.04201491634328953506116733,0.5134922927531272440759835
-0.01443910936969238639759894,0.03660701905632023078762671,0.5160072089913846360431648
-0.01494064415002121885833741,0.02993686808061350040910398,0.513008079208886913491483
-0.01585301446046786036370158,0.04225652516725926510776645,0.5129994441815207695256618
-0.01439051891387998355353872,0.02933501309823696723277919,0.5161986479846449871189407
-0.0151687940129931978644473,0.02610035908539390381299938,0.5124216085502117934424859
-0.01609128906014751017594655,0.02727843991643845097949672,0.5115214757215024166114858
-0.01392355261671749527829789,0.02452518567424429724033175,0.5132882296262991639324014
-0.01474927571657607371091725,0.0257785854942594837291292,0.5126467206380818097954943
-0.01387569383991769933484051,0.02474497270482768282451325,0.5130421587983504672081381
-0.01558836780816139078176263,0.02634718250284437054964393,0.5120662872791995612331561
-0.0133879386024738852856153,0.02785964447596295245901388,0.5140092555719750766485276
-0.01240437804594079693187858,0.02718945472020511955335564,0.5168100919020456318619949
-0.009063293675411475056047372,0.03006598734064688110967367,0.5200240316045693367286162
-0.01147763790451024855376883,0.02506870042948507529279034,0.5103101809297873048265615
-0.01247211575748124155749164,0.02820159279973841540134494,0.5142529473256831629157659
-0.01174657101377820159204823,0.02774476331249574670434477,0.5115516573662099997221731
-0.005637252943470608644582764,0.03454120400419544156811469,0.5157931797997645784192855
-0.009105087908077338573753501,0.02735943243965403837147932,0.511842761884316987952559
-0.007165488195810084531833795,0.02567489378376688891059132,0.5128543309811204320425304
-0.002484464450330890229745595,0.02653752576744512758910588,0.5152158565857113403652079
-0.007273283826015775922757545,0.02866437471903855727095589,0.5123366314549575584180729
-0.006725212696589254537937741,0.02865136199225293278658455,0.5118510021722885161565841
-0.003978054434053648891200794,0.03869203334439587360638058,0.5177001933493188268187168
-0.0049550102806237466060435,0.02740644005256779452972538,0.5179925214703373637092909
-0.003835191393732445032382916,0.03235268875240571856410909,0.519304542832597526569316
-0.003372226929025522613320165,0.03571864305304413289565701,0.516503191094797586835341
-0.005021953486955097779864676,0.03599367091589475431412382,0.5163677337439261938456525
-0.00519671475464866024912558,0.03392294083984800923126102,0.5163554402940835341695447
-0.002890365810485819291625331,0.0250273129552620009208308,0.5174871628997123051973972
-0.002116813137524838680375572,0.03393077057719371542043874,0.515525859355394855398913
-0.001872908721052735266099365,0.0162633122189381751354631,0.5162888964107275047155099
-0.0008446483560910310458766381,0.02634194141102117608932431,0.5141379843786849646036785
-0.004029610426145616500215318,0.01876913449595539115644094,0.5204884885727986132408773
-0.003956545243111809877223362,0.02077539702898580781242899,0.5180688897871692510932462
-0.00276665796986212426250562,0.01032207314882973431258151,0.5158025202492159122513726
-0.003870977310014742881622007,0.01062225953529480695913811,0.5165364029376564580786635
-0.001315435220085339491219445,0.01075952167701541006827881,0.5197985132089162352286849
-0.003760121204353679760790108,0.008282762903700098197634638,0.5154193878673422046787778
-0.005409373790436399799530509,0.009519769580607377254533041,0.5171037168721243082458727
-0.003731922958981446266507609,0.009208850270779089450257082,0.5177269275059616093770387
-0.003154450530290071018357789,0.009918302155798841210354588,0.5197756879599736423713807
-0.007907990904406109189395124,0.01100591306214564017718072,0.5178249930517316856892762
-0.01114844463693555678962532,0.01300877875449453838219149,0.5185789472305193381629351
-0.01053088237115645982300283,0.01145514491178521200576146,0.5194636857813035302200433
-0.01029791752128252947662279,0.009648180382133606999839337,0.518533055301482970200766
-0.01371260129854558716677726,0.01631542112355693907588261,0.5167623289134589681381726
-0.0137946004367846507265849,0.0134420779157194223568661,0.5165760647840518249296338
-0.01392951610262180978105917,0.01578027364707676113986246,0.5171921577305931272405815
-0.0139491838105891257509894,0.02111635979677245825159027,0.5228465702780104029656627
-0.01413535280238885881443078,0.02194134457365386203786528,0.5232362900058036281336626
-0.01458931831594741795887771,0.02091705506447494311572655,0.5222778824307292566686556
-0.01342038189796026202704748,0.02396595033302964181110006,0.523642347368514560201902
-0.01238491755715197262244232,0.02473151397895715156161067,0.5215518292620651141788812
-0.01481377121679054546798948,0.03223912175903354687678259,0.5169908510857152972306494
-0.01316123890766840096033796,0.03524260033002766384635507,0.5171683322919661263128432
-0.01204603711198745132071597,0.03000515681883080335023983,0.5163569525382629699095105
-0.01007322473970977821933204,0.0265153556867661378826373,0.5174813987567837836323292
-0.008574842015713899853746049,0.02717372087136916969374312,0.5179504874714420115111579
-0.009203817583301077132063028,0.03322512509736955110817291,0.5156814436052742367522228
-0.00675490442471681461211741,0.02861954522443117127084022,0.5170671378162130515931949
-0.007749891755579024765765439,0.03980204786266394040294969,0.5158365370896479396023437
-0.003603736872035303521327743,0.03002154051700626352650048,0.5188091060464953274689037
-0.002867295992382240359119816,0.03676660427965875582723143,0.516995067366524452268095
-0.00524668086348719850398048,0.04292699221941261022994496,0.5168146038343670589654266
-0.004189982877880644128454346,0.0424145024395084502266684,0.5160037898614944218422806
-0.003198299046219509056410146,0.03803132670264746523214328,0.5169002659382597730797215
-0.002062820668616016650531719,0.04087676509260988744198784,0.5184294143704036850195394
-0.004537511020540196428341151,0.04211170194538923355898064,0.5171652030007964917501795
-0.004382566198698168227765315,0.04412799491502887583305181,0.5163263556421027189458073
-0.00366188245154669108141765,0.03559394454796068613111615,0.5156738689552231580393027
-0.00232986489342628657825407,0.0275683839314881731774598,0.5199717292164078852323428
-0.003592681546266657255372934,0.03986043165677465027751936,0.5138603019288308093592832
-0.005358114853110497802224366,0.02515535847160114621412497,0.5184403602374316744061389
-0.007424788671397253639328007,0.03717209490852001196881105,0.5176469806675735307877062
-0.01125780943703928900501143,0.03202209249859890027867237,0.5212190679441962570805913
-0.009095966823314836913194625,0.02542803642684171930299364,0.518982798895761487933953
-0.01133443064756529082559577,0.02906231434358100274018,0.5181540988124874180797974
-0.009483665604577149257914392,0.02388932802612208153303364,0.5162639640774776550458114
-0.01008291286767103861476969,0.0237230315629015399425672,0.5157212708101956977202462
-0.01035237112070854816059384,0.03252034551888725866231056,0.5173741955851143270450621
-0.01157155596205319651736954,0.03697538637920128046232549,0.5142800603461619157741325
-0.01232473443166289678307734,0.04024284930669284887638781,0.5128308518629344225914224
-0.009653520431544585292393812,0.02692534030841690559365809,0.5159156482409520405596481
-0.01333650912759467600798846,0.03742238430590721920410147,0.5121712186582055847949846
-0.01407110554077117825499954,0.03445855514809397640574318,0.5173089960289855016029037
-0.01328875243268605801927329,0.03515907188627339502451363,0.5081612646416977518981639
-0.01281100912082844094086465,0.02718554143517475790714499,0.5100142024283988995136951
-0.01303434460081073602288892,0.0268281952679975572995108,0.5104577743106504250647504
-0.01267849768088242720653902,0.02626208930874584027148622,0.5122222404456372446546197
-0.01551407988261637414806327,0.02412413345324170010908205,0.5109299345709158446382503
-0.01684653241133991785627444,0.03556472823954127254753033,0.5090334911258385108823177
-0.01818967683320826464465902,0.02636740302193978438549671,0.5066744543741044104478988
-0.01875645623515662802072157,0.0281382125928989410001968,0.5077315081700176646606337
-0.01855671930057758295395942,0.03721524009819787010000525,0.5123185439568778143382133
-0.01940878178836116102479181,0.02221559906050633165230934,0.5097263216158656184973097
-0.01834165758478766353190004,0.03400808824577945810307966,0.5146592267342439130928256
-0.01899005304574302721576373,0.0365642163775529646652096,0.5133726378927430111787089
-0.02050328108151034875450414,0.04008541074517704694279985,0.5115109023642173680102019
-0.01943896360733781553120636,0.02431737610543776434424146,0.5078275056083653149485713
-0.01931489811472515347179346,0.02392895899914705692967942,0.5106198484479929078361238
-0.01591450800900759757205982,0.02285519452392270264851071,0.5124922900749335763492809
-0.01846275388723443017235937,0.02463872571602415337266301,0.5104532018594547526646465
-0.01976856044458758995818748,0.02501454865636630955916253,0.5097348082546943048853905
-0.01669951734045762095637322,0.02596371327038996326685982,0.5133578468167683261924594
-0.01937160078956180753184668,0.0229388320828470583523373,0.5086453030712374534516584
-0.01755074178896810777050774,0.02223387641916722834434239,0.5085900483268892546817597
-0.01790639127012056200372037,0.02199370483535582551648524,0.5096150262083757320752397
-0.01636509579634597491559767,0.02067037044470232051707193,0.5102380120202639757209795
-0.0184608734866059664980753,0.02356840930254409938182647,0.508884587360723172899668
-0.01513977231297127315490236,0.02319345091077519224742609,0.5103039062185826812978462
-0.01646514060702031559402236,0.02427002788751938741618197,0.5099471022778232498495754
-0.01788360560890452782834004,0.03799489944849929190517912,0.5084011664146680375964138
-0.01530399276924109680519948,0.03704652530110880137570462,0.5080242932198634209228771
-0.01640913456422575175674972,0.02994363648905253375009927,0.5112808488512330384878624
-0.01731352928278367953041084,0.03821632184312393626379745,0.5086619112411064902445901
-0.01368903691062461555616458,0.0315057102029793201225516,0.5118850407415279635259253
-0.01519962879155101372063985,0.02962315363003843737832455,0.5105779415650141261906469
-0.01478858671318117497250899,0.03332899258139674497636307,0.5114592937289427210245663
-0.0114397255558072747511078,0.02835181463580133121027416,0.5114745263505100503209633
-0.009851078791516781896220323,0.02661414803958415953299976,0.5116521571744593321895422
-0.009252361386622829850234773,0.02606902528559102913408019,0.5101248837670768754293249
-0.01083323208929350828233495,0.02538545456407446943014605,0.5088476393164684807857157
-0.009332538719115438669016172,0.02573720278601685299002533,0.510416161822637715062001
-0.009585910811263058037279272,0.02433868166944722077893459,0.510125762270541183163175
-0.01007622765080874727150473,0.02466369328131274435422782,0.5110755354478363488013315
-0.01301462212783117446124326,0.03193875820226142053792628,0.5085255678522502265082039
-0.008747650638853580323806014,0.02162637036874650101059281,0.5116443123175221652232381
-0.01319807573921361228130866,0.02204414117481341001125728,0.5091473594268730584744276
-0.0152193049506502350864956,0.02070381110298614296683084,0.5086891034236890041242418
-0.01336413918657111329912901,0.01504278560093553172849479,0.5115696510073673985985465
-0.01535671540899381098954635,0.01085115785984999518809513,0.5110802289602338621676836
-0.01443063933862846932865143,0.01362401061391679824019718,0.5128462682821006701772149
-0.01665842170974012048656476,0.0140051768430475894605669,0.5127317102490867029018773
-0.01930458672877218700980606,0.01429051206951674132805685,0.510109384615515693006671
-0.01742648710224185132355856,0.01349943699064736282733357,0.5118861353987751439120757
-0.01723423914489119121440375,0.01352926313891455664673025,0.5111487340993108308140336
-0.01973380283825273973086212,0.01256049209044874347129817,0.5123586468582551622930055
-0.01768510631120072743027727,0.01928382000447029578915625,0.5069177978533926376414342
-0.01997458017166284932608633,0.02269026185070851728275976,0.5164081047554015535538952
-0.02215634390117546606568943,0.02477593733228254657685596,0.5113707088649213083897394
-0.02226736990354840142747328,0.02789596850325294294381528,0.5158853931142203252946388
-0.01782598467376740949963398,0.02658917152859589794200446,0.5090720933331657205300758
-0.01929479649253294445965246,0.03701524711143244078526138,0.5078395107780382389250917
-0.01970157230505699061384739,0.03331291782659119571352591,0.507779153280173867202052
-0.01733867854093338115029077,0.03763365549556580563761443,0.5097257802436925278044555
-0.01383361683965884762759213,0.03172910493133298398538145,0.5079786264761552150304169
-0.01319890107554748566454084,0.02855689320282642565396181,0.5124350281940865947660768
-0.01655910846872082897718315,0.04216128727954366467445269,0.5090124835763748523120853
-0.01403388282496559683054649,0.03350040569119839412026707,0.5157637154842350524219796
-0.01265538676158621533840432,0.03842158553323677533386515,0.5084764829327634849676087
-0.01248260587467875035172504,0.03904665043912639715850688,0.5057019721018998215100737
-0.0118128515508019588109434,0.0380995153232378952479209,0.504506588202480066307487
-0.01468557586484262392212408,0.03585343110956133727551531,0.5073767028658219269132701
-0.01170133049574627499833657,0.02969569434473328176093965,0.5099202734356242938673631
-0.01261585846945098392246631,0.03560195746244664699586835,0.5071438889897608159884612
-0.01408818479812661353389736,0.03752388568798454421271416,0.5051550755982781026887096
-0.01438681468197845064738161,0.02590416534335717585468828,0.5126430750006603087598478
-0.01530176984165398414161618,0.03121129692446238459990759,0.5131631048415985496546909
-0.01543008523141016150037608,0.02458392321023291152148893,0.5119709612032430356975965
-0.01464217377489371828269693,0.02275141313571513168589888,0.5122817998963573593584897
-0.01569048787213527668127355,0.02973289982221924768190924,0.5167965170658315177121267
-0.01438077048194914484002815,0.03021582420286485909377561,0.5172451123287555851959496
-0.01358977107329531301693759,0.02200200964282000154481622,0.5119226545480810575128316
-0.01430341718678134962927651,0.02602991270043255450650221,0.5180925561513856081319318
-0.01617815475031258998228623,0.02220575013082056251012553,0.5113616784997242481480839
-0.0162721505366138705084289,0.02240728229446377339773022,0.5094510671685203995195934
-0.01452604818734865368967668,0.02372478410419100874895193,0.5155733880868366147964821
-0.0158105675626222068330673,0.02961111055991580767732252,0.5102400888960908487135271
-0.01471558384060230907641742,0.01877972569305760841551489,0.5148377658743521489981276
-0.01636661445379954810119827,0.02746288585141107990716947,0.5103684550131697417185705
-0.01879037874864845220068688,0.03319460986257227047557805,0.5111768404565960599583718
-0.01431788902770470515990464,0.03053674705501384714634305,0.5130927124697119978691262
-0.01618662902502009462435417,0.03415873882320901583353745,0.5112889972727180376566025
-0.01427411478089298663141093,0.02883879823669411798792162,0.5108982388320909562295924
-0.01489225427707710838753918,0.03059874032681728431293244,0.5112370366404930255299632
-0.0152060478093688378892212,0.03032846653245833273837562,0.5119945363407489846707676
-0.01436628839500256847594439,0.02942790194406104745117325,0.5108364427665886831064768
-0.01279704786739188811239831,0.02357674407704364247240214,0.5164277894749146335939827
-0.01324023786323032768341701,0.01841841290448481896491195,0.517521769598474734586091
-0.0108305655696846712954251,0.01617610805314541669308603,0.5155616754779454025126029
-0.0105960206108430144561483,0.01798486410832019280481298,0.5168980688273221435480309
-0.01486150229402095207520418,0.01441984076725052674183836,0.5138887634757304256893917
-0.01008509778194767274317467,0.01808679356980089775186471,0.5183587832987417431951371
-0.01407041587118885647700317,0.01584713152049680925936848,0.5167032342802403421799795
-0.01111068515854870229764284,0.01654462217954039138234634,0.5185840358897935153947856
-0.01680852391097310133405429,0.02452757663005701929681557,0.5203371330697147412180925
-0.01719988721347974480746501,0.0250604991776317287399678,0.5203604042050010702880058
-0.01325853918976571677035281,0.02754450591019431959782793,0.5166160138881445984537777
-0.01586198940941684065730755,0.02476888441869434451247933,0.5209277973151424934172837
-0.01256037333130705785366743,0.02105185004687495226027849,0.5184800673961482697649217
-0.009202203061614929249789618,0.02446757109528986326441036,0.5174399518923339380549464
-0.01405374765568079623023756,0.01937546895592749673919997,0.5167937572803452672687285
-0.01173601583949773242976367,0.02229618098568412337678879,0.5136475465140850626966085
-0.01518577189710461523841634,0.02132643534960664694066779,0.5144277807183652573286281
-0.01376643746323152721344751,0.02479792734445046900604304,0.5139423902967570345623471
-0.0121412579802810255413803,0.02560942135845723291454057,0.5123479851692130937479419
-0.01219692569865070581880406,0.0300027295280799674581651,0.5150914293108275199273294
-0.01371647077384128242394379,0.03441283391774098421311834,0.5162017512225586246543685
-0.01449928924087890043381766,0.03368305336139032490905265,0.5135835370256147669465463
-0.01266029460973095224773921,0.02269231286805916195103983,0.5168536655799949031120377
-0.01104901642903010489105142,0.02455788905841945965469186,0.5145916355443389544888078
-0.01454113383872344261726894,0.03448547242017873520891769,0.5122501334759771429716579
-0.01257072626848342207506182,0.03334231176349648773094003,0.512615809614278883366012
-0.01368083602768848869302154,0.03423683518479340992524129,0.5145041960213098120036079
-0.01271588190740143703427734,0.02816326421872794236178628,0.5240721651578369444379746
-0.01028830368498782378561263,0.02869462957946616876725443,0.521310351396912952104401
-0.01098011239553264330182092,0.03107701613342771229664407,0.5210515985760891810585349
-0.00938234649085338372198617,0.02771057856588324957991532,0.5202575597183525246691715
-0.01086615226627266062031651,0.02869655575282597029240783,0.5215160758469034041340251
-0.006002664075007475494305531,0.02200049107387182581452301,0.520662263355746168791427
-0.005872622158922025797922473,0.02454147525885016362101609,0.5189359422485775308331313
-0.007702135270440230684074745,0.03083747969297299593161021,0.5211137177268245768146926
-0.002727396853012428474399842,0.02615175720802753733806867,0.5197464169584884441377426
0.0002992428741988528121016622,0.02492637738494042978776299,0.5192013802611266104491961
0.002599114993364206888798451,0.0209843402398792733265509,0.5201417755873802839516884
0.001634337823178334337184681,0.02978396608577943416307221,0.5228501337229795042915725
0.002015323437889342695489292,0.02019274936760001928903741,0.5164982742634705026318898
0.001630399454665419287091588,0.02247837120811936248432339,0.5183865018654132406084045
0.0008220673492615128332555718,0.02717214372461677907022448,0.5124465809275634553543455
0.002961653747490598787006633,0.02327561889549236220919859,0.5180805413812711313070736
0.0007532758140136622216839757,0.01981375299986399413088023,0.5171702436755977183580057
0.0007084253938512928821386039,0.0173947432986963461398755,0.5196804117645403842118412
-0.005566974997341635200687193,0.02062573638336255912872907,0.5190247457336515379822117
-0.005632981032010739123883081,0.01939707343738304029523434,0.5199071839234536973606282
-0.01140600642126985558855168,0.02147292951542343134030411,0.5176173964132392280035333
-0.007246326358538546057175278,0.02667607596426941479750283,0.5144484838573415430573732
-0.009854111204476771052052086,0.02588826193747722700932989,0.5151800863013525910716339
-0.01285268505708375696983126,0.0217669327441344963303127,0.5190290544098540292949906
-0.01383454367138550050730927,0.03204423428577007904038965,0.515840280725651911808427
-0.01169281481362184453576258,0.01997704230248386475521372,0.517529209615255281207169
-0.01142267609986573860536563,0.03165314462084627133986459,0.5176737303232800124774826
-0.01593218811419965311171332,0.03416203440138699393147093,0.5190055351284766915753721
-0.01238631572734125337043043,0.02679408931629700951759787,0.5216592118526289789670614
-0.01404863792007547858287086,0.02935068335101400499587143,0.5208547356978684428341353
-0.01563173678056376317280218,0.03502815507091327357214183,0.5194283238656720591563953
-0.01323344991972885340003607,0.03234628432343716886165907,0.5163358537753537369496826
-0.01339790215423719565990268,0.02814007361619381974993104,0.5212954957501342301284808
-0.0129646511408410148452619,0.03182074174127887816743154,0.5232047511910548065472426
-0.01085830450375042596777853,0.02938339987075451117948255,0.5168371381461971392212718
-0.01260972515556729039998274,0.02498990074990057458359516,0.5188066400817777923393237
-0.01529868277708164477080022,0.02970340516130332356170562,0.5239027437201496661955957
-0.01497581782780061862569987,0.0302106198499203747187547,0.5249115466333450497060653
-0.01626426948429704477661062,0.0293630827238924342614812,0.5246428375367133689621824
-0.01234881992804881534198103,0.03029216979301194850870971,0.51659557585744464436317
-0.01272306275072111574064859,0.02431654053159177167331428,0.5226286893020616330929329
-0.01202462303731213939805844,0.022268907632519308742447,0.5200554550079122817507482
-0.01170955960201450381241717,0.022400913006297797080979,0.5211750633861286230441578
-0.01272782861145987411133351,0.02227337483130526277208538,0.5170053576454024524267084
-0.01657229011953943037527281,0.02141898591423943218337023,0.5249909956728719961915886
-0.01346115914637203286874367,0.02907229506729842177792378, 0.5207030404473216300687
-0.01157320858140718257411894,0.01964073458789059728468729,0.5227069151903275256998427
-0.0125391070084720640531728,0.0215834902810801004813257,0.5209152562278266396234017
-0.01020214832641019690739892,0.02661445857966559039309296,0.5200004665303076256677173
-0.01048126993276509918984196,0.02316975463145510769069624,0.5230122489153828935215529
-0.0106751238551973052365307,0.02202173343312837164309492,0.5218256173045828782974809
-0.009170674584625893022149512,0.01869140974441017497009732,0.5220145105398805718266431
-0.01095830998933123960614733,0.02280377176008861403455619,0.5199141356997107887849552
-0.01114067393621656631985672,0.03030099682650987807930321,0.5204553397690541149955834
-0.01335716271440458118024974,0.02754674901951777166164703,0.5241197834672363109476123
-0.0094576492313181298454694,0.01823105995457557915173652,0.5253962849343616348107844
-0.01197006442308509721605958,0.02742881542741185119105296,0.526350605030072582479761
-0.009687385588080616935502398,0.03005440323504813063260066,0.5199994473056910315733603
-0.01462886522079526185891041,0.02799455948994050008549195,0.5248073970451105907386591
-0.009325308235878081858372113,0.03075845909422629878560151,0.5202290764825449054242767
-0.00972604554621583732021417,0.02312491167808995370935854,0.5230199568922678787785685
-0.01090251910490757508709336,0.02619586671974969901977026,0.5199388876487837096718181
-0.009911993829955468085501913,0.02190681073876160622759812,0.5228663139052981412291388
-0.007825914567529868373640944,0.02411083345728584972911257,0.5243009591821111703424663
-0.009923369330659573966935127,0.02932000550731874571885882,0.5207360574463392177690935
-0.009917530404401775009914921,0.02938462323073395138228747,0.5287023682296076998454737
-0.01307115079452044956176415,0.03251747387456250387716139,0.5265978063045538837272375
-0.01153927159884406486445307,0.02160624812640600522772871,0.5197457656911629308993383
-0.01147166183202966323328997,0.03558751344863009952179667,0.5183986995874151348928649
-0.01134141859355724396563048,0.03689138296264315303174541,0.5192347081542444398039038
-0.0119570160135432403125666,0.03679631356277664883114298,0.5203075359528855914348355
-0.006959692962495689014246203,0.02857255770869842476100686,0.526451180945924468446151
-0.01069344182713846333476759,0.03898188880284363805328596,0.5214725946638617548600791
-0.01063260044739363675836419,0.021242257521525597513401,0.5206288632046978115397451
-0.005853605709228158412993359,0.02355690898305795241696181,0.5243481051640013212988833
-0.008874215836047558841892524,0.03174487909724139217404471,0.5218642545186708003868148
-0.006955808780813856236069359,0.02829510866172047986455418,0.5219109043518119772642194
-0.007235763970347758831935803,0.01994901563545600428617455,0.5237318511797179887423681
-0.008234458284915891282396139,0.02249098801093021154917651,0.5189714763162546207198034
-0.008997150759469767222764602,0.02283235494725902037238541,0.5237439411535196320812702
-0.009748274452341830140222889,0.0231366950471352215978893,0.5211017706918226188861354
-0.008395739451219968660367066,0.0140466689273450635877527,0.523594172784472733361838
-0.007012223120501431469775433,0.01622169631890801183571327,0.5196473669271560735793969
-0.007493166793040357230581971,0.01333198508727384892780243,0.5212109332999630417759818
-0.008733770396322526954890897,0.01527248023933006071395369,0.520360054640299440897877
-0.007451284460168262728518851,0.006135733355700575750169001,0.524404205551546542807273
-0.008397838097825620351510878,0.004903513432528553740719079,0.5248067234169693229262066
-0.007808495820437534248870115,0.009394854804212853655043247,0.5229965864954644327866617
-0.007213541999855664806073907,0.003883024467659918280149078,0.5247962133179101540392253
-0.01031742632006589846516142,0.004206310925930114262560888,0.5253891217768391630471569
-0.008097168890872617069698336,-0.001898237821082023220331525,0.5204335481616459979647971
-0.007301438778064536783141136,-0.006296977439412600532908648,0.5204760369188549118391052
-0.005052245415791896052115639,-0.002107556534969252937106177,0.5238349542175301243318586
-0.007930581725450509475439098,0.000495369156126007799401112,0.5237121383908698302178664
-0.008203986655807847180876813,0.001265079839726179333075917,0.524386665431510690105199
-0.007978882396246698288644339,0.004801551049682894339865058,0.5229995949124323084689081
-0.00783670075261450743697722,-0.006146217148748315574346979,0.5256341514086247945769514
-0.00631294670140016001003147,-0.005636739272103798679969255,0.5214126467666736486350487
-0.009930445760318026837687455,0.00171425725664054568429806,0.5165439119741966900178909
-0.008518293121382128005314449,-0.004048460182839948295896448,0.5224730827727267490345753
-0.009839769284454194520073145,-0.002057897910075643255894962,0.5204280136669477974109554
-0.008480716165836711672998405,-0.005573980378803495595863016,0.5216979468358554639095814
-0.009996587743015072566321599,-0.001888701997430061512925348,0.5216510770142904762636249
-0.009433480608271484560423126,0.0007592489486717161808332355,0.5197649507891733966502557
-0.009259842974861522135743286,-0.000856123104662627931911445,0.5241667252830577439226545
-0.004830297370632077001706417,0.004818386924168503900045568,0.5278482435707938513758108
-0.01035394104722974460697227,0.01606706067933959605764649,0.5221830998542853485844262
-0.01002596397787248842792263,0.01525792515144109261215899,0.5253339575580995290948749
-0.01215534013852678785205796,0.02239408723579361382149955,0.5253738608252476183224644
-0.01238446000873957321408714,0.02274028208056485048094153,0.5204480595589136004974762
-0.01540366754902968565721366,0.0334128841701573295330796,0.5205219130376034231133531
-0.0149763356866464466404798,0.02047713468106791140366241,0.5191030914007630503448354
-0.01529208313636591480555449,0.02777864378045312790388444,0.5189859767064135542824488
-0.01829313279791470667201558,0.03801707465594304780065471,0.5193660875033527801747368
-0.0182781610785627025850264,0.02962638750080112681750677,0.5263171655474790933126883
-0.01945583070032144007432962,0.03009800688677398763926085,0.525474601878363700713237
-0.01905779655511406767143257,0.03083463940222311294725444,0.5239574244930624846716682
-0.02251013715240620521873538,0.02634186320733467381871584,0.5198446921835545575518722
-0.02281162323970390218286219,0.03044151245340438738384847,0.5235031000878526130648538
-0.02421524404076384751061113,0.03427537295208223783182788,0.5193409655245756484376329
-0.0269232710615446915736193,0.02813306499487326639563634,0.5227999356392671881366141
-0.02758171471705461730294928,0.0339101956548867600194086,0.5282800655835048209141291
-0.02786555310665004767112229,0.03338246068866107529871101,0.5284429295773455104168193
-0.02801332550044369207320472,0.03296981168652027283094696,0.5167438838624435204494034
-0.02541565602720912905865269,0.02707659452894334295436352,0.523607108942206855850543
-0.02534986204637970294561988,0.02794136100715225584645296,0.5235576283081938564478719
-0.02653748180837326234304818,0.02357737888638745255009965,0.5193729120309094060559119
-0.02726002498025283105054228,0.03439183717474257606649957,0.5224717606287488935734586
-0.0268051324747363636791242,0.02677658851285162622257729,0.524023462332049994039096
-0.02249269109970034041801057,0.02289001088921974180756536,0.521731338507608555232764
-0.02230274568010872163204006,0.01976470386480253665917317,0.5216628814147625803343544
-0.02524113454430335079514691,0.02448806101955271208314713,0.524888717158848883137523
-0.02522160494015383142007991,0.02498480638527925817848896,0.5246863012584966901030725
-0.02285425529542963254958643,0.01750592160867977392646466,0.521754842091287085459328
-0.02316793546017962765470877,0.01847237054406477077539428,0.5226397694968800688997135
-0.02147342655894567825525243,0.02652489333654240930004953,0.518074904516026335521417
-0.02167664893052694344288689,0.02607329828264674451143712,0.5173292488969127855824581
-0.02146096587272967523563061,0.01524192065342250615445074,0.5172852211654050957889694
-0.01920606657324114632801049,0.02562036535771534256911153,0.5174276763338906404143813
-0.02159452245344459231368717,0.02847616656977202537204263,0.5185386821730982864764314
-0.02186675947087606333707477,0.02182997382346534703811969,0.5222785622222164692018964
-0.02116842422008515314790777,0.02533645994487051036903047,0.5234389112894858309132928
-0.01973767733046957045806025,0.02532035028554050978821799,0.5166470515659719042744769
-0.02168151045325756101633807,0.02476528778789246001967861,0.5209684678107830979598702
-0.02299361921114707885127615,0.02447909486471365123061439,0.5179084064733658898660451
-0.02414620385356905027385288,0.02978292509431000600894635,0.5228971243915778721600418
-0.01918398467857636638389529,0.03082608011779208040392675,0.5162980606858359466926345
-0.01868092595942445754975125,0.0259744354075945767246214,0.5203598627003022114578812
-0.01769412074202666995681454,0.02739509559458771364992558,0.5221669448427386228672731
-0.0187887837935801979560857,0.03154269621438564319415576,0.5148754430405508841772644
-0.01814073756410996413057646,0.02810332485578836622663879,0.5234519723352849540631837
-0.02073020106958178149225702,0.03945509727181093634351683,0.5199519220994937018787141
-0.01495698398110323866505578,0.02593402425751280618304584,0.5180834862700884890784891
-0.01517164870631759754360246,0.02164828590052711443370015,0.5194895131589335468547119
-0.0155792846207100099675813,0.03603310302397431247323212,0.5168668178874239460540707
-0.01893784678811492525052351,0.03079406084798789328127455,0.5168279987117603280211142
-0.01620683433150828939295351,0.0401531102184862903614615,0.5175622896476599343884573
-0.01660753487896407878943172,0.03953414065351798512004677,0.5159058281860168237997755
-0.01541488244774218314969705,0.02470404567040575261049895,0.5187416897752084032902076
-0.01707633537190948042061578,0.02455499133819990034699465,0.5186558060743838849404597
-0.01959473140275986083325144,0.02528195078214651864145779,0.5176886179775985752371525
-0.01965036510294713295587954,0.03059237904155946013995404,0.5232903678520721690858863
-0.01970783520587209014518493,0.03166945519460207664197426,0.5232338710260642233862427
-0.01829154930308179993758699,0.02654600017968405251123087,0.5166965198105930578975631
-0.01774739319842527640602725,0.02451288464534388464310943,0.520358952872435276404417
-0.02018117953270253880915241,0.0307214189813265724227076,0.5166627892527375642828247
-0.02073795025221998253317501,0.02601402938316354357395355,0.5231391785599444066434671
-0.02379381651824184068511059,0.02671604212442633269342096,0.52296439471828948253318
-0.02340219826967475380552486,0.02582646426623332394645338,0.5210723045408793829835759
-0.02777325830888171045995882,0.0196932303591836124767589,0.5191702585573099160143329
-0.03043591998610296889271609,0.02097132047337134375109002,0.5179183496878253523121316
-0.0314659240553560384801024,0.01959826628990819774589482,0.5200942019987518927237602
-0.03199891832959179949202877,0.02139944530666469668656049,0.520717859388834303224769
-0.02983348823650710732180436,0.01951022547359648751097438,0.5219110275836161827456294
-0.02814733251529203533758405,0.01811036375626580777198349,0.5226824011316009155336815
-0.02829838851532342700045852,0.02176740317053996523477544,0.5225181354086415597137716
-0.02298268147102997330244456,0.02191876145593427138713594,0.5253769729882059591474786
-0.02364062652804032466091755,0.02203328400756040389429913,0.5251828366743993559140335
-0.02319192571332071711731615,0.02359276374536036988138754,0.5241025641885155295085497
-0.0209071750828456921766918,0.02629947522840864193582888,0.5222774560672921451143225
-0.0207342197133003162956566,0.03240440622413606752694193,0.515168991360048789118764
-0.01948732599316244443188317,0.03668957767843564893306407,0.5173756189864829879709873
-0.01630934006861042492864122,0.0331378855000916822115542,0.5180885206613451421375771
-0.01526226265980592036730634,0.03797479929570789919379692,0.5170283636544376060228956
-0.0140545304447191547053686,0.03928024166262551741812814,0.5228451629502883779565536
-0.01543568565500193570660947,0.0374037872655163666779643,0.5190246631274179067716545
-0.01105127408830717562759904,0.04122876082089553528842174,0.518953162733419404162305
-0.00806479987689528825256513,0.04153489827183844129709911,0.5206916010639131009440916
-0.006712332263523717278130842,0.04333635803307374356752035,0.5243773233457948990121622
-0.005118166070343401624631596,0.04544473491841772433419422,0.5215632759986479349834099
-0.0006826031443258433195619972,0.04588594985252419239385446,0.5222057611596885307037041
-0.001656513119896352911192272,0.04930279365762493121172483,0.5240981135439766180894594
0.0005623029953718410326943267,0.04958439401438612809114304,0.5213523779595375939877044
0.001622703605548096337726771,0.04317150923962476821715839,0.5239419732902369508664719
0.003056428372938898435640098,0.03874852149791040839543754,0.5215296104359529172356247
0.00687616139213704635063662,0.03514958015543290237303609,0.5245688988787322593054796
0.0007892144533599593789544024,0.04520979914935530086239623,0.5214034160130208706007693
0.003537605836681982033470328,0.03438701755863880771268981,0.5229267792550650328919915
0.002299862825712878887374213,0.0271216894452264850601253,0.5211563777023603405424979
-0.002131681713780810786401654,0.03021025608588831859457891,0.5207676360173075780224394
-0.0002140113353441521946117498,0.02906117385673688893743538,0.5231526160620870724571319
-0.002024244911200189650513082,0.02226720983049485652616184,0.5240740604057235740853571
-0.003075856412285019134827957,0.02169840719983947077698083,0.52168827016447927302778
-0.003895506474433295136111655,0.02422331687263843541524366,0.5208845776840039798472048
-0.007206086975273263625640929,0.01631096174107603616332263,0.5217028544581192583962093
-0.006048741233684098821121733,0.01300594425324387397313597,0.5240406234717891464924833
-0.01146001921254301975094947,0.01026264133432139465107458,0.5222285255721232921644059
-0.01099535005316748005610439,0.01969120633411684112568096,0.5193132354128904282219992
-0.01654155608522519388392524,0.01842141518080413556401886,0.5178126384284158501003503
-0.01985416529445795108532735,0.004184811256440199023209914,0.5214427286821623486190447
-0.02249312495635447453623534,0.005897906485836913736964249,0.5198637387589115643748983
-0.02660044371535768073511186,0.003037430335694954724318206,0.5223236578528593909709343
-0.02829287465060689385487613,0.003526852035498142644981412,0.5228034907519799601161026
-0.02885313514291508799058938,0.0008632658766031996383852332,0.5187657552311438768910534
-0.03087414273298468014861129,0.001059620615750781575867268,0.5201877118670179545034671
-0.03224685074253952343781293,-0.002126336692943091733615235,0.5192269504414869230046747
-0.0317684831514409501962426,0.002594733018506370589989496,0.5213903142757474462598566
-0.03320326697646357877458101,0.004475751126052761146023595,0.5200525996999050271085707
-0.03332487859439422356322424,0.00604310558789784759564645,0.5194988320558836525364654
-0.03129433178627679529304473,0.0072879710192987161299083,0.5218432600155581413403638
-0.03284917372213232156230589,0.005684060180402092897489208,0.5204337245316817961438005
-0.03083053371692254240876707,0.008154036586657063129246481,0.519885677748222807537104
-0.02759231262731271644428332,0.009065729276871346831168097,0.5182461100122304209492086
-0.02518273091066821484096394,0.01009675844652570264603497,0.5185216014622289204538674
-0.02303183144703962667576569,0.01440678827586390660375759,0.5211563684741139512723862
-0.01982335856315278754813392,0.01737005352099638827434447,0.5222732561812263307743365
-0.02158628589606480935314536,0.01710604632039486316941179,0.5198844199361074558396467
-0.02048369846217406448074527,0.02390898169842008494367924,0.5240583889657990379618013
-0.01874788675356500386448566,0.02184574934790510861160051,0.5197581666899345753662942
-0.01526503357485915410296506,0.03444977822053219701503579,0.5158840682442539238294898
-0.0136757948373525100443926,0.03670907988538218286178605,0.5154049212762901177597996
-0.01134397299464245598143997,0.03064555031572796170435957,0.5234307655054000196770403
-0.01045384941559043823211539,0.03345353416996429268825963,0.5209686651764857678870158
-0.01081882951502436025770226,0.03117630884384545858489801,0.5212558740162687165309308
-0.008140933055136563220588464,0.03238591556573292007392695,0.5217489557806835875908291
-0.008301778510944973071827846,0.0341931737093952789474649,0.5194232471953186269786329
-0.009597475061647098293349245,0.03415174765678937601753873,0.5181389189023949404244718
-0.008392615326468844116902801,0.03631484526320845340752186,0.5209101465117972340479469
-0.00899897500210428656630679,0.04730143676402981389728097,0.517102665700122865466426
-0.007463151524782834708715562,0.03647610282571282780406108,0.5214322156741253433409611
-0.01244731899948516191944936,0.04229540567412615886810912,0.5173797688356485124927531
-0.007089901166237633917122096,0.03948251925694081648776645,0.5200583496889843448940383
-0.008902434881742910324775586,0.03858468085097866567823033,0.519699044571225399202774
-0.01176834658509337896981073,0.04023942704859895247437862,0.5167396128535965971195765
-0.01177373685365046968032132,0.0384790054466175521219462,0.5176994636335401356319608
-0.01233760275052568980425072,0.03994367440207902825166641,0.5195283606143963339718539
-0.01522388481619625470731005,0.03898379563843939327183463,0.5185731175571957063397122
-0.01687005692361202846552004,0.04084464573332986098153086,0.517950114771820069314856
-0.01607822678237282032487343,0.04283892177196707562458755,0.5216621667274826679161492
-0.01430308238816935771653416,0.03932693525248096705348999,0.5221233156686561072135078
-0.01585822326022120684618777,0.03888148946608503686572789,0.5228481004679164101389688
-0.01709541399975248246456694,0.03693566157195978666427649,0.5224375552102904496365454
-0.01635801684772017830504787,0.04123510710423605035712669,0.514872127886665253981846
-0.0167753930324666782059051,0.03835568708383682579032836,0.5266813188116654664838734
-0.01871023888815578559152719,0.02736562529774346635980109,0.5171229186937532640300219
-0.01789019151419004444170113,0.02928005598493123307068942,0.5191846029171998111451103
-0.01672638262641025497234892,0.03023783316706572799059671,0.5229998469420136242291619
-0.01870512559839426422469977,0.02622098328622064766779687,0.5198843140626135950199682
-0.01733610904986853523679358,0.02481719253758816676191934,0.5191166215170671671685909
-0.01652477160014242940633267,0.02354257329362998210631197,0.5182239690774087526037306
-0.0147673448746351351074102,0.02213618193909701672983381,0.5176118897488308778775945
-0.01357500136080809320648921,0.0244269996749026663263038,0.522473384027712151045364
-0.01422517071931761120651139,0.03648728380363092799187896,0.5186582369973903317017516
-0.01336016715016304784446888,0.02803176019231531923558975,0.5184379100059285372381623
-0.01302513079787580296819982,0.02956741644133964799778802,0.5160635550818117867066803
-0.01535817861989989714655014,0.01483555909524973161206507,0.5186396728487100427074097
-0.0149256520087241006250478,0.01502431356464987120824528,0.5194762274175719340973956
-0.01725679019519776521973675,0.01329302398894686293440159,0.5182791205104627652033855
-0.0151738484357960574239188,0.01448768492142907780839689,0.5247502741016610849911217
-0.0141637944274251286608246,0.01490347410975056789694815,0.5250779092320534413573796
-0.01385357514008072297995167,0.01320695903602178006286394,0.5204437486532131895700104
-0.01614702521189985418015311,0.01375433414618945464347188,0.5160531694815175818291664
-0.01407908097725301191371905,0.01430862881280712227416441,0.5207771409258569184075327
-0.01435811344959259973352861,0.02647149685542572045138243,0.5178443150563512009654232
-0.01519272731004741965044058,0.01418567030372280997341239,0.521510046806516469608539
-0.0162042417382148203064407,0.01629046049657520076059392,0.5219448383172285987896544
-0.01631793315782239725542091,0.02485072199584477739553456,0.5173531482218506338810471
-0.01972838160022469256027478,0.02124496511008197238701278,0.5191685174784240741630015
-0.01663284903274210926871213,0.02376374768233896830893492,0.5207646558851967144576633
-0.02152925640007778348983258,0.03758496334522604120920164,0.5214580647663136225844482
-0.01883441470627201033694043,0.02652397373105510464119661,0.5239341181729397778354951
-0.02083423033159340423403627,0.03873136457136469590345484,0.5198281608112806928545524
-0.02121460764401663853795377,0.03975179634441024928426245,0.5200959430003825323396427
-0.01925263015869840138583058,0.02657493995648536194709166,0.5231317189226748487484997
-0.02004475298598449445330871,0.0261963708682194616750305,0.5229648428855120378955235
-0.0205741914272401724139705,0.02865458237103962399472401,0.5225397638100462982535532
-0.02120052758014693075616641,0.02826691359470095629702335,0.5205988199520098502759424
-0.02164897384337380673025031,0.03002779333404533707030382,0.5162196820343369907391207
-0.02189820122436631974482957,0.02996906754212806320292195,0.5264224435884450326028627
-0.0221430190731262376002686,0.03284821349769027898357621,0.5244801104389084089874018
-0.02044382993060158554277095,0.02568340987972266356575979,0.5213082387570767695095242
-0.01858857868821407743897822,0.02081721531324375040750141,0.5215442258169935563216768
-0.0157218680453437946453743,0.03374130766889930910235051,0.517687807577036585016117
-0.01687112086853091025284712,0.02039482530776344504364062,0.5213582706505680564035288
-0.01585560943671753680872527,0.0154718781436031464077141,0.5211862763727436176353081
-0.01754278557161960058752292,0.01602301382681922334305646,0.5210388904300635726229984
-0.0157098554220668276681927,0.01696019963144140482724787,0.5216988068693091395999772
-0.01498724008481879671483838,0.01740502281753320001911334,0.5257987003359529953883111
-0.01706427709994434369078498,0.01727649054173469034267896,0.5233412656770307647136065
-0.0165878428084054244107115,0.01605995088861125741352964,0.5228281959703989789645107
-0.01487733088165540257241659,0.0168302311858332942495764,0.5214159158903647339755594
-0.01111905092850062545806189,0.01803578931424273251726831,0.5268278562233955630844662
-0.01266415755981685313524832,0.01464614851011548403436624,0.5232326038159558212470301
-0.01286579603093223646281817,0.01547687170183790171529292,0.5227266107420251994852833
-0.01284628127298637761954936,0.01760069555498502968937657,0.5223346920858211728244669
-0.00975547082136108897887361,0.01999382839270285802668603,0.5245113129600247336981056
-0.0149233393928600160949216,0.0182443421167661108672764,0.5210594324045587644178568
-0.0120745678677697670933,0.0188005916692744953766514,0.5239605616329203741088349
-0.0127581802344943658067411,0.01803849954309755254655556,0.5240572435094985603853956
-0.01355998756224606645315323,0.02213969267345521074741299,0.523584034663395869735325
-0.01308576445343717815916751,0.01913568809856089347753993,0.524738417929558775831822
-0.0151890238057081176925589,0.01688110478674458014847204,0.5241386755420549548034614
-0.0147033697550284538080323,0.02019475522354800822721899,0.5237252290920756392367252
-0.01543114101045409310153378,0.01543700590733884138450183,0.5237861822356603136441322
-0.01449803967458411328717016,0.01850142502713717981843722,0.5248710119784233407713714
-0.01547594797942691315084662,0.02040591065758251554385083,0.525705254628157314655823
-0.01599156201020515005728484,0.02398082910249258944967998,0.5262221960290174305185928
-0.01657807113231177589818266,0.02534493586406409704192555,0.526300061664316087828297
-0.01701978094237603308935824,0.01957987901829873894632428,0.5244847113293754636842436
-0.01678869427402144773320281,0.03471197198764147673344382,0.5218806254140723188683637
-0.01590479128291918606286082,0.02309329353876495016795189,0.5230371227375847364982064
-0.01252270650947143355857794,0.02248005682101834531994022,0.5238964079682491004064104
-0.01535195618925778125729575,0.03479026909989196142403145,0.524031587307968949041026
-0.01396771726813599186212134,0.02260921717352593063310451,0.5229794866723508350858651
-0.01443534398271337053365482,0.02323222346725251422072667,0.5233768271522256654293415
-0.01526488444423278363626384,0.03061211502345122584256565,0.5208795114970073969473674
-0.01368023308811134979012802,0.02410106725182145637198516,0.5248561972940406494814169
-0.01391235924141333291093048,0.02479041112582286085497252,0.5231734934251709434605004
-0.01488277556417101632479927,0.02595173842769381636341741,0.520907060892279893948853
-0.01505345637478543857623592,0.02240830503397604062110204,0.5236802874712107591648191
-0.01765436700895062216432052,0.03220220692963672581843326,0.5178360498713722170904816
-0.01830015203592670613996773,0.0310884798871874055981035,0.5186902383697713503352134
-0.01802136108004505007929019,0.01987847292135949683888896,0.5186558445493243407753425
-0.02000434426668504933610748,0.01765144136498932384005123,0.5184627206882582717284436
-0.02146707716328567078223344,0.01920210049072118910218343,0.5207719836604839391824839
-0.02051537619449198338039686,0.01829026428851983354650912,0.522588623795154916251704
-0.01649037643466955832538545,0.0187264872934229768819403,0.5251010112413899699745912
-0.01542802303895554442980664,0.02187278803390272502449321,0.5182129319775873321773929
-0.01495975195960140384510151,0.02074014690500136648410034,0.51568402103743349318421
-0.01518681986035178531346812,0.01639145367571438055565025,0.5216241105425335478074089
-0.0167523298938330456042678,0.02316722960146561441363566,0.5222198221089097147640246
-0.01354193636410144785386933,0.01903474718767945647601714,0.5205210216194379180265628
-0.01437452665626177093771698,0.01661110767805214216696896,0.522694230307782836675301
-0.01319009944626079074148084,0.02119831754616652991218828,0.5209413661826435282264924
-0.01183016947377238566041502,0.02431557142090661621791625,0.5236002103919970007694928
-0.01486774275424831634473399,0.02780457795731773248948393,0.5237471069494753495021655
-0.009441070745600469577007985,0.02106921196923079026008807,0.5221061041725914009248299
-0.01073233011790630450632555,0.03335650755328247590858481,0.5168965778810311606505934
-0.009699852082522733565106421,0.03488453030902147200542629,0.51658450055878324391756
-0.009495387652284123514156988,0.03621797482490535929899877,0.5172144375287308637467731
-0.008939361065181117282918422,0.01980578334500627049608035,0.5177924710371862859759062
-0.006479348766155806557676122,0.03442797834643267218535101,0.5152001315550611693083738
-0.005915748813625586362274777,0.02302373772795982681538263,0.5211705071051535576032165
-0.007372865407027227174774353,0.0313845644060057882285264,0.5162546092501424377374519
-0.01090274330786268446036313,0.03735363031079535350853504,0.5161191825242082975577773
-0.009913396186538315710268243,0.0252519887170129277154107,0.5200547328783485800940412
-0.01194049432071224783880048,0.03441882689799975747479976,0.5143343888007985142962752
-0.01167460042011039464404654,0.03623267756137230760637991,0.5134125398310361854115058
-0.01139432554682392496891996,0.02358986770008830030631586,0.5170154932191235452876299
-0.01147879237528743462393166,0.02596114752570310990620328,0.5157328339889897250714057
-0.01224369758647945137519653,0.0313746534772790519607355,0.5183469423284052801648158
-0.01395735761971015828630804,0.03407870892306634480473093,0.5145391923105270270966116
-0.01538075154161001704966605,0.03505226016849447012724283,0.514704152269382264606179
-0.01445879027727347068688069,0.02580035714022943515999486,0.5197682103597250913296079
-0.01647718408776458615117022,0.03322890440149846996709115,0.5141574075791205400420836
-0.01836963128917520546301567,0.03629421508397834977843743,0.5129279731861425828398637
-0.01566934126718743519601773,0.02210625401195734016090988,0.5150420603217419346364636
-0.01351215536077403529813257,0.0198862438746630759700551,0.5164834970202006880768408
-0.01409175848095313432484232,0.01668802718565084303170565,0.5158818112185570292638204
-0.0138630297574808408755942,0.02154610653257734570464876,0.5143109589669333514549976
-0.01207072264107019593515346,0.0179507753828783249427925,0.5095783516079951391830605
-0.01056463703112044127951918,0.02189835488008744571186703,0.5166223728411177829045187
-0.01225670799931802799898062,0.0150898880482175420242319,0.5108442067736196356975142
-0.01096525289089699331523953,0.01765411686142462702187039,0.5083909218212966374395023
-0.01015819626531220577769776,0.01965209164980390860177906,0.5141656659910016635706143
-0.01106065020579572594217055,0.01488034600355559247675252,0.5088964831259934484819496
-0.0119867375245445231812802,0.0158235577437178774606874,0.5100284392348386486304435
-0.01222733129797864970456089,0.01704634269592038633978071,0.5132488094362134267711895
-0.01193665778497289900461631,0.01718351693418545059199865,0.5130714132625866508163881
-0.01155998370423957401220694,0.01899714060922719563451189,0.5126030596571562458763083
-0.01235652737085775852710068,0.01624773007153994600071378,0.5118763254934206585744505
-0.01107828069012015831384943,0.02028827718406457300548418,0.5120582152488111216115385
-0.01229369288269722450268606,0.01774372336268729630215368,0.5099023394994295355076019
-0.009596927590333655111454192,0.02055353471403087786684161,0.512380160458748235008386
-0.01056160817697956305627471,0.02144922731829946097037443,0.5105560973418009629298808
-0.008754896879825904698613215,0.01861198805972566830413406,0.5108727346025603299750628
-0.009703559507545008247508811,0.01917518182846196864166366,0.5079885723848118761480919
-0.008166731742445667435736922,0.01874785786729288999952203,0.5083117740768173797860641
-0.009444529684528951002375763,0.01772355276048162564528354,0.5094029724820310356392383
-0.01047179702535004294783327,0.02146987135914663752389586,0.5093849535315112531108639
-0.01078488954135488342434002,0.02079352537577769388654758,0.510104672895780875130356
-0.01276409156542737850792424,0.01771552463844365890577315,0.5080898212345587028337945
-0.01480044552223418533043464,0.02171246279735226242246782,0.5085681247229840717949401
-0.01395813299569896061280705,0.02104759506553141937268414,0.5070564990757545631439029
-0.01541864992424220662248224,0.02308657100731253963843415,0.5031733389361154884511507
-0.009269516885660526034351747,0.02174447466174660170690203,0.5082066159696085883012984
-0.01274561758542430874030504,0.02709489439927773371530328,0.5069283301714844203189614
-0.01603756931228983093062901,0.02423459532558464371576612,0.5059044804062330369376355
-0.01295844239388256775857844,0.0346897570998799392727463,0.503767826862051237846174
-0.01155669849334267813845134,0.0290800511474963510605285,0.508799111503413614698843
-0.01465033115883862535611115,0.02483442838540273964187399,0.5044224735367567324928473
-0.009612857635900438901810361,0.02697470997451787214083119,0.507152726434970113622569
-0.01615448752075027832875165,0.02815803619487461037507181,0.5008292463284034212733786
-0.01593760225930461113530434,0.0293803261527417029774778,0.5018843048826736596979003
-0.01590871654893029341071298,0.03904818463758866903257072,0.5073851128345638894501235
-0.01563732211630614044040044,0.02832421548164076874343209,0.5025364225190234179763138
-0.01394382510820664153317061,0.03333391931332698593370978,0.4999244516110470937242383
-0.01722290252829935044975862,0.03922386118161655388369979,0.5038164254597412572422854
-0.01363195465222890451206794,0.03226176527820043271610473,0.4988105607087162107760037
-0.0161350687217809429796489,0.03334998441477214636829984,0.5049137506911730577385811
-0.01699047742222641391163229,0.03815908471916574368210107,0.5074145901437857597571224
-0.01287723722668051781758969,0.03797198950510875803399102,0.5009576336732461943057615
-0.01556896970007212721576195,0.03175234042923304883521141,0.5019715096695928080450244
-0.0121034120637767608069657,0.02910871482040313165673417,0.5058343538958567364716146
-0.012863650567802108193316,0.03599314797413519229074552,0.5072681535753986725723053
-0.007095563853544650800841964,0.02892285600960723540575614,0.5065965172208394262653997
-0.01176559405415471444567022,0.03369570568546762651118698,0.5079496336772189035713154
-0.008133125822013056310799684,0.02746038130962332249329627,0.5049813609775694045467276
-0.00900377212380283620252186,0.02736611151926940724288251,0.5039597457030972060820773
-0.008662084110132219766375883,0.03187735338692333775245658,0.5073242174087625455669581
-0.006867634156827251770693898,0.02600030519073029747212367,0.5036715316681267262666211
-0.00692523333870822058178085,0.03124702066447093695700232,0.5089084247653257175869612
-0.007193752981511183398899423,0.03154747800475081465076954,0.5076918185575413078325369
-0.005451143816832553293250108,0.02898421712695312818519611,0.4985589984136344909870786
-0.006912353800423062452629175,0.03070697448877110838361126,0.5064899524851540490999469
-0.007603104618892772385840839,0.0296667720241277146908665,0.5016303745577606054695252
-0.008009449941416533352844809,0.02858061163276919003362053,0.5019382486920728192458796
-0.007913001356508731626293596,0.02775437575282896016104495,0.5025054430885462775080441
-0.008552000535017504831425406,0.02445312463456041085496651,0.5006552246249736937144803
-0.00753132007409541576886669,0.02374019188457921619717084,0.4997441700666970243460696
-0.007905673507394093968425608,0.02716366937536333209246564,0.5003209217039967793283495
-0.009438915166136872467173013,0.02692276320832681993366897,0.4969393933709081445648792
-0.006535606179183619558747953,0.03354952119490176021265881,0.4956580136293373683997743
-0.01054627227453031057535782,0.02509163523100666967624583,0.5006897644602152919190985
-0.007344388806914296970174139,0.03158642181103970408839743,0.4939820546857678351670984
-0.01325526749255561027862615,0.03381854082938979405570379,0.4962199844898342870891383
-0.01152133396543617883944766,0.0236551829688713480259743,0.4975559753400815576895866
-0.01305215656387499929824703,0.03528814327461649719142045,0.4934738347276744208080856
-0.01530642392408746409182552,0.0247007355056921736047304,0.4994883597124916696508024
-0.01803565469394193335195276,0.03636174955699359584437858,0.5001095883692429078237751
-0.01912587280197589403862857,0.03607063073341858217002454,0.5025902229018278655203744
-0.01717749253212060359108371,0.03644606048067622339203808,0.4959525202597205306709327
-0.01752164305209853722988811,0.03770889450275725224281942,0.4950882300966310545220495
-0.01861979603843167893617583,0.03698384423152803468504146,0.4961609466288206538031602
-0.01692601823004823841101185,0.02921883244457742362376607,0.5006284143896427840658703
-0.01686691755451116131458988,0.03948888977214723428055265,0.4969747055405835944874582
-0.0165318388197058276090079,0.03757663628260913407652666,0.4952262659495896279793214
-0.01792787587833298210138189,0.03171659694386251560072054,0.4979742722651325781413334
-0.01743814592545239045007222,0.03221767549508455785733929,0.4984896994833972749816553
-0.01619684576042490151137621,0.03274124833846676213555682,0.4989602370802013187045532
-0.01733377989567768187595398,0.03841809327112415128890888,0.5006295776555439447363938
-0.01619539240044635258763961,0.03057277791953623424792141,0.4987531238345719319937643
-0.01530546002686159617889317,0.03652417776062405474490902,0.4954059565134089071491985
-0.01932744990642574697825573,0.03551982332897894029111185,0.4973589733775845012075933
-0.0150501095095907973936411,0.03461412829309500061025773,0.4958134347717512713238364
-0.01346169762017511602192332,0.0340112808059308061037207,0.4955275237670027088654479
-0.01621946858216344322656255,0.02394296564668825857968848,0.4997215143009436366661191
-0.01326299033012378648932472,0.02276329613183969077794266,0.5001419619694499330009307
-0.01527859916096361084236754,0.02977863656882002649228802,0.4982771123543140445733002
-0.01339895087948585021553338,0.02201766123858545434743839,0.4997598746468511210494512
-0.0100718298882601191290842,0.0210455845531402861714465,0.503444392995275435964686
-0.01417151193118639310175588,0.02425602405076838358199964,0.5013951659383968362249107
-0.01376773485342610431336752,0.02789906613042665919910412,0.5004324481317972139748917
-0.01278261867962601772141795,0.02264360238914451400882299,0.5020117115446538491596584
-0.01087909678430957344241747,0.02624464620391956520828458,0.4953659778215676046109195
-0.0125021787364535189035486,0.01941818617609311625749058,0.4998929935107978006492147
-0.009220210813531625262950975,0.02546198732918371343547648,0.4990221482974360744933051
-0.01073513318946612594972922,0.01974116501705449819303873,0.5011843602132638464397019
-0.009633992401870265440133601,0.01931771612003504307031321,0.5026458422692162697487106
-0.007712238773973531698324724,0.01524177118325683970290196,0.5005023854298540353369162
-0.01043556531556613480027362,0.02689628366871730028031529,0.4995517972798948491686133
-0.01214798988013551447884275,0.02061023986091179219237723,0.4964940913420720636217709
-0.01044429676055222931674304,0.01575481685588957583843417,0.4996744063471465491232948
-0.008888514036143806834600056,0.01892363562054553624558473,0.5024011667547694237612177
-0.01553432125255523564566484,0.02132322889332075380175446,0.4994065530905420491336599
-0.01470196721040094647858787,0.03782450186269505076896991,0.4977784826237752202615638
-0.01750892728779147519690973,0.03108740007543615152529881,0.5028048384039763840647197
-0.01681444853124604982275159,0.03003829613797015865572781,0.5041880041106319154664561
-0.02161890684190028930067307,0.03954589509785926687568391,0.5024614683015458105330708
-0.02019431811234470228177962,0.0270313846556984628544118,0.5010841313173511890610712
-0.01903645859120170133471639,0.03176269655908103839436762,0.5018710194266174928756641
-0.02193890946528926494396572,0.03126579629785867370239671,0.5003519699815621724070525
-0.0205226378773251741383099,0.02743386288537419046007493,0.5007804554741266400696986
-0.02021785419907265804462249,0.03048356215974877547747468,0.5016520117163627556777783
-0.01840551895428519865727246,0.02721976701489978861525643,0.5058936621372667197249484
-0.02117785389726745820526688,0.03171023605423094887667546,0.498433239249533865944386
-0.02408120898698976053431409,0.0316174668037922240726445,0.4942287747565331512689113
-0.02306612727039671767448326,0.02506425889245631269397485,0.4993155411251168906971998
-0.02165246082713442182798858,0.0286866309789212993452967,0.500339071840131488499992
-0.02245217810319232246141219,0.02624212854647971215893421,0.4985999903913347908179787
-0.01945648569993743692840837,0.02253934792202063816524138,0.4998827262043048502704323
-0.02046836061852096849689175,0.02372629674822108666876197,0.4985441180812130168575891
-0.02053003034173825694375104,0.02492632745321247261793829,0.4990051035478745289353242
-0.01787887222354228936027631,0.02217980917862179615629437,0.4988091075266769536256106
-0.01675327469314397133004491,0.02177758497528650347141443,0.4986679141661939373975088
-0.01474366887950967486275999,0.01698375805697328530530221,0.5002115995282794269627402
-0.01542072244723058545290417,0.01749703666924897621504087,0.5029418657497887190643837
-0.01194518004153061717376172,0.01869543488025246849582039,0.4998296874100262021656249
-0.009359702655806384150039001,0.02037371856927854343877193,0.5004555654402331743568766
-0.007737504214165055564655926,0.01202086646078962331452011,0.5021949166076131731983878
-0.0102899806465590101106633,0.01263023043223039827698262,0.5017847204999111854206717
-0.01097619271224415521404083,0.01067396230624329846181642,0.4992021107756386411047345
-0.007975319265276557476052055,0.009504358644678724543641835,0.50026343465931422116455
-0.006955091727275845500666485,0.007249180715290909869652491,0.5013927762159045009582314
-0.007017276098343435200566098,0.008683532907266597669626584,0.5026583852335432256452918
-0.005134959760833187822348656,0.009022294370796071077966971,0.504449425870751255729374
-0.006644000331578617593586422,0.00874365476918314080134742,0.5030842508001315271926046
-0.005092176869093237821795039,0.01017027057855317620504998,0.5027771462985050066052395
-0.003216757725261995201626597,0.009672316697428929091473471,0.5019538110771031291790223
-0.00833626102434254639961253,0.005387339736365728479206005,0.4990060208699964583445308
-0.007296415321674448034583449,0.01214947472215600551836978,0.5003798967402325326148116
-0.005859075948235022666954475,0.0256093063248926146313611,0.4987993651710911358065914
-0.004226112297071440981888202,0.02197956015664090725914015,0.5055918194450619296276273
-0.007313593930105811991015941,0.021905090602350660994313,0.5037339042103886610490804
-0.001432983209687714327290609,0.02028266110495808086100489,0.5047909291479429905180609
-0.004859756615406203225648873,0.02109354131550760305668923,0.5044726474670105931252806
-0.005939967238182874455232341,0.02354727503829244159017087,0.5038615366603244050125454
-0.006837494700552963246276139,0.03282675930722188384347504,0.4990910490784653541496141
-0.005822259090503573153441152,0.02293358627561356208324206,0.5027997117112791292115048
-0.009499680815178102033513596,0.02369386043714219111655517,0.4984149933325148218443701
-0.011879114675890914062939,0.02561400751251186741486165,0.4971746865494394707063464
-0.01288541683789524473768839,0.03190960955833306578188768,0.4978984967935715655329432
-0.01229007535951862246925703,0.02960958091284785625996179,0.5012017485692785712103614
-0.009542261064783851692849836,0.02363042628089024113635652,0.5037738671180195249021949
-0.009103029670833944278496297,0.0276136245949145583966633,0.5041309584687004852199266
-0.01258474945236404303472444,0.03176699050185717576599842,0.5063213050434466344640327
-0.0126392343364636668828771,0.03468586020785300455537836,0.5025200350216550981841124
-0.01348851992881515068911646,0.03735592964798730569730978,0.4963990343147672290591288
-0.01252084494746307993806589,0.02810977686502295208592628,0.4963644013208808880577294
-0.01183332907065017848557975,0.02252827126846936728332693,0.5030107637061843606218758
-0.01511271161470472378096641,0.03014584137472181221695244,0.4986589328754413297239978
-0.01447415783374698082519583,0.01991597488574513991066439,0.5008637126538114658913514
-0.01203576949329959386303379,0.02092678319987375037958266,0.5050646426837486213656803
-0.01647079628733107148352843,0.02170854066149392400109086,0.5036756024054606095674558
-0.01965510475072174828570226,0.01822568135442513559407729,0.4971142667585126129203843
-0.01502481634558083985198085,0.01752602466419399263042322,0.5013586739234272560139516
-0.01530772024904728662031417,0.02374117583670638798043484,0.5025381005360440855866955
-0.01505454509503039058071483,0.01859766326650120343844108,0.5020434967868867559559476
-0.01249483232884359730496815,0.02111422000782774144322929,0.5030838974690514664445118
-0.015946140960299462485672,0.02066880157414302532359329,0.5022454384529945192738865
-0.01923561159859811867112178,0.02217477350131736441030128,0.4989743979350962366225986
-0.01661540596215428655657576,0.02311415622432720640144765,0.497029032589346886350512
-0.01896376120264283912653092,0.01643445024061348722077547,0.499105602382762136848271
-0.01796815532678369339847357,0.03223843750024850407509547,0.4951452632203147130596221
-0.01790397824668859064201065,0.0146219913862006417604178,0.4976730110010864072123127
-0.01861999843775763441300342,0.01561258202309272896668446,0.4973777869473403612232687
-0.01956905238410598657505801,0.02000482809052164107077587,0.4956235307493340735973675
-0.01826893088316002347615274,0.01663234829038133175127534,0.496526134941170205205907
-0.01979428566681757858947144,0.02189726204306097906426842,0.4992712232726960186468546
-0.01846201749439260741958435,0.0207052478133089058742744, 0.5011756654487052875524
-0.01760145159326733516058638,0.02237415440895178936342447,0.500398237802319179046151
-0.02076324382020920678026954,0.02691054676349256477574379,0.5018861868210661159039887
-0.01724770360387402334811924,0.02024047935407803991414433,0.4988858043483543336371611
-0.01775801163523292938717368,0.03196178514375824092352829,0.4966999112991224984980931
-0.01770959880166879385487988,0.03431011150041771845531358,0.4937672828801208946281065
-0.01664775023346288379544333,0.03225851793558678209938861,0.497738326619455717647611
-0.01640233190231080856458235,0.02298700302331323219728887,0.4973201207610090102129163
-0.01768542230768042206046076,0.02555471385200762043932166,0.4970902110841781684769103
-0.01803640735545339671141996,0.02565526915347479675055808,0.495998452268247125296341
-0.01575338244189475322976079,0.02350932201370726018496704,0.4945565123363352966201489
-0.014795532421013177573621,0.03203977470924272014096701,0.4996749674809620178628222
-0.01619184725397548874070708,0.03001325723475804438389325,0.4967002887577540160002343
-0.01507154687247467921007438,0.03218292797623684142749312,0.4968458849351548023420833
-0.01362480194043856097929623,0.02569899895329943659283423,0.4940953766300160143742914
-0.01739649650968958308205892,0.03197274413255753872098452,0.4950609622517779806472049
-0.01784354139078392006978468,0.03580935775607630572325846,0.4948730574032222384595059
-0.01496706578602675051514748,0.02914545987084605355166289,0.4926359239041182558338505
-0.01798118689536719327914938,0.04229779128560586659579812,0.4901066782586508963071026
-0.01856362564876013962478218,0.03562906412507254455546146,0.4863629129839863174389336
-0.01673159914608120246715117,0.02942870792230210807982616,0.489837936456898381809566
-0.01919976211947849523142828,0.04268918288123663140609665,0.4925659522179025584520673
-0.01636727504623371187708614,0.03634543607881630944422824,0.4952589770897979914998643
-0.02149322869722483306254013,0.03171908105502126151709064,0.4917423045905129908028641
-0.01948745941498216532883347,0.02485949402489239998259585,0.4889601980528787139590463
-0.02050341945433227855422054,0.02534811832173539114521077,0.4869653962653073819843996
-0.02060856780755691494699811,0.02774039644606525120695828,0.4889971706230430981143797
-0.02082274945121935852410111,0.02178743281469774917269433,0.4912210228146878243649098
-0.02424996473395804250094976,0.01938158433390278420627162,0.4898991561620011370159489
-0.02616883343164918759859994,0.02004289042400822506984071,0.4877519556818290524802251
-0.02818318093618896180707623,0.01312047262101673390788381,0.4883424114148370298593704
-0.02998780822362402675995696,0.01307742813531845987862212,0.4872379264523102881945249
-0.03122335687165648382412897,0.01207037053846929386402564,0.485755799932882481595442
-0.03056062971088375351813582,0.01373018213535803604130603,0.4860731919446159010611552
-0.03276803246513387141147788,0.01345972729009988454185187,0.4874985999339251363515757
-0.033049286347977803457443,0.01484698303499536360672284,0.4882324941538991880385367
-0.03243908830193628634042113,0.01675027760045086702711536,0.4882695908994043598738699
-0.03354805771798016061913117,0.01759173989678236571521097,0.4873850540677069353989737
-0.03261938817989737393610028,0.0197553603323116257206582,0.487553467294496944983706
-0.02876782134675108862365001,0.02779436000669042311495005,0.4819021280902874848628414
-0.02748595088683213755187396,0.02865236025602880404195005,0.480786660791647890711431
-0.02559170131486035795753686,0.02639736553621051598494951,0.4807196071944776494255791
-0.02912015884152140479668169,0.03829407807594799317829626,0.4831963500710459991083212
-0.02618828258365668223972555,0.04062199315175171743241833,0.4816258937599677825147637
-0.02432059760997658942605071,0.03812246067351113265608831,0.4829422587314980419570531
-0.02409920235460379783765106,0.02902526101168711319955307,0.4816581476390220939443054
-0.02085944016495350564199818,0.04169304174193255024816196,0.4830980805583552917248369
-0.01997652542895740970796403,0.04633380447196490392602897,0.4854135213550676564153719
-0.01912119655957991021244524,0.045550376001742137743733,0.4879195076364277183778029
-0.01633680775049097325113401,0.04186695172402220277430018,0.4883336437256223794278753
-0.007301178798428405170017896,0.02925644757727672781721928,0.4891904542553995316467308
-0.01414248890243213763184826,0.0432913414701715792975989,0.478634570906622758279525
-0.009412699703573794776656491,0.03167843267783410077242934,0.4838042921497271442454746
-0.005898495052762564409831736,0.03444326872607472028731124,0.4899134812636142255470872
-0.008766184500787850206182661,0.03385986543332754339363788,0.481989050597995349889402
-0.0100808865134969644072882,0.03311238633966419320220353,0.4789204901360079036365391
-0.008480487014345205673548911,0.03864290059859563919442138,0.484334273072961285500071
-0.008577547468061894400670475,0.03718293108098699034647083,0.4829046684455999827179085
-0.009795439050262109981215275,0.04289269426255474387810196,0.4840084810067720177961803
-0.01230976244745945157033074,0.03284841670193171248026687,0.4866068223982897844592799
-0.01122830155274221440586668,0.03399295241822380964080708,0.4860326823341720725579762
-0.01462437395125136194162785,0.03047943696879277727940227,0.4846849487474939044417965
-0.01326555437123382724662335,0.04078591322466088714415733,0.4829507268570129019380488
-0.01708261542263139060038313,0.02790784552530540738035647,0.4785274044747033772573275
-0.01411949670340269073764983,0.03664615179471372025110654,0.480136407140967169659973
-0.0137064232620193095918415,0.02782510543633553642961509,0.4843096477240416142251433
-0.0167418686470777247632391,0.03501697171761170707116051,0.4811707076029744234446639
-0.01521586497904149799798024,0.02178163966031215412200162,0.4863892253648701147206168
-0.01571748977504467889576567,0.02040029934946565801090479,0.4858843460985862172663019
-0.01334576639639054387864725,0.01859566448237739630378051,0.4868319190212728186928359
-0.016527143332604580377998,0.01894040726872842778094608,0.4845159260632362352438918
-0.01420029674796599757080617,0.01566261155635153418108629,0.4857611263511645849355602
-0.01392250103601162629363142,0.02382035858879844036906093,0.4792659212771300802913288
-0.01888494281278795677847526,0.01586822023784187352113406,0.4856119576220019884438273
-0.01679235808293040588257128,0.02374901923608813830712805,0.479150450090945867476222
-0.02008531112529248277565053,0.02203696416978165317779315,0.4827567742181937959777827
-0.02132033825643553023865273,0.01592256669616250869259133,0.4819461135532080442445135
-0.02158153304667174976483324,0.02627424852486432912956893,0.4822259253783779953117516
-0.01987724083501198057977177,0.0222979231373882126610031,0.4846996739989943847604081
-0.01900651646490466792349672,0.02416567666109273315733219,0.4867839276194163011801663
-0.02201413872730331039440088,0.02476235897124177617878438,0.4850013094376726674461509
-0.02406243398658583498850305,0.03562694881603583468843155,0.4858361058941452759185609
-0.02133048738005193303846063,0.02847010839774683638170316,0.4839683182219400303658574
-0.02425439819352914055938797,0.03811776749515822376723762,0.4803050553842184711150765
-0.02277285669421332675588232,0.03578624856163775680428785,0.4830465864385614649378908
-0.0214199559901521278948433,0.03287032936744956057584233,0.481381151996194023290343
-0.02018738763516745443604705,0.0332285673840645931487181,0.4814716243112915350366166
-0.02268584103504040286325427,0.03397234695377450430786581,0.4819409162143084013329997
-0.02086545351582658885947197,0.03565632403912154940739399,0.4829364907505362958239914
-0.02120493445697409912176212,0.03982006402451214455151529,0.4833772940700012399339869
-0.01441670259015640810640324,0.0322723260801528813446204,0.4853190452439550273133761
-0.01811935823535551839946756,0.03388520013648581297172058,0.4808951078975414739069549
-0.01898230600189656364085167,0.03765728406150956053544121,0.4793517024054302910762715
-0.01466637445624522501086417,0.03636704517758048565978513,0.484019102197002448750851
-0.01875945461072342848596328,0.03291394214675800317104759,0.4833860832789425021616125
-0.01492395727341827224576853,0.03119531556447548842347928,0.4873193669973575614662309
-0.01773168786860352535983409,0.02577874976202696247207236,0.4830063734524178142848427
-0.01678475945893356802152141,0.02844360094223665619272978,0.4839085798462812726405957
-0.02065028298279567714468286,0.03984603305676434614746029,0.4800726403308144818460335
-0.02137998645897741176180595,0.03835248676125978251061355,0.4798661256025416599335642
-0.01997225981862962851387522,0.0313594156714290250853594,0.4794120648600514456028066
-0.02145079283194852373672923,0.02166451028734004899400922,0.4821514042980973857588367
-0.01941128047577291015901579,0.02488665554654832801073638,0.4788505172519618158233357
-0.01845289136154440109982566,0.02484696717895380074780931,0.4793811301435790261926684
-0.02062528597069611391301436,0.02646167407105566235503424,0.4823510955645647357847849
-0.0235506573745596636815236,0.01251432735899688473979463,0.482219936008950411654439
-0.02558185599129921342087535,0.01375629530597592686813613,0.4851268183987158533199135
-0.02231464685423773311456763,0.01353715200244158534115257,0.4847731336461256756997784
-0.02268234369602771527407725,0.02335911073415884026127642,0.4783122719908024511603628
-0.01943879523815994492252912,0.01121961029844781472519788,0.4838988256156199208035673
-0.01869015941835243735380523,0.02368650898938120044623368,0.4793608678711371307024081
-0.01920071996037241851551514,0.01046236233106065047215871,0.4836412075267865762207009
-0.01892982354227031732696318,0.01103298709761008945806626,0.486252088868043164104904
-0.01533421073493676511922956,0.02145133840077397685552896,0.479414161874773869786992
-0.0158900176872164324015646,0.01657804444543282615387447,0.4838945034268108957853372
-0.01569543821502924346722452,0.0116195020148844429391799,0.4824527172986605161320028
-0.01198377186945939580631215,0.01567805130133128818648025,0.4839739866179151306369022
-0.009902363005472957988017946,0.0172763572545435555027904,0.4863711446384553771515868
-0.012148074265888935893698,0.02061326152914002077243261,0.4867674873170690363899382
-0.01356037605697778952729138,0.02829811882540369041838524,0.4899473259384554135742462
-0.01282292802413769090830176,0.03576165035032185385288628,0.4828249366596867320211572
-0.01220943276857649681388374,0.02763974031561232391762672,0.4830041698065929978156419
-0.01108562348319466067669836,0.03807440822130631064013073,0.4803976708237290282887955
-0.01281833407991089281152686,0.02860211776405176264947983,0.4854795827715931988421971
-0.01815392568167554718239209,0.03415585594974124977740715,0.4834683865070434904964713
-0.01548689879944821143342715,0.03840184348389474866536375,0.4886660721446062782824526
-0.01642891143879943172123603,0.03982665393368551437491831,0.4854034025281934727757971
-0.01767457018480013408723295,0.03492391404687537892481686,0.4875759825137845338005604
-0.01596296164330375175199883,0.03956140863755666647882947,0.488523103311268469539641
-0.0200160060896292964216503,0.03780263601129278672186018,0.4904014570865787847608885
-0.01764209835500238007788276,0.03608640335056557263415655,0.4871272322231730012020989
-0.01565120256241266452623684,0.02926491034950312250528803,0.4899529996602730030907935
-0.01749564868607985865245347,0.03265230048565524734183185,0.4923825536759816601239947
-0.0170449766779708147823591,0.03197488679736476546722201,0.4921127121498368173213578
-0.01268990494086847699295451,0.02647382510998333091101209,0.4913776448510582262052537
-0.01554897245433022913430055,0.03149112176959360104300245,0.4898601237860509272081799
-0.016970655269750896387837,0.02240636964033994663059168,0.4909887754133894777197611
-0.009862568625355212434402397,0.02305043894429582504446152,0.4910674697093149188020789
-0.01686733326059338539115728,0.02818321403898199975501804,0.4940835673119689519516839
-0.01817099715697002848546759,0.0256784786483357715947129,0.4945852069315966881291047
-0.0170629197537625586222898,0.02473073999393389857393011,0.4958975802018380507618645
-0.01344002335683162907553623,0.01812240289590191094637461,0.4934474904081515012066461
-0.011970015971034839857845,0.01642960419612603251149352,0.4940963977968408915586451
-0.01322155844635167915024354,0.01686531924272999249936333,0.4926370871923674843451124
-0.0164432558941466633317674,0.0164853965712966829548769,0.4903626282420105453319081
-0.01344742760333125786154085,0.01382072499096345837010791,0.4911917157559374524922191
-0.01751456994844442782710559,0.01712954076487410368101472,0.4893259101534080945938854
-0.01888285348169499444637154,0.03219582982111580948814122,0.4861342244326688488698096
-0.02002177010279668906145289,0.03562527743438884814120016,0.4879052867410577087881052
-0.02079793745927290687935951,0.0238204375937706852583986,0.4933450490011101474685518
-0.02203376845855830809539633,0.03799505439364096737175913,0.4910449137362378202453783
-0.02301542970121593645327351,0.03854266190083585619241546,0.4911494458820740427462681
-0.02284100471278800378871487,0.02193622418057074655028948,0.4913237434784656354480603
-0.02145929249663770105316374,0.02423308409227187612544618,0.4930848355430392793152805
-0.02118403082521785191216779,0.02429073814893406221826488,0.4941660483063244901913436
-0.01848293676504962623763362,0.02548789632150671308208345,0.4951913603394281215841488
-0.01686855747021216017644818,0.027269055123145358870973,0.4958566909280657797332026
-0.01784920514785684822478551,0.02542929760552934542738868,0.4971674841001643696536405
-0.0122853044681851993058519,0.02648342456663419636209156,0.4975102864040896188946306
-0.01442504897580767532494495,0.02512559388147171668403956,0.492158301374774787007027
-0.010652141632674340387954,0.02457439954132831227973099,0.4976299999228610548840379
-0.01452922977058227621549591,0.03186244942732380930339176,0.5005396908906390995852576
-0.01157493934616654791824875,0.02454746150613133087725615,0.4987738039641116949418631
-0.01262360607240202090006953,0.02462492409478919327958657,0.4973856005045415584753243
-0.009389139865064064990884951,0.02740870077505660334926674,0.4983901557558446104856387
-0.007799202310037806062936738,0.02446612960253797056098257,0.4929548232907112748080181
-0.005888100674727905770033942,0.02556527745480976707148635,0.5011217748941427796438575
-0.007588030621335780517844327,0.03093685188473378061546626,0.4968333302432594855702064
-0.004194819830473111091362348,0.02848330487029309895929963,0.5019170438028478509195907
-0.002901174551189920382265885,0.02546622858125370189585901,0.4990694859909447500534441
-0.004563048691325915021121951,0.02234897614454994796417964,0.5026679554645383518618473
-0.004990232543858031354078175,0.02701788351491748313426555,0.5027431054985458391826114
-0.004563208093161127271164546,0.03083029111483483533651118,0.4987075171761307101903071
-0.004444948517164209675356368,0.02965753829035506355937812,0.4981674372168545250616489
-0.005437445848266928005720899,0.03268818352587408992970808,0.5004892555404297782573053
-0.005004800770263556283778961,0.01814448396333754806586391,0.5010489582659288787525043
-0.004505065071759471566348321,0.03420187903728031525441011,0.499909417603144001773785
-0.005071882257191769396986736,0.03377206988449169694499474,0.500005956092776315813353
-0.004611365864295845912179672,0.02195735608775491176647421,0.4992951239330459811682772
-0.002400938035735185674401926,0.02836819387126560121359375,0.5006506843074923773784235
-0.002375726245709648253717772,0.02252827158097068030451204,0.5043987392762904198306728
-0.002233046447850206821933439,0.02323568753024880806368202,0.504589007770597675062163
-0.002983779787031438923694537,0.02634315797201367687074836,0.5064070679392181917322091
-0.001086685235102642860596789,0.02850287544992461882809032,0.499384556910085708469893
-0.001080601849230390263875701,0.02822203364631847843924106,0.5068275020970538502496083
-0.001974119434505529520340605,0.0225766806558302321472631,0.5027302500312050836939193
-0.002771483111792173974902154,0.01852442626987238147306947,0.5069293389981958108947424
-0.007257876629034954243935296,0.01970275701061083989396039,0.5069399378446038939571849
-0.006092495978885085691767465,0.02255756746710995894189544,0.5041906077299533883717686
-0.007191996341896099952106791,0.0237079764628020696337618,0.5052980787989420630168524
-0.006098140573053366202127545,0.01171646759558046986537949,0.5106647718140477909543051
-0.009065391670175391644614926,0.02237142999136096030432519,0.5038059980138785975967153
-0.01187590964375737773162101,0.01674311317685589148296366,0.509439889757659303270998
-0.01120599958332929059479088,0.01479549310354127261701862,0.5107201067752976664237963
-0.01071823857100779979478755,0.01380552471749385556876177,0.5038264578857537534517519
-0.0104108125582971361433593,0.0135057663907919775492239,0.5054846236802407188903885
-0.01236260139966938002842323,0.01979036299369973245232401,0.5084094180577852783997628
-0.01200686648455183934414148,0.008131427353640814648105817,0.5130128842803974853481463
-0.01363540633132404034100205,0.01008581540280655171326618,0.5090017129497010905936349
-0.01622685241110876502856897,0.01075651305440076220543144,0.5122537864117404637909203
-0.01601059569249085184905468,0.006918711357037224569943579,0.5103613827419392068307502
-0.01573497661237447872717432,0.01229907202553170812719951,0.50935195831572621649741
-0.01628549109126781191392297,0.01399767399214785906780278,0.5053582322873058085832554
-0.01598201971493012907288289,0.01586103152478628847132924,0.5062063309275451894464481
-0.01660815682282377331313583,0.01705552182569845462434266,0.5069254734384029958960127
-0.016635214944566396183534,0.01612792976148392370960849,0.5108023422681015057733589
-0.01381167534005760776094629,0.01738378015400594139849844,0.5135495619665129130027026
-0.01885543131541713227083967,0.01752913721550760153822246,0.5098073962508468115473192
-0.01734933688798727391411347,0.02255938766839377107586984,0.5106327749582698638519673
-0.0204988547301947696133162,0.03428043864205015944790489,0.510272209141342858451651
-0.01788274495405192329733346,0.02484191490030904225783104,0.5137498562675967272994626
-0.0183416093458546487771077,0.03637960813799617082464621,0.5076875469899763126946368
-0.01854381686477171026217192,0.03815437257418733546510126,0.5105003847130581418056749
-0.01606182508245651910372409,0.03387544857669902431673847,0.5099660959301395291021208
-0.01611000966281846830119306,0.03614237416694204840794669,0.5065521941917692227974612
-0.01794166617155288495633059,0.04022524575199955959581288,0.5095282149626964018906961
-0.01386529181060948585912929,0.03013458425028108997323351,0.5111450855532970738437371
-0.01634854370516503757615467,0.0404377105885073279134545,0.5085248357461399359991105
-0.01455061266940588932117251,0.04217805709956985033004528,0.5073917241959940982454214
-0.01655223433064211338572314,0.03509369370792471409803426,0.507704746611253421306742
-0.01379060704051037443418348,0.03550799685276970207858938,0.5062971174039128108290697
-0.01354322166829081443284455,0.03564254702126379986681926,0.5086295018296803638335746
-0.009860729000594948071012347,0.029005264660847747404393,0.5132582887701331308960562
-0.01526438152558324060081851,0.03808040125798604208506859,0.509233910484804042084761
-0.01700019946301336085103806,0.03630805615578182321545597,0.5118556325121452754700613
-0.01446640944860004725225355,0.03600705978884293639863401,0.5067943835388022399968122
-0.0141465905619598073666987,0.03569883088577626567561296,0.5067051745075015212194103
-0.0139145934623465718921187,0.026810637936512820428403,0.5090927626541223993683616
-0.01278842782353337322043263,0.034655191393797503407459,0.5099204466801632307237924
-0.01013195351575630134832728,0.03581724090013885253291903,0.5096696934536164569351513
-0.01311398072270701653518898,0.03145385154048129655590671,0.5065351458870370748854839
-0.01297790674031137035659977,0.03758321910074779309551829,0.5073507211220111834393265
-0.01262032072651736794299815,0.0356899454682009162342915,0.5086022545966448760168532
-0.01149608113309255434664191,0.02196710660935641268309837,0.5088836242213655713939602
-0.01207156891653039451628437,0.0355354453943646231284248,0.5076427250300235005653349
-0.01138237320655284372239446,0.03515918541077082959400713,0.5092913603085780227530677
-0.009563601964051766934904464,0.02144273070532119046527342,0.5088012889657792525710533
-0.01074504583880674622731188,0.03126043893460393741090542,0.5088628837620149392151347
-0.01076441876304583961099226,0.03485206651092206953101993,0.5069518181916925492203063
-0.01061420297354886098373239,0.02154267824732573194390639,0.5132695432123844936356249
-0.01100507174652582201290762,0.03239250501590152514497234,0.5080255448532668971495241
-0.008757255096062489807540175,0.02749118184851885929309567,0.5052479339217037512810293
-0.007284137418728326741901302,0.01668112480880176370923174,0.506500509624591588320186
-0.006503086049121196629552166,0.03050392338620308216312615,0.5037844870246729334084534
-0.007079208566558766076159959,0.03118235907848694934973999,0.5054946680982961293437938
-0.005042567233758984794611546,0.01277854847149510579551457,0.5057380354671987543468958
-0.003928410543260102937013212,0.01318092236506608790069794,0.5064610581046196102761314
-0.001620752925726550363813572,0.01233806861481990049811408,0.5091837422257766698763248
-0.001724936568602261025701106,0.02039084237606064026193664,0.506365309744756242338326
-0.0001308826855623044605001631,0.01880053417089514941618056,0.5061636872197639025472427
0.001556629019208373735858042,0.01005607030789709872842241,0.5113482773767462630232217
-0.003376473405446120314848946,0.006445320310076119336983869,0.5042787038075158267957931
0.0001595208470801742241512028,0.004093961419546636275323959,0.5036121486983742290277632
0.0002193336943851460578945589,0.0002983867960917245369667494,0.5049314549726112710814618
-0.0007679905040738110909639969,0.003529234002223680024407093,0.5055187692120565179365599
-0.0009276333289906141298455933,0.004758849203502143847266392,0.5052638458103181351432909
0.0003978479991115166109622026,0.006242994849914636906751397,0.507481210728825571365519
0.001309845850236275501682348,0.01559402947114146668894374,0.5038625847453224171346164
0.002711406928375569101025144,0.006327527795832730769798324,0.5072527741107795140607095
0.004003101066028455501388805,0.01127799324188272223068452,0.5086817192396961839762071
0.004414502780156050708304516,0.01060943443733215404978232,0.5094274844071975394399487
0.00366634264587504784052574,0.01336019396750164414666706,0.507563260177582797894047
0.004062806134415170369877934,0.01333629075505254196754024,0.5077044819027991540139055
0.004871224109253745326864049,0.01413216209698762299007413,0.5071117563515252779637876
0.002912831084289397784448106,0.02746412638162585434509211,0.5021844600833099692138717
0.003314330482095781578444349,0.0277467031534492022948335,0.5052965978928128931713104
0.002661510132110943456507091,0.02114897391721030570077566,0.508081286600951753662514
0.003275602919063040803504538,0.02270079262636220951421251,0.5090799785752307959896257
0.003211065033050212666476675,0.02434204354271425618794211,0.5092836092900151490070471
0.00479400647756342713351474,0.0221278771407354066247386,0.5080317702814654001741701
0.006150038200179210046147915,0.01895484886426071838294583,0.5091881299956751982804803
0.007164417224010441453962983,0.02017347875829421377513739,0.5100822434649266989836747
0.003998608873019552333027971,0.02561947832610106390305305,0.5119293104124761351059192
0.008212332656828649768421258,0.02141755483994441447426205,0.5099641264370708970687929
0.0061976351234611050042278,0.02567769992140895435328574,0.5110015429929495311967003
0.01106280912772098813656729,0.01972117857377078328773301,0.5084982436443363784661642
0.007419370995096201404361835,0.0193875743923285319414429,0.5091707050875510232046395
0.005746792484619063327844213,0.02171454744874610001681425,0.5101248547454532156208984
0.006597948519900699061724314,0.02518660214010914194515678,0.5040031284937429578718593
0.008213709845984143442798597,0.02652938670220042829961393,0.5023994269922588129517749
0.006450183589908675685364869,0.02182907393265611992183572,0.5000023325138873708795018
0.005348093962777774115768814,0.01215668119228970230072395,0.5060377809692782058448302
0.002063646342182267907211513,0.01103127984393880399449639,0.5031671046187793372439501
0.002473661636768289835003332,0.01916789505568860033091205,0.5039050733477806742754979
0.001625784451117994865859684,0.007635933293129687320088816,0.5085969227022054672815443
1.662383011716620889427001e-05,0.01318836055935364293123513,0.5076071923279942277318355
-0.002210870671515975834087175,0.01774163014398364227042215,0.5078885907953540890247268
-0.002799781195007311398320615,0.01129351683945953657706163,0.5085599285321823481709202
-0.004491235936359003026729919,0.0182461560972902586685862,0.5042424390083580787447204
-0.004869777568982420687393464,0.004491776210117198221694057,0.507435212663895907070355
-0.006136686108223321500787506,0.01671329541697317080939378,0.5037909477639908040202954
-0.007275113312013320281124162,0.01646770188006929994117833,0.5068800990725346178322752
-0.009952919980243347605752824,0.007778398503001156955027895,0.5074720573413221691438935
-0.01217797708283290675224109,0.004638149532342549646868335,0.5068049712480555690774509
-0.0146466689509964966692257,0.005190702018579416814059169,0.507418051604214048744268
-0.01669383442831168587461299,0.0218247637023721054172487,0.5045030751729000506600187
-0.01729002874363307074023766,0.01212182558584628394582339,0.5082894100944326254420957
-0.0191359599778840004657976,0.02745167476403993431222084,0.5068577226634898291734999
-0.01913500498850134387551769,0.01979488064103268260551793,0.5041045139920596884763881
-0.02103048843501416700907392,0.02246767175799179241946213,0.5108882501121916330788508
-0.01995841901054209305277354,0.01465376230808333041233382,0.5110110288912254050686101
-0.02095923487545174601631714,0.01469105137484104546541364,0.5089312406757230400344838
-0.02090613849381970507090855,0.01710453775389338473833512,0.5100368407096615985807375
-0.01973701391036171426396351,0.01836866215648652947423081,0.5118082542089915643046538
-0.02242103936352752430183344,0.02482829318779720614851492,0.5058658971886289545949467
-0.02346200506013884981570961,0.02047940595548190453878412,0.5100553678089049247645903
-0.02330484676002634453206852,0.02257420106774850679376421,0.5083146605538111373334687
-0.02070736398799716618257527,0.02295574090387953944403243,0.5100528123228865728933101
-0.01618576395436680664952078,0.0250164815819248452510859,0.5112699167860870197444001
-0.02159399265925055280690437,0.03303552770070360133924936,0.5061830765837399548345843
-0.02066715498045250745673407,0.03096139914319217048555011,0.5060356361793965085382752
-0.01722105183513644027781808,0.02918054674279197888142612,0.5095706022656822931082843
-0.01984240260164111743779181,0.03735045570768591449706264,0.5066719220716165983375845
-0.01707738315720836244637759,0.03799811596296771148972837,0.5070006735656996665895235
-0.01900174315476763076127042,0.03728578934767726865695536,0.5088756135197715080309422
-0.01731480023217337599339416,0.02344054451576699574233409,0.509973182011937531399326
-0.01513862795240678189856443,0.02365334143304127431650663,0.5085977619954648032418731
-0.01387184322610087415517111,0.02545797849350124597567202,0.508805511416664524304565
-0.01503949131239970711526599,0.02945576414802333897746678,0.5131931948191014170035373
-0.01064664610677731361454423,0.0329824803446900766124017,0.50345452997307515996539
-0.007049454839371577588580386,0.02953447906136054401660118,0.5091098684232582272102263
-0.007751860300317810724413103,0.02870422801652094610402877,0.5097665857311577397581459
-0.008211584816015971011182728,0.03041145328868889372020412,0.5107562537596188612099013
-0.008732982083461921646305726,0.03881482734890490809975816,0.5090232147000923745849832
-0.0096938988084520668481181,0.04122427384990607485137915,0.5073425618354713284574586
-0.009547275301164288852096007,0.04124543881551223645232085,0.5058759977833837684357832
-0.006049174496746686363612966,0.02834115614154089635157163,0.5100815316999022241972739
-0.007986444638520717731466902,0.03934827530134233503078534,0.5105718336961027059572871
-0.009412693826991752610311437,0.04596212467000415635709487,0.5137037330928073686209245
-0.007523560851366542685803029,0.03197594580116773499423033,0.5121920681178844247938287
-0.008095807529116892664600158,0.04726501024857913263454989,0.5123610032199709118927444
-0.007208806235677685594898101,0.03865701206858069421956614,0.5132648047606929164743406
-0.007046854340913048624084336,0.04127258076820810445139998,0.5107320070461413008544582
-0.007061210445334010175899575,0.03538029567472063957600525,0.5125133135449230215030525
-0.01126170579991382647566667,0.03382788888897146628575996,0.507447950538043923707221
-0.007616929456727032643481579,0.03891390541281872228474015,0.5065863865919754127631336
-0.01045033151726552055060804,0.03228885383884660953413004,0.5112077213039033507513409
-0.007884579433567094619572657,0.03680228177399197386776564,0.5121512009483840666135279
-0.01129272997614728761550662,0.04274034961365866247540168,0.5100538469197117841247291
-0.01220308180504905103125335,0.03516862879401453506611475,0.5122085941634584305148792
-0.01392748819324064919744632,0.04053762856228255995194587,0.5073876141349672463931597
-0.01652069858470334509648048,0.03743235271735979863283461,0.5121936585367007355173996
-0.01669712450119131136316852,0.03462855222652373721192731,0.5126571378949541513136978
-0.01653505238209167574336966,0.03426978669637879143516912,0.5146332765356842475767962
-0.01582880137881624918461121,0.03329631613348742885660769,0.511906648803779118495072
-0.0170277497034463966285589,0.04072683907533648783871882,0.5082440616732645244368882
-0.01874597777848753879514909,0.0415805300652048737131139,0.5086323800173806475299898
-0.01781769687220175965580715,0.03915439174198281219174689,0.5089285039386813869199955
-0.01765908303257916756034973,0.02906574023439941964475075,0.509927331336152422913699
-0.01688217351174508065736468,0.02430001450367326801260681,0.5129144154777643960230193
-0.01539122057443346493210701,0.02567996372506909860677915,0.5145651106003130692556624
-0.01235907182469860553231111,0.02235327283790535315977088,0.5140724327974728335988175
-0.01159231706796350590271683,0.02678966411919162307619935,0.5139830771848555857062024
-0.01246366465269304300844677,0.02327570402082768108442679,0.5085540987604739715521873
-0.01217708872225806322753261,0.01800533458284129736948209,0.5096106453915001388565997
-0.0111892909503549676381029,0.0280846107166629749274378,0.5127813283710874747711728
-0.008849876973139096658638181,0.01756902219305878087851625,0.5136345847926601093647037
-0.008621013456436709895824855,0.02413620004620438408426963,0.5135908372944931743475649
-0.008657056421639365562104018,0.02936964927893276344761375,0.5086861713807534490783269
-0.009225193250936715438914604,0.01781879888115902102474486,0.5094438004160563027156172
-0.007094346032391101591896287,0.02880576240711948260431186,0.5086892420828391658815804
-0.007509556663388906871947626,0.03222685441196029842991777,0.5057958764254137928872979
-0.007571659927209874532683109,0.01758805993313838217373402,0.5071712722202623702116853
-0.007028928757502476802609959,0.03188425821299577245238055,0.5108558048347145996714858
-0.004324550383667281026889295,0.02909837686728656766521617,0.5076819111837738152104293
-0.006499049375474592188384193,0.02292538132958225893798243,0.5139102956112910902675139
-0.00603932787492644784776985,0.02877377466557650906309185,0.5123557532437559292048945
-0.00589914008901549005714493,0.0237785735299128088426901,0.5144637111743565194288408
-0.006343113201716737981072924,0.03134882300746784367095898,0.5120319230509270402862398
-0.006366347756256179706013665,0.03078349425755371945867545,0.5087470088719225902451626
-0.01011270623856235645332546,0.03503105055851169630232178,0.5103021075433055164793927
-0.006833663147835858375778173,0.03216698490113462094441843,0.5072452127530269194721768
-0.009018185535678117925595387,0.01819011368068055439772834,0.5092615104238005230286035
-0.009479804060326413664427925,0.03142589132108351834826721,0.5091512386029320991198688
-0.009344215512166543016747688,0.03029323893985182841737114,0.5071194088484283213347226
-0.01183692226499212345192102,0.0180049470516991730328904,0.510444061026026796312749
-0.009491411265452283363419639,0.02295222151927468756671402,0.514144679693786632590502
-0.01006899717869017517324348,0.01912569191645815264157804,0.5136470987258523468454996
-0.009294576998062685155299611,0.02915643988906730862953331,0.5087495403672885885271171
-0.01320862255306146093580821,0.02344811277257160056497476,0.5110770699674329620165736
-0.009919398640871917444128414,0.02230839185138087932269713,0.5133473991925868729069293
-0.01195747816230688376215596,0.03889316424589391030242069,0.5076405795510909868539784
-0.01100684355883867204806137,0.03611610551262042084763593,0.5096252936269033417815422
-0.01236638010421773486990915,0.02798854305365815545170172,0.5124645659847997247737794
-0.01237940875694762063452536,0.03894104584668513224787745,0.514288809040547967299517
-0.01290532810134494869080957,0.04115495592875893782203178,0.511271148249958118370273
-0.009937339604574308912776637,0.02874483116061498852444878,0.5139440154409460337348037
-0.0123675776976903371850991,0.03819090076552689866362655,0.5126271990321613625241071
-0.01608546837473490490055816,0.03139742762229769806880952,0.5134095797140744155129255
-0.01173925178206471249542364,0.03161381853608170172664771,0.5150523603223324808908501
-0.01036730869216395331533498,0.02675348600975409329993937,0.5147564199557466135814821
-0.01136005030331571109825095,0.02448811731141704167713513,0.5138380531346566915118501
-0.01331836543263044056462086,0.02415790202260405250545006,0.5157111896418344887393914
-0.01238755815262514853314357,0.02910568011666823939886939,0.5094775577199450733445474
-0.01447735300492741794542439,0.02276177479965735619971134,0.5145025462054100273689983
-0.01500652460503290597237935,0.0234173564135106600236913,0.5147347676423913442889102
-0.01170673311842516071956677,0.02373400123584468515702817,0.5178085941832797356454421
-0.01431771742310459193114891,0.02710912831381026219523811,0.5183186877466690045679343
-0.01334413869153124217181716,0.02810679862393043043633512,0.5184317497503495575372767
-0.01134962230684563068427995,0.02795026038849114310980148,0.5189900523223004435990902
-0.01238592840876151165985242,0.03138431023286449017550837,0.5165069826702931576889455
-0.01061199601367412460872774,0.02760373508985423593453667,0.5148411585521498468054347
-0.01118706390924402958864103,0.02875039071108764776596445,0.5151283768778245342190303
-0.009850087687178394474374343,0.03024612955337419376022901,0.5156780126655540197333494
-0.01224303329892722017047113,0.04176995955294740547891763,0.5148377616886463670198282
-0.01068410344533347704210069,0.03189292252980257397210195,0.5138669393967074672247008
-0.01153959848272862603879574,0.03674604833054161134864302,0.5155994667548604581952532
-0.01198243089236568532929272,0.04747918652388641302941608,0.5134994713572349489538738
-0.01073675962328178232207954,0.04790940897629378247835064,0.5119318659032838780831298
-0.008215979087684720585937903,0.03708678358228459370771191,0.516832102635937706835989
-0.005322039774722363281167503,0.04078546229204872003437643,0.5096290579032738410347747
-0.004845134682156381801532152,0.04172527603461654438499195,0.5114762867658985134866612
-0.004892996278982833513460093,0.03773272425064871926636556,0.5131542788004845867533277
-0.00172659834638787279027794,0.03407471039746126639791157,0.5150691864246714768427182
-0.004317599560051991851306052,0.04559988732481865675305599,0.50946931094979053256111
-0.003209721971174537506060753,0.03290272883765933686905925,0.5136673416518284795984073
-0.004491294809591365143341957,0.03590737312316803070411098,0.5121151279738344053171772
-0.0003173741806625248037740383,0.03379318655573707030903563,0.512739683522842160101618
-0.001239137233883262113887103,0.03508453786743770397293929,0.5152326099774309220435953
-0.001406404042299281686306811,0.02896857690305521329521277,0.5144002545871469989080538
-0.003630162564990474689807787,0.03406094170406816223906077,0.5108425004976309136139889
-0.004906961543357595510739255,0.03526768939844582978482279,0.5116473417912256183015529
-0.005807294963002449655897763,0.0332102775495146315676287,0.5088702258885327012194466
-0.0043278746951378455065651,0.02919673149344170423602485,0.5115958176779199506611917
-0.003385168414976293810303432,0.03737135529625929680763718,0.5133631354406292812697643
-0.001904890949106992012462847,0.03548708371100362662931005,0.5137176234818227049672146
0.0004796620725878390626741032,0.03346457211929298319885717,0.5121488463995742534962119
0.0004190258808177818377824209,0.03016061206572195896313815,0.5128649012316837119129787
-0.00483553805540229766912752,0.04250720165417312679245754,0.50879973307793724401904
-0.004309396524412789294955495,0.03978631671136673153554852,0.5081488925519328514468498
-0.007869477106563761009683233,0.02197669638679324716212804,0.5066027763792252391894522
-0.001586474361684376286132925,0.0249799577338893109834661,0.5102593294142367952304085
-0.006475268215338458172025682,0.02848367151992878265609477,0.5062741256893382724157959
-0.004062007608640499402297142,0.0235722469064090500712183,0.5110747579496659476205878
-0.006555539512736639588819099,0.02523924181317607068342213,0.5111118714426307052534071
-0.008981589908156641793857133,0.03265560927574255589700414,0.5121043539181688863948239
-0.006417909270835141927191714,0.0281239681132933114215966,0.5122104041567746568475172
-0.006707299387709867583007295,0.04410855002013705505881092,0.5108072547679740615933497
-0.006455800696153489275086468,0.02818787318215397116882848,0.5109231193485004318688425
-0.008231752748793293161799767,0.03335714721746759620080169,0.5134396078000021956810883
-0.006180657293908091431955398,0.03720799557047373834484105,0.5066686596127234487596525
-0.003966704788986087984459239,0.03132972960822952290804722,0.5085383587508448544056705
-0.01001841423092204690081797,0.04217407776445478151394752,0.5058939324033373541311676
-0.008273954559541430581193211,0.03982627857097179036038881,0.506415250428728036524717
-0.009089810815303332042214279,0.04198016566489927436922613,0.5064923869515582932621101
-0.004728138777900745340354582,0.03255954383183174566385176,0.5081627704036000281462293
-0.009172263589508617212531227,0.02750922498540338614891887,0.5070211342525583475548956
-0.006798189768642186846248077,0.02896778482657051331794484,0.5065877355713623853006311
-0.008961082538704170236121271,0.04100596073584492767816201,0.5052077217937973596662005
-0.006431066228131740100670832,0.0317829630145810004826501,0.5085589433220247812528214
-0.005486672561439754659817769,0.03675376279793166056641951,0.5048298706283201875422151
-0.004782060200847818715041981,0.03316327978351600591633286,0.5087292961260897472541842
-0.003144846189032514654354555,0.04179541586327222696395367,0.5078179366795915194998656
-0.002730200297013463638096109,0.04177863327429699041859479,0.5056911167931122941254785
-0.0006113693976020729637169127,0.03081353504198839840522162,0.5057506565402493103889014
0.001789572799950030169632842,0.03183291246068105373456802,0.50511298931622650165707
0.002075830857815219761264292,0.03072870871839194703567522,0.5047434479160282094767354
0.003556850734146562408033443,0.03217300845019359367693568,0.5062570617730263178302152
0.0009200581447252710121445518,0.03253887047228398721188114,0.503180647587293861100477
0.001874426613629485982581713,0.04622060033916872145987043,0.5031554329990615137546683
0.00326415021142846279583738,0.03075631211719774896207191,0.5065656855901263799779599
-0.0006313499640012387682450057,0.03393584009950399715815905,0.504668536878517426380597
0.0001698550030768430127003227,0.04416124902598161927613774,0.5051618583430014242097172
0.0006006371524310158372880752,0.02639801017706608354806974,0.5056161295784646902973236
0.002635451385711507464593151,0.02339578629663573508534746,0.506626995866355400721659
0.002860279348166629501126756,0.02079932644977226449678476,0.5039242128802511322405167
0.001396582424433303768959713,0.01775812834930032280134071,0.5038761170480589024478491
-0.002439587167282622221647914,0.01553874342640774834645168,0.5022426303913941625367556
-0.002913813749933179264584027,0.01412614357285191940549751,0.502348589303070247602534
-0.004583210919597516946888405,0.01272448991796630395068046,0.5027292658207980213802557
-0.008320852182114061787454595,0.01155450129050034080435694,0.4997808201627713109438389
-0.00854643093503283657330627,0.01031374878966775238131603,0.5028704522412575927958756
-0.01001001733036844219826289,0.01088273265931160443953374,0.5006416803780656676892136
-0.01508884486336400411465863,0.010379446628796215254531,0.4960806996786366052099027
-0.01441490852947740694545153,0.01705014264433938470100216,0.4966543463933540403232314
-0.01489816327536313232682286,0.02356035841652867612872058,0.4980551992117380755153988
-0.01516287588766906078985297,0.003930648903243523506478851,0.4990936794474261084531008
-0.01528657693582513750485408,0.02164528440281284632495939,0.4977382972259089544131427
-0.01464026358429299824737146,0.02238075823623650664750961,0.4994303421981221569048159
-0.01177043186244852192301469,0.01529412354782166451327985,0.4981194068441072708708361
-0.01295909337942533282039825,0.02497077025503343511436682,0.4956740752575870545548753
-0.01426886415902503014996316,0.01287573869622661917877515,0.4986295913989805539401345
-0.01195782583005735796866098,0.0188713519801023445199295,0.4934135592416058480047525
-0.01550781437235566710686197,0.01175974982668367974092405,0.5004952452810059737586812
-0.01640859844540944190161014,0.01930182112786727605113768,0.5009649381128943312901924
-0.01244086138723639149705757,0.01908743557827405692983724,0.5003714505133975976036709
-0.01388899799257453486489577,0.02092063861615896247503343,0.4979895045893132365932843
-0.01422873827551945566383118,0.02375246344384468813459854,0.4980004362143549134778198
-0.01204874072883584112947375,0.02464976143908794922743333,0.4981067000480006723428517
-0.01507889462743411054801435,0.03479079856195565340071241,0.4918741136399327751327348
-0.01160538205563807143128052,0.03436094462098002177974365,0.491880040219106862142695
-0.01470971779805587548173307,0.03477380762714885747977078,0.4983692567066386192031757
-0.01179894948984949731851657,0.04075290222528763633969007,0.4932864018208668044351839
-0.01093793149836271016983602,0.04243142265023559789316465,0.4913479320051331589169763
-0.009791636103681226194206388,0.0327545855003327709975558,0.497090977924801336040872
-0.009473439616127227527742072,0.03942581591456605083489961,0.4921405629957150695830137
-0.01044313069661749818206609,0.03916685225563609068499815,0.4896601891338408507614588
-0.01165609980952505946028008,0.03138005293108839244275998,0.4919692490481664126633632
-0.006717452168341467994006067,0.02895866931530031301855743,0.4925687333051437244435533
-0.006205853926904991019197766,0.03202488738138605656180502,0.4960467772248608464558117
-0.005657637300954555630017051,0.02940038587528860658526497,0.4989686159448679658723336
-0.004143734540646972115685021,0.03367023902424051695625451,0.4967611202811026416270579
-0.001303235271240848602153362,0.02701204740145585897481695,0.4970242949237833052222868
-0.005233101798638934050444949,0.04135709091848849966455148,0.494317486582074860912428
-0.00118620934458373082469318,0.02866360729576513527439019,0.4942520006667324161675481
-0.001835889949185497832528924,0.03303799208210014826114787,0.4928381614844211111581274
3.771272032556099979396305e-05,0.03080164097311240828380718,0.4929384173335052965470027
0.0006122791908224774724833761,0.03082793060851940145083994,0.4941764076226920487933114
-0.001242770697598434342587281,0.03136025776513639423681568,0.494184193417032291417712
-0.003043118336661459165382038,0.03019638847065774997502352,0.4932241494486359068005754
-0.005918940432544653011681657,0.0452926967018679460519337,0.4952047083250122327946485
-0.005442851230441500369472418,0.0329295305422545731000028,0.4932090664310648797652448
-0.002879107986534893814239977,0.03432012915715985240661112,0.4965050028238675583480699
-0.003695679106342162397597084,0.03994120638558511238169757,0.4926690688649768556928166
-0.002763350137863134891452743,0.03664630711262917284187779,0.4875808618015881612528517
-0.004026265027283857690643121,0.03838352964086593627213162,0.4909040855869812314260514
-0.004342797744345614462113669,0.03833907380728463626384794,0.4913316434238971242010052
-0.005804809226729778365294621,0.03698073944708022559035854,0.4931047407526696346735662
-0.002507161694472370173925047,0.03076069309522351871710732,0.4958377771454354765445771
-0.006765197325408834130855418,0.03206459307006236797432663,0.494876464179434927270762
-0.008840894456649506585876885,0.0190706629216043643815226,0.4980839546682567786639595
-0.011570621188322855257824,0.01823803172536870784159468,0.4937839097390335219017743
-0.01175301753996050788120264,0.01631320778432103837940481,0.4916885317369893426686644
-0.01107106672362623625560651,0.01185482449243781787051599,0.4933824532474315183172564
-0.01057495719321787687461356,0.02132916848116628294462771,0.4923600518823967875370329
-0.01759766067716039827928398,0.01941804205087940479734776,0.498651214608103354741786
-0.01314779979028315483324807,0.01803113621167931959754505,0.4908340165777664299007199
-0.01524699709240423702028,0.01555525691707030852550808,0.4933879577116815906556724
-0.01649368548537558099020828,0.01412801681419883353951761,0.4946698628081675486178881
-0.0193764001201738866875246,0.0116437045729629335549804,0.4949360764646220101070639
-0.02154554351620800375921583,0.01164066756762523191515157,0.4943088081995168359128456
-0.02081227844102904664391751,0.01338927356019320967506214,0.4958499533785712398703538
-0.0213192308814193660915226,0.0113256251667492469775711,0.4947417010865014508347315
-0.02150735026227409973920146,0.006816572389474328565184269,0.49522846563313538403861
-0.02097468238162259607237914,0.01159983566394437448643373,0.4949867194103074186095625
-0.02155499075081329998782032,0.005994857894191495291391636,0.4931920402324282415307266
-0.02363752875113692836217538,0.01524739301126836095445771,0.4988331123353648144380657
-0.02367817390983774708534959,0.01255592267155486267682374,0.4963638458678718001770847
-0.02373545014037191716593789,0.01393030947079004593092133,0.4964388390656764848962723
-0.02291301408662928945636494,0.01255754008556076058156226,0.4949917524507427279978344
-0.0210524608581555902619975,0.01078772365245418175805359,0.4958023063982545663996859
-0.02020713811492448261364352,0.01181037384977480855785537,0.4963837228540166068846418
-0.01698964890195580126897035,0.009986665371009556882442304,0.4948831283974985395524016
-0.01727884723415500090037966,0.009373511569041280411251904,0.4930089612508999907802831
-0.01673379536843748807695142,0.01009666463870461002028112,0.4935009904092342303272289
-0.01723888030672062615655804,0.009960075812692847571638843,0.4938128780387547323016406
-0.01475895659760051957520854,0.01635432376761660963615519,0.494009716512161412005355
-0.01271509989931118335404481,0.01662869222845125144472078,0.4972020722136123449530487
-0.01471925284799628814991213,0.0266280544409324138044326,0.493633201617684480577708
-0.01284585516677835478893677,0.01450101122872432014843103,0.497072857743413032416413
-0.01509421430552700289784429,0.02602902234418876317723068,0.4888144255130998372393947
-0.01688446139313096172607231,0.01835979555810928615100508,0.4931283277026028422085346
-0.01439373547724820921744904,0.01802058600927834361438151,0.4945311418832765149034003
-0.01450309603712658310104011,0.0169830549810399897281421,0.4935686832273828983375097
-0.01602142603976144941135829,0.01888869316605687118104662,0.4940077805028756374738919
-0.01647349230184454518810533,0.01918936698701674548050988,0.4945245807175767116525833
-0.01402873947811746763170149,0.02198155760886825668687372,0.4889838254458688804326982
-0.01643638220443105479873225,0.02200199977482246438409419,0.4923472648453249833622181
-0.01778886835659469756176776,0.0186023078190365488693292,0.4923155815406844992843105
-0.01571362000301461739337761,0.01831855226142723586102434,0.4948432970859119039985785
-0.01832419325505700233303052,0.03368068905342889995946365,0.4924159068100609215612451
-0.01690258460263968295911319,0.02737165683810109662044141,0.4952637077962353528981509
-0.01716364034944351316114286,0.03225056614745455685344666,0.4889713006716485121927462
-0.01901934794646980425580907,0.02368642717031462299748235,0.4923038915534262427442513
-0.02043169100033777330072127,0.03979453922528616155451786,0.4940653579940583184360037
-0.01941841328080937470468292,0.0255158929575216575358354,0.493384876746875755681998
-0.0192722127395973004404528,0.02650668002899405836791935,0.494823615102976677171398
-0.02123285342727433341880605,0.03733761494847601808411142,0.4951966478269816951396365
-0.0209708891460803556472392,0.02139779484952030949584945,0.4936391742996807940890847
-0.02163218328119345321147726,0.03565633163078578415916553,0.4929823783580219442868042
-0.02040451072995714057456418,0.03600487564760397607432907,0.4918114480970478541443924
-0.02120199748081427401635857,0.03056933965320913007546189,0.4905397002580947907190989
-0.01954777150451205564030133,0.0290311213375236999711948,0.4982630892912514597448137
-0.0222553182194461275644759,0.03575908950521364954022729,0.4917213304886646763058877
-0.02272610736162440636665139,0.03426720363800425661615634,0.4916194067336573381155063
-0.02187889554462493432729353,0.02813003746973481711268761,0.4974807387123802993045274
-0.02047519928557817170400313,0.02117306954920019496091399,0.4981048549475765585548004
-0.02456925666214293188516216,0.02734689665285807563810394,0.4994809086255578289836876
-0.02276735809186625908440149,0.03538904068759502613561452,0.4972351433117038754794237
-0.02038802437405582909657475,0.02787418319215085454887415,0.500183387255419997785566
-0.02158280114428141882587653,0.03444795710540406175059758,0.4959348835325728677148049
-0.02243924185206201335485154,0.0277450001129781395614593,0.4992887969725020580469277
-0.02183188314406412505741528,0.03253020453799019412466365,0.496665690631831024948184
-0.02068519483760604404931627,0.03206016063274099575641785,0.4925938208284116881507941
-0.02011039213349592735813332,0.01635918802938398156077149,0.4942488761576404043829314
-0.02042738530555355397355655,0.01946647938016658405113724,0.4938848023052099245333579
-0.02359768020469118002258035,0.01981001579568473364156844,0.491185128343773091952329
-0.02662943401121051559266029,0.01952328217481171315772492,0.4897575307694176371953176
-0.02280849694560907817142414,0.02161312687345353852896856,0.4923294063417744115263019
-0.0251210613931230272721784,0.01415207333873112240107961,0.4952731042556307028412732
-0.02616881307500784278885497,0.01794763151923169791635004,0.4939019563651593780484461
-0.0273934582640177025358863,0.01975132020873213850586936,0.491936861548619375206215
-0.0237557521448713768186245,0.01834335738892730119364849,0.4978680180767491858517815
-0.02372268887121778413451523,0.02076925000128427775680784,0.4978325526436596648593991
-0.02315987414172384489807754,0.01918037400495303107517131,0.4972647699949432897881252
-0.02270520400926030399335609,0.01767695166443565557568007,0.4963923743051754100541473
-0.02276688663391831374260832,0.02762354455249223586510432,0.4982394389419770863725034
-0.02339253111919278871333461,0.02389567767154125721429381,0.4983290291049095599440477
-0.02405903924661980872179434,0.02314358652757077597361679,0.4981879257729969756596233
-0.02185036425600670947910764,0.02453790611537831969912737,0.4993630954004709132654227
-0.02562619133113586480932078,0.02270629503861977538381467,0.4995593066650616531632068
-0.02170112879594829000118317,0.0257138950182683040379672,0.49372083196788024705981
-0.02028135984570448788200103,0.01898123986983237670989055,0.4984375066760006744992495
-0.02257562032166607335348374,0.0213418250197533500289726,0.4983289426241713782061993
-0.01813299073436797081981808,0.02160990763547280743561707,0.5010894800398130177754297
-0.02161311376501254613580194,0.01733112562381367710573343,0.4976210039988630540186421
-0.02268890199256101344871261,0.02058248308777054988438771,0.4981796519638052589407096
-0.01865982039493195576707052,0.0197443252136175438626875,0.5011752228502082129324435
-0.01962499925923733359867107,0.01892803496906611190886416,0.5006998138836725731337651
-0.01816326656159934771483933,0.01875560592522362152179127,0.4997858786761328886427691
-0.01836598468281662455137138,0.01541612803466007111663494,0.499512872318348566391677
-0.01908458811925271489395861,0.01579151473142828554507844,0.4961462510767064570949003
-0.01267658237195148571152536,0.01760593189931287244620606,0.5018228442164640590306135
-0.01381406569069403532379336,0.01905987355631192856075806,0.4964067694741446934436624
-0.01690174730800949112752285,0.02108637452757777114298321,0.4952768457471573015915567
-0.0155107768497203448582189,0.02006856688548101785851685,0.4966708422282820611926013
-0.01511320049259742316627442,0.01539337253090181274750581,0.4961211124646854875308577
-0.01281011616452781311237263,0.01255061673470611594005675,0.4963479988600360548467449
-0.01391531913003732356948206,0.02734522173088012320096851,0.493888323010009566704781
-0.01047305028381767706691097,0.0139056915392203137710192,0.4966875130768231838551685
-0.01152542642129972781661618,0.01383884367431587048002939,0.4957490825600985862031678
-0.01242015193016562414618509,0.01399958287436968776273893,0.4958505991651521171981187
-0.01472471291653176805880321,0.01410691859454465263423728,0.4946714068687218524011939
-0.01295839575163544241109825,0.02481597177918606206281638,0.4937105676530639253307697
-0.01469036327136500307000144,0.0150395813481817713919142,0.49629066059619930673108
-0.01541785722993644497380572,0.01213842324284067873685355,0.4983395920347821195228732
-0.01604169894743793373104168,0.01716321671928734693413077,0.4970954554593787766414437
-0.01747030844130200225028382,0.01081256917775124878899895,0.4994514366174208075399577
-0.01706146568686928502445177,0.01195398958589799151552846,0.4984436888514693353435803
-0.01705110526534353576622038,0.0168704973602813793065458,0.495656034401478040596345
-0.01720991890892241069077606,0.01265729929773997536335273,0.4971543920500975932696974
-0.01733765194114114671641858,0.01143982074992390754464289,0.4970458851114860077125002
-0.01801651853715736592564944,0.01530672373302652440607563,0.4973651281502079468666011
-0.01913148737061117973801139,0.01223775309924635470992804,0.4993091403241739500984409
-0.01953776871709781218222624,0.01507160378254584522095261,0.5010097903495380755600763
-0.01793678009853393387484921,0.0172576857742979226928437,0.4966137420890602283130022
-0.01541726532403970076345878,0.01704742932718705111794222,0.4983141050500520252697356
-0.01572019096568009685621625,0.01812118173180211552764085,0.4981696902829791384625935
-0.01617713650756349638704101,0.02649993668372303476377105,0.4971355815325231297663322
-0.01370242061631569800705943,0.0193121390333313540377258,0.4975346514413022669387487
-0.01420008051267597666555975,0.02022601443723840569655081,0.4958627369048096422687877
-0.01177424037278410919038496,0.01799883024749655488494504,0.4955798437593423866331932
-0.01258039148272612102463786,0.02076884753844274525413915,0.4966040794592585516653571
-0.01106547849798605702431598,0.02282631604022561030986616,0.4971376745964458665483221
-0.009751273612131761484023151,0.02069909320686975570668942,0.498867542718498202525268
-0.01082835148785688851591491,0.02451620968764538222028904,0.4983889131836271024766916
-0.01027256211960652504400215,0.0235758591790042118518933,0.4988797072909552654529364
-0.008925112787727481136745844,0.02374865627381579288868174,0.4956405016353083170521643
-0.009505966534936485107243342,0.02778453730507820032546995,0.4999966864007371336597885
-0.008245981164040142030735581,0.02431199426248846495735023,0.4971433017416457267323437
-0.004979937517216218891002999,0.02465662330238559477035842,0.4982967687995777938958497
-0.006665943772323112276323442,0.02749560994656870260843817,0.4985568624769122769713192
-0.006942244659841791641630149,0.02820437092989158678335571,0.4973165528036980198578476
-0.007970318216707957675870588,0.03887147634024370329575149,0.4966463331614651144363393
-0.006139748189857554584725197,0.03804026529924220412226532,0.4957060387051035466043913
-0.009029623200913342029316766,0.0427705420610692138572162,0.4969498145239482633783723
-0.01045618168159720071108687,0.04227614105258494653361012,0.4955798945903551189218206
-0.00867317023576939620521653,0.04681198039988421905066573,0.494833427729719943499731
-0.009494718134024453942698685,0.033157306031738560669897,0.4973010802339791758264198
-0.01236540326088582907038127,0.04682380207035194419340485,0.4944970591564596396061404
-0.01398408284552159902558444,0.05047217508958842802080369,0.4962516791969850404875331
-0.01552242008102452074103095,0.04145911548345074248977937,0.5005721311164862408205067
-0.01513097626335748423220817,0.03861795190081841744333957,0.5013853073061099729912371
-0.01578159977821988468882353,0.02955217202541315923980392,0.4994244703941722041129481
-0.0186470679219983351271317,0.03644667669057332498594448,0.5027404843317933025304001
-0.01911202993507810435347416,0.0325474401037563754179871,0.5013493614567043898944121
-0.022347143202324448729712,0.03073559510870491409684213,0.4975967603518501869430679
-0.02325841862471766940956286,0.02494077337985218731364334,0.4952358110045582129110642
-0.02531495397961270113484922,0.02285838595984580889908244,0.4976091238749293377274796
-0.0274700601061074051179034,0.02528893825051724622565708,0.4997367325990912378941289
-0.02566825121594008135561538,0.026092408264495329378585,0.5014285668689256736385573
-0.02563756982674149365042382,0.01995422586245711865649,0.501015342286924680870186
-0.0283182583942863212722596,0.01789464021588594785927562,0.5012357415696879758826299
-0.02788973877910034745997159,0.0159117735042845383219845,0.505516901468642698702638
-0.02878901375442678364779958,0.01151112045893533733509351,0.5028430779580146392504503
-0.03012950228883131548185403,0.009209079108015697304190361,0.500338563050921281138983
-0.03239123606479363259857962,0.01310724675733549587919313,0.498387969088425086816585
-0.02936235138702486535677849,0.006110420943116634355518624,0.5013933186926167184793712
-0.03289411443628709880160343,0.003140600503145411521305208,0.499248692519685677293495
-0.0319988051667329589933253,0.004752140051723038362274654,0.4992893507570727029687419
-0.03114592966588329570054583,0.002859752507076070496272457,0.502254547825022990004129
-0.03087618641996189502996195,0.003839250374846788806115772,0.5048973809776755583555996
-0.03028003743817332324428371,0.004717023281741355815455119,0.5022913353980588135883067
-0.02973242647747445510653108,0.004047426764808071709966786,0.5054654920842259757662873
-0.03221214802956724743143724,0.005347751353873325154408835,0.5003447095213928719203977
-0.03168936396138385264142912,0.001504191051159028394076933,0.5004021632259196827874348
-0.03063265611669168525521556,0.004951614848649119743351221,0.5000068001700107567231157
-0.03027775499973538522735517,0.007503520586224920671525318,0.5011937825050519768055324
-0.02949745631456984068519134,0.006195427335899021149823174,0.5036325686982064953056693
-0.02964918075419354856481213,0.006791862937825964528781864,0.5017353593195750249833509
-0.02757380895384975785789017,0.01486959513241273463102221,0.5025928798419200260738648
-0.02761506177435293571398311,0.01125264289025650933651068,0.5061160809489279044370846
-0.02607276597869537596019462,0.01081690621607953733951391,0.504617497823470873008489
-0.02477338766926327415229814,0.01526061075231640792870813,0.5034910791398671259244679
-0.0219866060839250081204721,0.00971206144506812744932045,0.5033204861149429554245671
-0.02177734606861955052314883,0.0145699604507263311137244,0.500686022454775558898632
-0.02131536236630001204805929,0.01674876512510436663005997,0.5030534806771369549238671
-0.02009766493928180977612818,0.01296720489100239813440307,0.5038019146142471704763466
-0.0238924431645163790061126,0.01725510307053123790210769,0.5010012712196452167034977
-0.02040551835003676095503522,0.02516954670309639457981277,0.4976881601898828777486017
-0.01702882595942342008887849,0.02628160685511336108755032,0.505506070450111311131991
-0.01625188398672483894302765,0.02110366571606718186226992,0.5034347688549402066726657
-0.01453357190155264537512192,0.03053558920996803094372041,0.5027032504057294959309843
-0.0153912927144813724972261,0.02640429701926002084566569,0.5042682729845399114410043
-0.01541640424963528800683665,0.03926096871780257457906771,0.4991770240284915116646403
-0.01319224508864930839324714,0.04361273066050844887664439,0.4983649773903602309133021
-0.01209278868958057855109711,0.040707482403332904963289,0.500291573937246325520789
-0.01033202831925523514089438,0.04196368054428091520779986,0.4998837176245306546107372
-0.01237358054756122760498016,0.03212149816726240364461731,0.5034672639024722062828232
-0.01283373804670808436545482,0.04142017646673020608849569,0.4965640074497684741672288
-0.01411408246673795732761825,0.03709249664379219574295021,0.502136995852868972534111
-0.01150460615481440837526428,0.03870212975805426697251121,0.5043423172886640770684608
-0.01210893386911435221087174,0.03556525987504317171117307,0.5015126313016963210955623
-0.01158810805494243229007978,0.03712071908444684181782591,0.5011864500653888665482327
-0.01279469552944961438512017,0.0365216124406173986427504,0.5015352444734504366863348
-0.01198330341100670333454037,0.03930361676268064041739336,0.5039342249734919398918009
-0.01315428771281947593896344,0.04279703478433129898439446,0.5050467631332696827328732
-0.01392140628085904163757647,0.0389896597401400285543005,0.5056391743672792316033338
-0.01512689123011655423223232,0.0428710617150254783003227,0.5059645366197230709204291
-0.01537288681643936109899595,0.03843213944238556278865104,0.5045354771770425017507478
-0.01464288863952319455496998,0.03462705521225937360663139,0.5052374307456534152649397
-0.01956759423492600985516887,0.04230391107285536023141503,0.5051117166107882416881125
-0.01722823675098578144471162,0.02835728826567513599643533,0.5006535472106125039815083
-0.01939127650548014628051341,0.03652970940268213118073959,0.5030183417341507201570039
-0.01792508647250569062125969,0.02688079158305751309443465,0.5053902343899749904920782
-0.02062777936230424449814969,0.03402320043983597663839191,0.5028560699876111206307883
-0.02387133590297041765837527,0.0289532617469748683458608,0.5031520394847752708500366
-0.02235676775117959730332373,0.02193165013726400963678387,0.5058924100529830214512117
-0.02275226840008995332631514,0.01795618731748138338644161,0.5029440549316592790063396
-0.02427551322232895936181762,0.02480381350008450946909022,0.5054406318424453647963901
-0.02438569034287545872485836,0.02378844055722603018088179,0.5064660786180879004092503
-0.0267183356370432681381466,0.01608454108201281401724358,0.5023913648771186624131246
-0.03000416693309677224066334,0.02186072621334820068050853,0.5042627193986346512133423
-0.02589985047808342211173027,0.02219274328142699370669533,0.4969487745481113161183373
-0.02819187463978428329069992,0.02421117987873428606393489,0.5003573157460023956843997
-0.02786884274951119053187476,0.02285765345179160620836534,0.4987251174991049751383798
-0.03019716240137195958914695,0.0197161927878810490366579,0.5061069403381015519016728
-0.0335068965550348804582903,0.01803454740280236237581768,0.4997510372994873883989442
-0.03031148297463604618373623,0.01309807629958979410811359,0.5006233058888158726773554
-0.02892093569768192443114607,0.01135649157816763857309361,0.4999136157694527016204233
-0.02894401641184847495669175,0.01105348525601821882413667,0.4973790165010880670592996
-0.02754312574234899987923875,0.009270954546843441709813582,0.4985433415554535452329787
-0.02759761187693421727318288,0.009538322996113714202781608,0.4987013081803681191495059
-0.02706117719172692129281366,0.008220997024681325412998056,0.4985669355990870466044385
-0.0235436595779983728893292,0.01241437244542818209291912,0.4959433488917739385470895
-0.02181282133202079240308358,0.01164511288414126627399625,0.4984971770938372293002772
-0.02239166598602634894454866,0.006937185015746975130790375,0.497735336377167325583315
-0.02028262818355471355791231,0.009556874571060818349121924,0.4972361439892917234217862
-0.01939892983410567914304146,0.006833186250122399128803519,0.4971270568484824625699048
-0.01406489679913375430431177,0.008838034684947485702943837,0.4985054924966154654697448
-0.01660653891549566246732539,0.01408330004857910947024813,0.4885829918444554720302619
-0.0156608545496709113120648,0.006383110071783053458827073,0.4952185623306065709314794
-0.0149600795562075949973746,0.007916751651121977165215249,0.4942052152947908338909144
-0.01593768143500002426593554,0.02109686268757447746846623,0.4934579104003353200447179
-0.01658602835252797821907755,0.02269380540176620456027656,0.4915435915145480727517224
-0.01711928489945577919195685,0.008947225225763529021794085,0.4922627198159011396860762
-0.01650262411239713025712383,0.02228704829797220274278935,0.4907087106838164403121993
-0.01894716079247772341775935,0.0180812435209855397466594,0.4939764995539283609637948
-0.01695631150510706550149642,0.02022585293831564295929937,0.4896438656353410134869364
-0.01776087300345816077928873,0.01939434931232066408601789,0.4910581266469032923893678
-0.01685236676559925469987,0.01343076591162826495529092,0.4915251644371773642738788
-0.01743631648349715582146935,0.01732537772565348466180524,0.4912203459846966602242446
-0.01761635719541870467863554,0.01951632143097299654233012,0.4923132784567559872002107
-0.01598044142822510962909099,0.02264318607647551259698382,0.4932898006162351745018668
-0.0165856867239692166993148,0.02484231683570081380962868,0.4896306032629008098133738
-0.01505267190200904742214405,0.02182203308016809201186348,0.4899297291542384358287165
-0.01413455659890974075443282,0.02536084851450029140074172,0.4919511429140412950289374
-0.01050364863673502319185715,0.02738337749014768673916365,0.4889299578892966069432191
-0.01335670486824921086854712,0.03793781726687808081299735,0.4923434237721126538467331
-0.0110122060515834129662549,0.03571229980205491150169195,0.4926739959508456556669387
-0.009486634508902087870030329,0.0270019715048252957612096,0.4930825473553402393811496
-0.008769888284072553663595073,0.0391109293734536525577461,0.4879955871366545849809881
-0.004869526172777081593490145,0.02749684269525944427248199,0.4929604008961374628228214
-0.008582401449410366478520729,0.04040025242802505744954544,0.4883150990885615772008066
-0.009135392288720083422970397,0.03881287737767086243323433,0.4902037274423294843650467
-0.008942202772014519809862243,0.03512614748747802662087736,0.4849359080538652166936231
-0.009658355537828414161261037,0.03751050646653283915377131,0.4868079353086677829587359
-0.01256635911772881718240225,0.0404132218644690927034091,0.4893419933379064556966398
-0.015775752134881963761881,0.04506114604267028728168398,0.489539902695532658238875
-0.01542062221637791052941679,0.03917022532043761690045969,0.4873815176853287800540215
-0.01575074302001491094449293,0.0364970316416621809452181,0.4872938245144398661246044
-0.01635348134292111815790705,0.03104802938113482291271339,0.4896557733845826043683758
-0.01865068380207622264488343,0.03804021222813441793775269,0.4858745288733305467410162
-0.0202322735441656138821731,0.03140399419511211848154986,0.4868258088091665936048003
-0.02213885091850349012831956,0.03253355655249733774381227,0.4931194069110218514140342
-0.02574631089487303819973718,0.04120598493890328256616939,0.4931696173371073466107362
-0.02528530894665299844081829,0.0328437421053043299146168,0.4973593595298517744396349
-0.0276769354892937510803641,0.03545024961803744378840975,0.4958990217369808606306947
-0.02909397865783807518580417,0.02896462253517802232227751,0.4965813404491949967223263
-0.03423860662232315610342681,0.03558268173639711484668169,0.4962009407481599576605902
-0.03296578090059373161713197,0.02815419892243730196068618,0.4948390436622122079413089
-0.02928059589078076466184264,0.02652462676624932000346568,0.4976260830607429075378434
-0.03076660729762090498717875,0.02556404602213011717504187,0.4979789414610383824211226
-0.03528322815652203819913879,0.02644163577210559626373687,0.494046994954658869048103
-0.03655828309399484360442401,0.02425322826845870485823475,0.4977737232962916036349554
-0.0359067600152995075601936,0.02583857198126762386158894,0.4962548852444845781661797
-0.03668980350195540085511681,0.02498027702270783426130585,0.4989250284344928787483298
-0.03526649599325784589787247,0.02481230120139848657756509,0.5001043355303087523111571
-0.03458742562095358519247412,0.02264685373977925672561717,0.4989579509609118335156097
-0.03261527014956130954281832,0.01969022824303155727587722,0.4959584545759954110621948
-0.0327706518956327394476169,0.01992513440208024469435522,0.4941811153693021485544534
-0.03162206070393989987277195,0.01977965376393105850771903,0.4963742239911191345136388
-0.03186148174395428411820319,0.02312649688733117020467134,0.5002588475585850735782856
-0.03001216457270423562664341,0.02278692699637418356273244,0.4938248278919261657904372
-0.03097998440705974909636922,0.02364029272631111913693935,0.500330358514375905798488
-0.0302962301382856367959473,0.02595997846870480227354783,0.4996311802542906521651389
-0.03310066508223574038849435,0.02268447237241259448192743,0.4977008246592111717632179
-0.03278278633769627498084631,0.02698719291827030367092455,0.4944662473752050591002671
-0.03128150941436992626965008,0.02831838196818260711129511,0.4966152833145999201391874
-0.02871481399782583807112069,0.02633112176210995400427173,0.4981539895242890758630949
-0.02978289360808176328143659,0.02698360843813684545322573,0.496656590500158701129152
-0.03119382230897795732493805,0.03012800211147504889086512,0.4964981234564200263115197
-0.03126991738640230722445779,0.03023634056267781450300092,0.4985572291220221052832073
-0.03109919701877499748077227,0.02940048486135749677972129,0.496804121795706210562571
-0.03182578560389236199679175,0.03148474224515500352605812,0.4975558902088501600502468
-0.03113607592755576053411559,0.03062697775256146767719478,0.4979125296594950067508023
-0.03110267604166388685782429,0.03040581388824844036311568,0.4976735981092465510577938
-0.03391351103808957351271047,0.03080918525103526484087979,0.4973679587587420680705463
-0.02841792760972268114261219,0.02929265175474937699107159,0.4967580294719592948204934
-0.02778530141350787560639013,0.0289323178611171037688532,0.4988508913671618194562996
-0.02988978301721496519394172,0.02741103325303509419264003,0.4978293024080945872178461
-0.02919567332622086466842326,0.02867138802537784816881761,0.4971368924643297937393527
-0.02964007371379975830372189,0.02804231051223722223642021,0.496562763646015981056081
-0.02840963813250638181351349,0.02556373189574757606723487,0.4949759901468847034244902
-0.02688792572497951047227893,0.02562636267149236146689617,0.4924111125250972831324248
-0.0277346560677621048474073,0.02382689362709964828179743,0.492044276874944785937771
-0.02783053030843084252321518,0.02471376697798285601570534,0.4917709233520620171198345
-0.02593829793049113111025328,0.0238265332907041244014934,0.4917378547054840343122351
-0.02785966762159812482035903,0.02536485982474033853972806,0.4916709306858239036941427
-0.02572785426566055744235229,0.02448108636972031598721955,0.4904224078305420286838512
-0.02233604549231233901696037,0.02190246179426868361472813,0.4943969566250565605969314
-0.02484222252799937399880825,0.01975520482927993481947482,0.4900702239277682781271039
-0.02438419302602862909212789,0.02397373548764871256655518,0.4924985874907434890701552
-0.02363716549424339438689735,0.02540397088102926831387762,0.4930245994983354917984286
-0.02211991303670540753856244,0.02246523734764080404424647,0.4923201094305308944676369
-0.01538008116774005826221661,0.0208385022929364130406249,0.495688608096465754826454
-0.01985706861793938918236968,0.02125144565976382765581931,0.4903412532024151726517402
-0.01765876638651760199838492,0.02641516634133088403668665,0.4855974796026392703574004
-0.01602878214325744940516039,0.02255448598768394069535859,0.4913505568163232251066574
-0.01786732398353845299721065,0.02203138257185628320899973,0.4895636649547055463393974
-0.01666871194644855419531027,0.02217089942779256611649075,0.4921756257169254133998493
-0.01393375513943743287947896,0.019910145523227288505419,0.4876489111219593497459357
-0.01239827659618891741999391,0.02031166871535648385527217,0.4900049216406948127122689
-0.01387089040899595893119312,0.0346455052295517595961627,0.4869164682073118255445365
-0.01357854690711281751835937,0.02065113600641546587333153,0.4861654726703444895363759
-0.01417999814270372652136309,0.0243284846312268321355532,0.4872832126647421158160967
-0.01435136036377420917786729,0.01844696155653421584807994,0.4870473678349350743488344
-0.01465682179131549793538181,0.01893318005180388841068861,0.4866838529321038109287656
-0.01903544559052183435254868,0.01975189769422260044340334,0.4835768570659032539182931
-0.01439588510345861903372278,0.01268569740630171201190013,0.4883470533455673834311028
-0.01429587381355428878093594,0.02517052459684078133395069,0.4841781867637741654242234
-0.01607453674921726499702501,0.01357781245124764328557898,0.4880121192003427088579315
-0.01848266599869281823220746,0.008913550487779161798918004,0.484865012891149305129801
-0.01698107189875837363945976,0.01026093140177175219718286,0.4860661690218700536902929
-0.01492716982241921314100708,0.009909057894930656251730738,0.4897981875470348578360813
-0.020192174937926063438276,0.0171051165314963435348794,0.4810000620677738480956975
-0.01858558527289927431169758,0.007149554167119008540876024,0.4868907163336462229352719
-0.01766446416626864593379942,0.006896050523124143752373705,0.4884997067930121339429661
-0.02170993579756167607408557,0.004512287412006162935773634,0.4876358254980692752411642
-0.0191775249311234990967634,0.009116279737000661589907402,0.4907218061076402126907681
-0.01968128308872844553500947,0.007437178339208070504406933,0.4912704234252562862650393
-0.02096757174016913166658682,0.008302880551885423107694173,0.4909283971568972337884418
-0.02080984877396166096708008,0.004699605470579647226170295,0.4874288634593532676397842
-0.0181918473328984940662334,0.00193173554656297192730352,0.4815767870284812235404104
-0.01956537048975765663572091,0.001446600601976055517489117,0.4808173694715363044593914
-0.01715986000480371198584351,0.009305491149264820058273351,0.4826624729137530267486511
-0.01944895608161102684707799,0.01047231498394679376218175,0.4844725384630370612626393
-0.01867296714298747467575268,0.01004695396127843094735699,0.4851847184606625229541521
-0.01874909616670241557789822,0.01088030283279960847009349,0.4839534077690967328599925
-0.01816099553820990641916922,0.008400531929886934090490058,0.4850477250795919847980997
-0.0168885164801470082085455,0.0118389493523055992774129,0.482320687574796902463703
-0.01849886910140564888482828,0.01409258684472322782632592,0.4832497897490024563182942
-0.01690818406337969703745472,0.009242899600008534777284552,0.4878445450745999001362918
-0.01726288200891550744797698,0.01483755658061692954408084,0.4841118028499353242999348
-0.0162761281443289419768039,0.01461554091927907972348066,0.4838500019901373350172946
-0.02002036867218772234200408,0.01799939387699059367697885,0.481241224729693273243214
-0.01690069923281677100046494,0.01786587989082588298628274,0.4844734018169414291321573
-0.01912556130802457038386777,0.01721426866120018273065284,0.4852440666623338838547852
-0.02156318354393823091830207,0.02153278335813866087300461,0.4844253312226777241633613
-0.01921562583901373008621327,0.01891910961128774951167664,0.487645366086733256238972
-0.02134708821133923448143399,0.0365062312217762086063999,0.4837459614739326174692735
-0.02240283744333840948437242,0.01526811363678064192850314,0.4843792374600647820948041
-0.02323304856003705412548221,0.01909510369036894125716053,0.483980898133483161682733
-0.0243562096710339751060026,0.01959544135701984934883058,0.4848149703371199548129766
-0.02350541707337256217003052,0.02902314138881299798722324,0.4803056298163486115271326
-0.02334896063518959036242606,0.02773720317504880031322934,0.4806325438981451925180011
-0.02493071815810658439782621,0.02962506739148138695805201,0.490050911034386027509413
-0.02082733997885947985206911,0.02004044130331502845954184,0.4859235544993822930592842
-0.01984860607614372107754264,0.02947699754165829244545449,0.4919730330043392552141768
-0.01799208069826159495097073,0.02909664653969652736709151,0.4863983148250166088644164
-0.02064670119652790153397248,0.0390626516282844282734743,0.4822671556867640374477446
-0.02093285106374804388496003,0.03659452176203459999870304,0.4887901480502383488868645
-0.01751069080718358622617004,0.0279801578270374717849478,0.4874033790954245826121394
-0.01806221346130956403874812,0.03962175631177131812643566,0.4845850808023228206700139
-0.01504612856342362435524418,0.03257239091447044349036943,0.4844145697916308890285109
-0.01588430710912071622264996,0.0376765932309258283483544,0.4867652705633329079937255
-0.01191027799580597276718485,0.04056129837083964628785537,0.4816214480385507812343349
-0.01080668911103483537106129,0.04106982318514337815251736,0.4828310647104254726968975
-0.01057399251046184027180708,0.03671193997175513368258493,0.4814973268547289575458592
-0.00753453307703296371738988,0.02492979805251191102732911,0.4839229055610301810652629
-0.008019463900106648182597446,0.0386577592207417997105523,0.4842549844924673996260367
-0.007064777249801109867965998,0.03169413669695796825775957,0.4875966254314013648141213
-0.008247563571054697742490625,0.03443250730790237135181542,0.4876840758677605802695609
-0.007284290560427702197754396,0.0325061544334097202169076,0.4881888601683823103449811
-0.006220565528812747879694456,0.02574585429186178331395496,0.4853089832238888234883234
-0.008809777151313685078504179,0.03508051839517728476280922,0.4892125830462951685539963
-0.008763931488138036046686707,0.03149599233480890325687085,0.4878164364429057320293737
-0.00916839591680244404836575,0.03331107995952990036281349,0.4871828340081039709907884
-0.009543013403646483788778099,0.04410059094778372157374946,0.4846234164207757766362761
-0.006270930420345789506331169,0.03449053634274892171651672,0.4871842719960977063919927
-0.006201729069718435460867312,0.03994446304091977401062863,0.4845646809413153843770772
-0.01010542585141510109336682,0.03995189028881183240793362,0.4824306142138556352527701
-0.01060335341610621484598198,0.04150877354704027299980851,0.4830069794523301762723122
-0.009695241939695399893683891,0.03313980345601189037019196,0.4863512506648075550685917
-0.007888266738280805961958109,0.03671326558773888720788037,0.4822770845852624166383293
-0.009579763838724473373753554,0.03397295824785092482889226,0.4877615148501512898349119
-0.01112912793565435862208624,0.0295388055228920226591427,0.4860921708737610535955298
-0.009936968378709625307476649,0.03759839745533580940284324,0.4842085809838239662816761
-0.007571765158918355304029646,0.03523285159130021271245425,0.4837100104123758237406605
-0.007686495665703290021408822,0.03803503190451231613655736,0.4828457667892051552449573
-0.007127399539812147646888896,0.03628832672660541741604945,0.4835268696659966169981715
-0.0036891393859607613144036,0.03043877628454476347297231,0.481569266806545104309123
-0.005134463374410919503376682,0.03237920681799242444975917,0.4820007056100392150987943
-0.002547034179554679388102212,0.01939694028233852202136589,0.4856615768572794533675108
-0.005551494049619150501773124,0.02132173726575122343906976,0.480730902406125926162872
-0.004604077920846000836208045,0.01556955312437789500090712,0.4830382472788852243894553
-0.00552354612293702064429457,0.01762496845804085304765252,0.4847552329514829283496624
-0.00523716608406742112347132,0.01601061498060796575715337,0.484076218999517582375347
-0.005876224670665356787646605,0.016247480365009399350118,0.4843715615298738175198423
-0.006061919125969502004924738,0.01545384015103966508786204,0.4793471801741417959163982
-0.008203658229218212943889554,0.02445305945195721392115829,0.4854710292157171092064516
-0.004380721668552926308104478,0.01258544474197101879775484,0.4876909565433608650941721
-0.009716486861516205469913032,0.0113527668448017392266447,0.4849449791519344077350695
-0.01077819372700302910650372,0.01423556801866894365449223,0.4839375714751121271284262
-0.01324311412321063467778526,0.01380076469606915552656989,0.4823040043841995694329228
-0.01364988785762201277396155,0.01369102056782624775299606,0.4836592214322741889453994
-0.02035132927150389015036325,0.01423944790530475186518533,0.4860678480137381463066504
-0.01558623427761575939987093,0.006712174831068542547873879,0.485728973022276411253273
-0.01696706872626533788017689,0.007986376945844397487461741,0.4855555964119886436236584
-0.01992845042079492701159182,0.005265278077463725510398707,0.4817969958736399993526334
-0.02045299574776639206508122,0.009157331721020924714116163,0.4848677681506448622350547
-0.02222848917561926970765107,0.004531992307507734865645865,0.4854622066413328829170837
-0.02390484280244329490239252,0.007856427061719848878307282,0.4854971948137150050683886
-0.02256593842424319679151878,0.01309357014137170829859436,0.4814596999897599038931162
-0.02394771448587662207585502,0.01392486075213207261103143,0.4818667641726130379531412
-0.0282091709114196849406131,0.008460799559409853259905887,0.4865736944176888845170481
-0.02857422316990219229859704,0.009995236664368051249240921,0.4866643937312790657578887
-0.03050663348305933386672706,0.01233146604369075860496707,0.4869483587251011713625815
-0.02922702048991973611258288,0.01436205102512829769045855,0.4872547524801041363140541
-0.02959533281691944031632779,0.0179015020880926058188809,0.4869386205197345218742555
-0.0296277701370427012927955,0.01915237060087170845035232,0.4869948201716839952801763
-0.02896670708728077067717344,0.02010048602435010947631078,0.4867093234355222564069265
-0.02910374036771762318309698,0.02393106048009122771569324,0.4849340707863440957936518
-0.03104429507029611567947569,0.03677616983627005065038418,0.4838208892392884541422404
-0.02958764950034727461702921,0.0365190494393328110578345,0.4842972007938767253776291
-0.02843642417221172932761952,0.02781606367726629017167461,0.4870658475039676971185543
-0.02600096646762858898505044,0.02976687956000529516886743,0.4852440477310891453477382
-0.02514387363038218456412487,0.0415253033371263402528939,0.4871100647063806299286171
-0.02258890903141683517696414,0.02559618432005754048996771,0.4865217745704908947068645
-0.01836327065207035702520955,0.02963506278211227792929172,0.4899041301223531208464124
-0.02118455384184805834202336,0.03537932032434278756261037,0.4919522646111357810916331
-0.02067790341066640114053854,0.03685133984820353897360334,0.4909491926197146471899657
-0.01408273128640674144718137,0.04174991840754124772239209,0.4879741131782797114446737
-0.01193237291902758678840968,0.03516117409647828706553696,0.4882260594731538949631044
-0.01025684821330213707113455,0.03461954088414029295783791,0.4873846370285462303861834
-0.009363321589695168534195346,0.03707084505671350005417963,0.4863518455246256255719572
-0.00730188809550195994102495,0.0429852289457692479657247,0.4844130267543723666889832
-0.003993682566235931541420712,0.04196791694310119530397785,0.4826554767235634035849046
-0.003110967469679694081402532,0.0428021994248081530387573,0.4823629198405945395222716
-0.0007367227438255159223390311,0.04137281102310890606998939,0.4850471861795077610501892
-0.001254089657290589042426543,0.04444265871008968443733878,0.4832801504623623900513962
0.0008524627826635404340485658,0.03763591780085240312558881,0.4812383697552018446685906
-0.002249114173722088771967265,0.03342631321422560863876328,0.4857838815909061302988903
0.000861841501838965799893455,0.03378609912698773282135889,0.4894930563205787676928082
0.001052188853322056369746229,0.04084312234266398999871228,0.4884212064120221352681028
-0.000345463306448087672378966,0.0344153517818802795469324,0.4886326312741945399054089
-0.001880040480741138227138709,0.03663205291030460775125732,0.4889547342670765295302715
-0.001797468619521902294042248,0.04127908592639067952845267,0.4839489708996473904534241
-0.004846890858348634756325168,0.04080621821461997283941869,0.4816750701167906156818788
-0.004190824931046054600825013,0.02836315510468956357925663,0.4872967980054769832065631
-0.004940136574460616582238348,0.03177954564314169200178739,0.4899916529889913330286788
-0.009619901234812886295366674,0.03733507542237108484117769,0.4886199103232098939209038
-0.007974301037379515760816773,0.0412842407020492935254552,0.4825553803302045086098815
-0.007863816731650772121064996,0.03443598894825327522140057,0.4833409934116801864867341
-0.007473039824757964078028039,0.03180790216679665188825865,0.4818555624484711086275013
-0.009727782363953642319476245,0.03407073025182799641541465,0.4809962447222458359341601
-0.01521787685989588190249577,0.02282550090507923581939487,0.4802436610441566666729329
-0.01493367563393131411397796,0.03493902766667913301068538,0.4802347876875761034654033
-0.0163256983639231689764415,0.0312804998384700466695918,0.4806522113304292354030167
-0.01928999477221972000395844,0.02249267567686482130473458,0.4834503903706772742765452
-0.018686267950548170885261,0.01830910285143455898393405,0.4856860773888468374437366
-0.02246838890243988209882708,0.01524893020936454561542472,0.4855651120856752100962694
-0.02160334529424529081964579,0.01301112675403183482902847,0.4845142019444471093159166
-0.02114709846718000607612709,0.02230365880425612748472197,0.4804264251783492700731415
-0.02271940058307445747809439,0.01707325583281958311654414,0.4866857525693658037546641
-0.02288938054346747671963236,0.02365279933451178845382756,0.4847584310467420998236321
-0.02420341179620501270708388,0.01498240950420389253072706,0.4870397625657932327847277
-0.02396922227144683212318732,0.01489843702177754032611734,0.4873634315883799694724132
-0.02464178430793450072511241,0.01364843080632799354745543,0.4848395035812407827258141
-0.02467371020368756828755608,0.01443548177521660445810081,0.4852699437673321236630386
-0.02511775240491533403575097,0.01587758893633811271839384,0.4851675658008116620578676
-0.02151656713148175983918442,0.02110069655324009821328879,0.4779038800719659363380742
-0.02392208237275265936272461,0.01421552717777057814330099,0.4847851622862631715271675
-0.02156897042295554192681273,0.02245375285549676067087255,0.4781514945078515488319226
-0.02096335562020950823991505,0.02339178513292435729331586,0.4775613421749013709494136
-0.01992025557023294896064058,0.0245888642303384030718405,0.4800297983243727029112335
-0.02065905217775495031351518,0.02163039413112770315006372,0.4848649841690773065749909
-0.01892384562320754970432546,0.02662499520245475287394399,0.4787422384001282504861763
-0.02224984245323253020942822,0.0247894909004963449883352,0.4833306050808385267991696
-0.01849250195021094264613559,0.03097601606919143935048311,0.4827838327975069177000478
-0.0138960302357073184342795,0.0368861803967077475641112,0.4788534223720292137826959
-0.01120913966181581906955689,0.03359136242163100055657665,0.4807710432343647588560032
-0.009195242327194817419377948,0.03585979681356493004029673,0.4800442681604175088061481
-0.009234273478243277752386398,0.02594789348136279302781126,0.4778240842523590603541095
-0.007533343770813164669286621,0.03934044117763710324275905,0.4807755952628383622204922
-0.005280286442970777600891541,0.03852573548540160625064388,0.4784774185616666453135792
-0.003127326443044309723512386,0.02348377417174477357897366,0.4814114957353020085584205
-0.001205315265189511181320725,0.0352074203200262239588092,0.4769836647552688768669782
-0.002665989528518781809945937,0.02374760348945470847525918,0.4788273064168647730198813
0.003632053947008041534100231,0.02543087853238626058760552,0.4811633361208311199241905
-0.0001470329491234071577800135,0.03303761497368189192780363,0.477310866611148798543951
-0.0009695147626030171808877989,0.02583610047451834201837073,0.4780938963398019270201189
-9.162055307488033465638383e-05,0.02951513657718976904598129,0.4827746127565086253774496
-0.003444613758931816711872376,0.02537536743074253475782598,0.4794925388560447587771307
1.508020002841717616267562e-05,0.03783218313141048505521269,0.4796221867578334130399753
-0.0008927844643930107904061799,0.03739210801848899534682857,0.4805399639088380747686813
-0.001261594681698238436598491,0.03766046532162330151560781,0.4774668064583065807404694
-0.0006862910010720656194330158,0.0372544641649487154322351,0.4786778406613986791562354
0.001689620710365432893623749,0.02394860127363022950230942,0.4843074310846443020217578
-0.003648447155136350355392194,0.02614058177655493100943751,0.481280733796015269820856
-0.00478561294696550412752778,0.02667087828618681238923571,0.4816287780606072765898773
-0.005223603238116554525749535,0.02678446579001223654126207,0.4830842741332402878740027
-0.00189199130997785066460315,0.0255628187880251218910832,0.4873726721034138398280788
-0.00804165269291420674313553,0.02659010361720695256315672,0.4830650734203221219331681
-0.008673504604262605513498308,0.02670875117567023115938696,0.4832800070461126251686323
-0.01218870782499529084597079,0.02416337576817373031246028,0.4811954563155706465771289
-0.009631185178733354945723732,0.02405628462034490114285212,0.482588959197339573137242
-0.01201784883700132526562765,0.02262998597440873949082629,0.4828351141685565672823088
-0.01358338291400635472472302,0.02576866021059657368974527,0.484955102644209379292306
-0.01366139965425142328847574,0.0264084248336327043205074,0.4862669628254607800954545
-0.01469265864143435088018386,0.02131182677018447421679603,0.4868927791995630305343923
-0.01453543492830572728125027,0.02449844340155075267384532,0.4893129761940678834619689
-0.01402922136323371711530417,0.02408832425900477372526787,0.4892910885837536971720851
-0.009984489753807536394081268,0.01941191158599425703457086,0.4902838910570908592667649
-0.01059043117230324369815175,0.0196215842363430155448345,0.4870206003668639538339846
-0.009659232365787324275929748,0.01947307139845929485622023,0.4875022271212766655779092
-0.01141275189237641284056846,0.02090639160382168695861971,0.4862319410967229083020413
-0.008723096050423574665533266,0.02234536246425010766469832,0.4884372349921892730861828
-0.01022206273818735550173997,0.01854766983670960017738238,0.4882168198702612760264685
-0.01013702682542659723463618,0.02527673151415612412540312,0.4866195876151723775926428
-0.01023463693689707736111938,0.03157311471263540836318384,0.4902125727874321325927554
-0.01142965423330012490754637,0.03097548216780483115728728,0.489239524335647102404323
-0.008684910297066325210457727,0.02576056341313555375638344,0.4896766485161351822874565
-0.007299400827637689444238323,0.0230189006656867055367055,0.4912556885326683220327482
-0.01125933062352366120784097,0.03400367245972342467030813,0.4919466916090832198094063
-0.008508996841185178378053067,0.0278545831153605011332175,0.4901847853049648429113461
-0.006356919548617481242891447,0.02518675273146269225077454,0.490716522765573259778904
-0.006289179310983666545964432,0.02562420154400716493237056,0.491291526786082621836016
-0.009140270185409816658395066,0.02163910862025481343651201,0.4918048363341465112341666
-0.007966828651909493852478761,0.02072343074881012950361203,0.489388463604563728193142
-0.00814943405621220383350245,0.02722089869321136362811941,0.4929312149341134041691248
-0.007282995670033120573505503,0.01853820111657843855423877,0.4900881956941545714023789
-0.008722958775356916966137177,0.02026022495536152975836863,0.487425644882592268292143
-0.00917530963926749265624494,0.01964226671428447382194982,0.4871510680274387938837322
-0.009990784226242875945556143,0.02919686503495014587294953,0.486948092050567993283039
-0.007986345227144291819554311,0.02489750995239946307346912,0.4881720130517888112109404
-0.01057558722015957894391214,0.01805653859399648786254744,0.4885296559993354548190325
-0.009607915202345329586108846,0.01891635414120714994701267,0.4922396925988429261522583
-0.01334530631254911454963707,0.01849416523453822208677977,0.4866928009914578412420383
-0.01328711862804275549432287,0.01912501120709416205234454,0.4905075257321306336777411
-0.01053998624247716627000404,0.01709182228584158261264214,0.4940307175042866760783511
-0.01460867939353583007389137,0.01620688301917843840427302,0.4909542492625393328431471
-0.01468479891380210233808867,0.01628375666994925571873232,0.4937565374792355910038566
-0.01642236178329525495001029,0.01425262883883544190455339,0.4892422003427400190034291
-0.01715681083633309803038181,0.01573570007608136173127278,0.4901991750511459078332166
-0.02102851722666535319583581,0.02163763713375044944742243,0.4890604336898705106762009
-0.02116712415483532408466694,0.02046288171427606064622928,0.489242813258440989443443
-0.02409359397935923255418267,0.02231018346265045693144202,0.4926236378098942658709802
-0.02510151375714363836122445,0.0227228986025989621033716,0.4919097086575717203693614
-0.02425181474092481803683796,0.02984504503904432046179629,0.496801638474373141729501
-0.02834189411981335657286785,0.03243787254972600037072894,0.4941872957260572962745471
-0.02432787484237970351830249,0.02599477386681216944941397,0.4908522570559631370556986
-0.02432643099558302185458913,0.03131006088041013435407933,0.4855268273517755472923341
-0.03028707505366249469469508,0.0327707118455531840051087,0.492041339827000601125917
-0.02477294187162172242611113,0.03050778168161811729208743,0.4935605485447580598190598
-0.0262944668996750487155456,0.03317517833189984749475698,0.4885972247634137177740854
-0.02139260956433498145345951,0.0336907549996175031958856,0.491357831437106873373466
-0.02193852697692509623461632,0.03854309417891656902588338,0.4900916616760317423562299
-0.02114416565846780060589083,0.04348785654473271561348824,0.4899721589803984755917554
-0.01786551722720119625420487,0.03958731959567169528257935,0.4898085400445927328760831
-0.01634151290167770720351825,0.04245237144961789416131026,0.4887289463711016468394632
-0.01530350334144682002135429,0.05255175351375694636768543,0.48771263889019172976802
-0.01275867633987617759394606,0.04980856735197849299856543,0.4842652079291302480434922
-0.00675840584959622528438139,0.0387798407977838210936028,0.4900587080687458518823973
-0.004722960459445178955928402,0.0370311545193020841271192,0.4890474818768432707649652
-0.003774126443643397669364115,0.04909116069420851879989698,0.4870594796946924320835137
-0.002192934390665087201338634,0.04493298774173494491979142,0.4851184329353622204372698
-0.001276400361813746948957959,0.03792069667446139324962218,0.4928632383442768660763988
-0.004206520819860463424044728,0.04758193285560567697967116,0.4860664408962415139470181
-0.0009762890109259440450314993,0.04147364264380122567121845,0.4884565553588716135813286
-0.003078166516517323939017281,0.04357587634098936124615875,0.4834377129653646409934709
-0.002165679302680101683820091,0.0392331175419467284570807,0.4823180397671960606409414
-0.002779723819733868461073767,0.03835813426319640423445279,0.4839849784970970403286117
-0.003815514699170525179938718,0.03521221689701822116225216,0.4853270598732703500211016
-0.003182541458104326710654153,0.03512011183906723482683887,0.4854893922768101499620741
-0.00450857924669311425913687,0.0281592063541955227312652,0.4872031738446198634306938
-0.00221868809372023200604529,0.02629124628321478918113741,0.4807596665650795131341511
-0.003383815983795741139106283,0.03180802715720822820832936,0.4824564973544313017939089
-0.002827163668777645834373491,0.02883419207958424004822895,0.4820988536828306747494821
-0.004289049365236350351560102,0.01993979882130659728178834,0.481521179895414430660594
-0.003189809614663900987768796,0.02666514099564095199856872,0.485244394551430591189245
-0.005581122994771408468706042,0.02839118412135706662202672,0.4882170119560697574279118
-0.005741979601976367544868829,0.02824113981222952859950759,0.4869581161586246098593733
-0.005690785379356474472933858,0.0258404465824069520807349,0.4841105843343522785460209
-0.005124760602742776602336328,0.02776286024895310150517602,0.4849198166466411330510766
-0.01084781892905769574986241,0.03759635137351457351284623,0.4884981358870577605735264
-0.01311323402940589924470238,0.03880328539130349640995377,0.4879534727531076865325588
-0.01381633338523232702732546,0.03999941983900616448988075,0.4877936811486109913715836
-0.01483579235636839181722291,0.03511576955446017028750205,0.481282760236035445089442
-0.01614123794933623387559685,0.04984391488638569706060011,0.4813936977838951802866063
-0.01545890816501649736580681,0.05045701879542797280153721,0.4832846315633714806558885
-0.01506234878061736212617738,0.04311971006098651998383886,0.4841395934490591579368868
-0.01615309525652260103090185,0.04925399841004785006504108,0.4799149679880308494439589
-0.01574038715844326349890814,0.0368174481117177904154758,0.483909598023804621291788
-0.01698265025638055064627352,0.0512084448362098570983747,0.4814971878103744273857956
-0.01644626960173799223863256,0.04248414348004592167029614,0.483826854520132743076033
-0.01606266300951809250507907,0.03640196487489530396963744,0.4814264250022085023239526
-0.01609530125341056272514351,0.03715775470638178756832559,0.4809366014757078811037161
-0.01302458126938632783364813,0.03165107412931314478932165,0.4822862560544761145742143
-0.01459382290509393144406491,0.04640287574713933271830513,0.4816932610368050426963293
-0.00953670398952093274769215,0.03571551707608749265387971,0.4818768487013659895801254
-0.008763024386450969649420273,0.03245949462510908795076503,0.4849773130799625575626521
-0.009141959452822825960005559,0.03641040972107514178679466,0.4905713034640830638721809
-0.009449730742644560366194639,0.03191282547569602306980485,0.4827726908633868663223154
-0.009472295926784921743513124,0.02887499265180549015696876,0.4816784733371847759819673
-0.01199778859277592264753753,0.03481071490401367596323468,0.4807868003702507331276195
-0.01107437166581611703852772,0.03236088716049929231433069,0.4801323593034448333760622
-0.01409201059434249739266143,0.03455849881931027933745781,0.4778652620886577606640344
-0.0146159988676870956220144,0.04419921074694470319865758,0.4811449021066668829682555
-0.01346202649004767104568003,0.03293065725661394743672972,0.4806582851710118897692325
-0.01615944188922280311260238,0.04058394033252129412536746,0.482933328935952810301302
-0.01552857445685652468259086,0.04552141966070029355240223,0.4817896120487680233779315
-0.01204518409968712011615111,0.03302178281843817092555682,0.4853945952886730141884186
-0.01438280138434020610782582,0.03319059886625277261407163,0.4822838611485887883034707
-0.01301702290171450476785608,0.02907000116490252028533803,0.4804231502577418488897365
-0.01287874560814773229611152,0.03017924507674561371284305,0.4801543386945323343972802
-0.01481736698476182091666065,0.0276410031557651793276964,0.4771060057931710840506412
-0.01168505955695384353199007,0.02643366061740222427989266,0.4805318919347082995408016
-0.0111537713850130889431389,0.02497158990294264663267754,0.4805621782779053163814353
-0.01006079034162670610141888,0.02372154452525455578526525,0.4798393512501120672375521
-0.009539845545139669438783336,0.02332996519479764094273655,0.4818710564857743849920269
-0.01123397073177551976075339,0.03517108858279264366197836,0.4806234585070294218489551
-0.008729540814452749208918192,0.03665721373648308384352035,0.4774362418560525456179278
-0.009115650247311318440934791,0.03407004963036628503170178,0.4785540067249277051963929
-0.008362049438471862855548622,0.02873759027751969508113206,0.4756418770302464071875193
-0.007820462688489578095829557,0.03441633510013996505305656,0.4772610502918850916564963
-0.01054231682067710562655805,0.03603862654153680566970763,0.4764579756318655379132565
-0.009994220210433096135416164,0.0323335786711820352690161,0.4764952288491497989220136
-0.0107352094328717652393923,0.03229174390149737450261824,0.4750029964501089052575367
-0.008472398841739843533549248,0.01951087533911999294389261,0.4787312509293500384366382
-0.008641769049319472650871887,0.01718783458745090989006066,0.480066394541284024999328
-0.009731395885750934726665662,0.03506867559983035953496966,0.4747140894666820876146573
-0.01026832374784138190992877,0.03386111793828847776888225,0.4750157198138837966183701
-0.0112248605165087105006716,0.03348760776471514100105509,0.4755036411118570560674357
-0.01059071318174778335297059,0.02880683267091373178647729,0.4753398704813809327873741
-0.01350583641568033066437948,0.03062723923700053432761514,0.478514350664192955608911
-0.01343635312905300596697522,0.02873044252704100645634533,0.4789073016157078810373093
-0.01560913971136986162779881,0.02673516438350072299545701,0.4755119040466716517912005
-0.01521211938064880898890951,0.01582562019272896677857254,0.4744062796371065204859008
-0.01811051064720810288566355,0.011872189686832297639274,0.4768817966144751063772844
-0.01792490953826952199134936,0.02416205182105077634013846,0.4737466969898755375645294
-0.01655299055034886376858161,0.02692511873584660375691158,0.474932402837650702309702
-0.01813202898526978731896797,0.02042569644840355747028582,0.4746461924332905923940018
-0.02045602727521781891151242,0.002110642453297815763352263,0.4775374964289612056411727
-0.02218724674059920076718555,0.02388349280100779056801308,0.4723680054638585978921128
-0.02021920736665471299287056,0.01186228078259845934716576,0.4720236990475918381626741
-0.0228202156105860309853739,0.003601897916280050702952931,0.482047462589473063587775
-0.02233964675768882260364911,0.005826039335835584039025026,0.4780557988169581995485657
-0.0223733323247140430956037,0.003325233893079810112980432,0.4782245247755356754026934
-0.02038702820004781313123488,0.02452369037244256019802968,0.4733200545543890802591136
-0.02309022524426063843749901,0.0102525546733461762199946,0.4754085478971854517027396
-0.02067865322901573515990137,0.01187013144250265855861315,0.4751774704141287775094327
-0.02019531907266610901152681,0.01054756572187342394952836,0.474527984119194778944717
-0.01561213571881216004288984,0.02472559747360424456386063,0.4745206376792348579307657
-0.01007027380074415612298822,0.01539007641091325560844805,0.4798913153149224619653523
-0.01180046851345959574297595,0.01614874565633479114312721,0.4761523017690130754608901
-0.009739692260618420388551542,0.01700540859025266582360558,0.4747096099074325503686111
-0.007713986104941126034639787,0.01623753992130960027706621,0.4744641297131131363329359
-0.00730779271208566779532978,0.02104535299110227297703091,0.4703832668332679212142011
-0.002404164298967904553339103,0.01978983337042340695521858,0.4742568474379229570558891
-0.0004075496221963873996751992,0.03114534716022947583025093,0.4712954898251023871935672
0.0005900646699684923123657709,0.02304428427733314077574533,0.4738944168040509774542102
0.003132566529808654669925216,0.02414227158973082654203068,0.4732572729413804246689779
0.001627754764752391107573981,0.03624335839517604102022474,0.4692169529016092521800374
0.004281647438845190625777981,0.02622550172795932652003437,0.4743258275079703101262396
0.004880058344706850355365635,0.02647367437075255972023236,0.4738693621346128370674933
0.003916405777823307038376655,0.040041955376500799890227,0.4770121895703574033120731
0.002202195024575066047839433,0.04212221179875887122623368,0.4720873873489467853481472
0.002106398024341493875610798,0.04365114689406263820403709,0.4732769392678031761256818
0.0005252817746079979166831664,0.03833443762980429103670588,0.4764515422170214620223305
-0.00100672487780423930946172,0.0368615641939139260241376,0.4760940711590292417909609
0.0004528249801009324331836636,0.04107278823834444037021996,0.4697719934271929465019468
0.0001210073333477466791261237,0.03244483247298309697148611,0.4734750745479101574630931
-0.0006711471969203044746904441,0.03119577257112179577425159,0.4778821827887804185586162
-0.005848328498405589229158785,0.02960492260334385977715854,0.475444797278288533437518
-0.008961711409499638000819566,0.03979635467827730838097366,0.472047593316107350069899
-0.01353843624255266636646766,0.04244558130289800834678005,0.4711314282882445581002173
-0.01564026621569581179671538,0.03811006969817246070597605,0.4708293358440466258585388
-0.01846694209181531237673468,0.04054832137887286191979541,0.4695211226398258719250123
-0.02136632355445385045289441,0.02496232484307700505432592,0.4734624472038835851783745
-0.02284393958317689279913232,0.02646018163446040710740093,0.4683845979570231410349379
-0.02568588176802892586447769,0.02590261218595912504070178,0.4696049238924152602336903
-0.02518526782050885259867101,0.01833216079397621128821427,0.4695953447657555956951114
-0.02714196370314893649866583,0.01143579460198362526823779,0.4755752190577458016207402
-0.02847939985787679637030401,0.01081154289949067676124272,0.4753095399670163589966876
-0.02946255409382743384316683,0.009466595703696447858255247,0.4767432130924404432015251
-0.02815453146701796943718321,0.00427727333258104500807173,0.4735015009188237034010172
-0.03052476458389663874215536,0.007726967024826058259845407,0.475093118822654925104132
-0.02426064013008617445410486,-0.0008081727893205833002793215,0.4767631699545025747433158
-0.02331014828706879163378041,0.004264216441111918186324115,0.4736920645654297268301036
-0.02039003040869303076676466,0.002564105622534557440972414,0.4791114169986646631471672
-0.02128856639890751301091854,-0.001223400052451755967708458,0.4780772269329481294342088
-0.01913278279502307957504748,0.002373142905995842544264463,0.4758308256369682687214606
-0.015411423016937887339739,0.001984457826879639646966424,0.4793754781401895481707243
-0.01795122887956437582324121,0.002274247069788295876058282,0.4743507767130531460608722
-0.01512541690597663142370255,0.005609646337953889082272863,0.4762314798695927997584931
-0.01541314866211135857498871,0.005346231751483528950308344,0.4721796531484831471736641
-0.01459734938149283289821057,0.004817695357214534304657327,0.4710595924515703081247864
-0.01367179571749220848286832,0.006388907552896953140342262,0.4699024939705814807311413
-0.01167713658681900079638893,0.008261218939827268820108586,0.4714529029498496504047012
-0.01168530588225976524219263,0.02274717398035899437735985,0.4682213549840276156643881
-0.00937216408872676778885058,0.01091272415781737586959466,0.4755205089701962095638521
-0.01184030777520126732904604,0.01690295305907052805793889,0.4761288184529218203699941
-0.01047376477535414025787919,0.02138141941569993847993558,0.4782507530392304806454717
-0.01037388777392266731025572,0.01888624637873694347978137,0.4745522780352900427125462
-0.01207634110923924870839574,0.03600157786553334626766798,0.4726601865706027139069079
-0.01182755015720639811538373,0.02050923364475940730011772,0.4733204764290205313059801
-0.01313508753992006714006457,0.03594048632402274678909748,0.4721314658332037006438497
-0.01173403574967696663677863,0.03038258361357986866990721,0.4717721206602055739054435
-0.01139820938398153522819189,0.02195622359902507300666308,0.475323614089972201757206
-0.01592844595381899541752801,0.03916931925679692505504192,0.4728572385000038846847303
-0.01555663076484304664648395,0.0255904782972636267446287,0.4747219055452096547753627
-0.01544908022006819849070158,0.02285658582704039668009877,0.4715060080358184357862683
-0.01585109702762745043091996,0.02181369992162795687362653,0.4778484260321750887179348
-0.01462575527840494563069917,0.02220906503387445191100014,0.4792870095853994372170348
-0.01688251008002920536266167,0.02536105444112676798873451,0.4782047005693399466252913
-0.01760387598487318447371131,0.01756836703804998817135541,0.4748724214619388095393049
-0.02137430896833470220230744,0.02530020354520143982535174,0.4762163677253248295073718
-0.0149358701908122240564758,0.01654274396721933451659403,0.4775539184686362625953393
-0.0196790117587399386589464,0.02969743227153221268310723,0.4733284584717711296342202
-0.01909831487920244513789569,0.02849247584304692021417438,0.4746051085833358218479816
-0.01804153215242712202104336,0.02578081488783325395108825,0.4724502683113351864108154
-0.02027794185109180538639784,0.01320802454153945960924066,0.4724659172574520726861635
-0.01592687228137982385911542,0.01030837781341236401855266,0.4750613454501325105816534
-0.01650038329180501806003889,0.0137761533343695643377691,0.4776804124399219309005105
-0.01495407704813093811846425,0.01068093144027481254665357,0.4780663707525876215953531
-0.01515023352699281303235246,0.01349627532187625336690395,0.4774254623615404868886003
-0.01795690677282228697730915,0.01047039390561119512335075,0.4745416627257333930245409
-0.01649173570677245695415003,0.009875379311515296298917832,0.4757114938948494575754466
-0.016986707510365513934536,0.01369878034021200854941647,0.4794901278362767582663651
-0.01591335591766657522883044,0.01051548273111802163370943,0.476254739213738342851201
-0.01667528786756676539848598,0.02699041392222449944893192,0.474428892724498729727145
-0.01680870321623152696677295,0.01382972761996500640768737,0.4749571048435515807639717
-0.01855115107917895689304544,0.02431366239647270860446682,0.476685512908713637791891
-0.01673509551159933425590332,0.02348748571566656659359573,0.4745018329918828658975372
-0.01821281679647501067220716,0.01692181407515013294440287,0.4715084989631989076386276
-0.01923233345280325398696242,0.01680889812855860393492335,0.4775908166863049864048207
-0.02207186143564762031976656,0.02369773862065611622074179,0.4801790428406843558306605
-0.01893665393832185198097484,0.01393867775119576879472305,0.4795518044342831909254699
-0.01946184039176824392969323,0.01135293108460722760755246,0.4790422024947409429529444
-0.02027295123688041197929088,0.01081872530047446948064938,0.4786024099927574937396457
-0.0178832662816440016162467,0.0103619644524448398237304,0.4769296231008747222190891
-0.0185364786281637869413963,0.01492063366058921092260903,0.4795343142199066654995931
-0.01880079143663430235600131,0.01565358166189068436779941,0.4799959440694056000964451
-0.01486431452429213054267088,0.01492838433858872417003827,0.4829127857362150999520622
-0.0189173453404272787214957,0.01128602725375143188413229,0.4765176484333519257852174
-0.01520633792852414852003751,0.01897345315461727507932999,0.4791967710661162449525818
-0.01813474272478399901276092,0.02453906131584008762369642,0.4748032362890111102160517
-0.0196745958586689896618882,0.02917167705398464663812952,0.4775440062303253352382626
-0.01701307096078860311982872,0.0280712118962875012417868,0.4787389638416574277890447
-0.01391372217712124464972234,0.016541340478433867039465,0.4771924653464939547475865
-0.0130268149921560476983684,0.01363239692662754354302024,0.4811720173644061793183369
-0.01217486819303405416736741,0.01742557443246294662797524,0.4796070103034620335513694
-0.01290968009136273832171415,0.02179882832402897305246192,0.4775112535213933973032852
-0.01247074644461331448253016,0.0207320263540130278467899,0.4777422449004605775613186
-0.009591794694769286214186543,0.00258900414248810443323956,0.4804132590000181335376794
-0.01056974225159519782668571,0.002499816587196586684105348,0.4792712917901938429743325
-0.01032092326056486403240697,-0.001083437974359733333221123,0.4794388663874079026250286
-0.01006089501552849194143668,-0.00192569356047608570420282,0.4791123999362733587581431
-0.009572034663733465856272353,0.009985256213389546997571955,0.4791159577787663659265149
-0.01308067467520190180207962,0.002550155217632220101126039,0.479263465115276177108683
-0.01159746900300744933132169,0.0009987654487156358111554777,0.4788393193073247622315591
-0.01115019114021575941109177,-0.004589565162380999582825147,0.479389739186385110958355
-0.009966534383086936288442814,-0.002537351454997714608058379,0.4817727700489510267445326
-0.01280664746413510274303249,0.01007145831472545070839342,0.4783845489317254950911718
-0.008752350983567530259832346,-0.002366141190551000750286192,0.4809808309703605955220951
-0.01296579194682555280504488,-0.002121972950855403276110289,0.4791953700733089238639195
-0.01000327336627703476990003,-0.005585488647234983922151841,0.4776808941078761194809488
-0.01210920158863676952820665,0.000577442599768174312339919,0.4825740809036001555121231
-0.01397952762504773432938876,0.004028413578037974042411751,0.4846287822337070894107569
-0.01408264111231481013897238,-0.0006982337620746604644333955,0.484666029395032227355955
-0.0145701842672085433993967,-0.001185382774760182023401911,0.4836215413660995832145773
-0.01382247950617200571432619,-0.004275187076636645551463989,0.4811021479921931964796045
-0.01240264066766797075580531,-0.005010824134697006680683184,0.4825782330578801682108292
-0.00956457086056095202863947,-0.0002450201381570815684085574,0.4771506628380264292133006
-0.006792776817533948026384127,-0.0008030963221939958719339248,0.4910493097942532081390254
-0.01172316763303903747184265,0.01063243633904504062415164,0.4770235914037880831095606
-0.01044420355523224819283001,0.002486901452493945220006966,0.4775143362498325827480983
-0.01071517159582081359092687,0.003439480984391288503204676,0.4756704941330670011190307
-0.01290257466753940047976545,-0.000508473903363720588013952,0.4838975199686728068115826
-0.01461600746201020470382836,-0.00266438313270747108296721,0.4821184045663279293947312
-0.01430596405508519942950674,-0.001289171559007080188757888,0.4833662780592143937141714
-0.01595713104764289250181442,-0.001369716860971044447570222,0.482238983336181648020613
-0.01737489478204701578989422,0.01592159748519828693646971,0.4818869519602748119346813
-0.01855928232394244217773327,0.01864713853627158676729003,0.4826378910716123682433931
-0.02049691323921438643185233,0.006658102116348093429953892,0.4846365908517817899792135
-0.02072485020675896016939532,0.008825740474332264759449451,0.4840066577212532306084825
-0.0235594473257896008799861,0.005588365717350548406150423,0.4820724408589289744497819
-0.0234625848132729471207103,0.01552502392546789219962555,0.4877001035318149768649221
-0.02354206187224156324178104,0.01573951510962548483441026,0.4865923894542703576071574
-0.01762204354802847025562862,0.01272346099126919240218658,0.486444845280358639794116
-0.01831429213949941139927269,0.0131057674507201720598415,0.4854318032178019381994716
-0.01635652888064867069295438,0.009544644147197670416837845,0.4860250253488972993487494
-0.01531589829034710019406429,0.009183607747426412309943444,0.4843200999242985860249178
-0.01654815142619993351136287,0.009717811550405906426131075,0.4832166052003122880265096
-0.01533169513056940880257883,0.01291262803994349880887249,0.4829007299365039584948534
-0.01404364481663026784086234,0.01855980227661205295142111,0.4871346842709661228987272
-0.01222745648417437533406193,0.01900217810290618161706,0.4880790200017129931708837
-0.01632081264561349026598336,0.03138558198685938160910069,0.4827650141680594475523947
-0.01332989703919221571859488,0.01736883877593779074155478,0.4883240245478985830374086
-0.01284343311718265379095527,0.01941349132201128369068499,0.4889480148702264328264278
-0.0168497697514748689950892,0.02963767290963450345975261,0.4847426345822459237133728
-0.01649744109334458017079861,0.01828014997714017333962921,0.4813124682978847657111032
-0.01756126622488812447087092,0.01834513613786061675403616,0.4817908260419575539046377
-0.0175212695360707597369565,0.02208188073215456778686239,0.4884607041535621307914994
-0.0160090888491146374206231,0.02853229582841044359442506,0.4867969997477873955737948
-0.019161287179194783081293,0.02422161870890377974308016,0.4904232222503266402924282
-0.01851600577761064458925944,0.02513290993510107831920841,0.488619167302699275445832
-0.02280112349742904193083959,0.02223463676311519462980293,0.4865647353835450550363362
-0.02407915121483246434497261,0.02059625400406808054531993,0.4850043880989190481223261
-0.02836825709159470493281319,0.03350902327759533450013407,0.485038763211421530829881
-0.02718260334984390694246237,0.02323659534456763361975895,0.4855067016251928824210893
-0.02917449677748646524877429,0.02850997467381465727553902,0.4884311180020560749781566
-0.0267061065947718952184875,0.03159855820759074201964367,0.4834616146907590450432224
-0.02850597876031616545455805,0.02210439774440848409442495,0.485920245618530810549629
-0.02919691964066269476707483,0.02527859460397846938506383,0.4861164552005144412483162
-0.02756563844790907435999827,0.01844209835396517366268299,0.4873601320538742953658584
-0.03008940858646972846268675,0.01677966655093054287872789,0.4852265960808371247914295
-0.02859149452884119854689793,0.02244196777658732586124835,0.4873904611584816692904099
-0.03067646162960394051744117,0.01814561896433850018972578,0.4845306862867359565250069
-0.02572170604943732619140917,0.02666256877772378575119916,0.4766953331164341389758476
-0.02483083681917391469240464,0.02138615516959472065416925,0.482044944880112125051852
-0.02815616398230815983771969,0.01904212165313865987026354,0.4863418570287298958731981
-0.02538948259388376996192882,0.01855907419017880158329525,0.4886826917879374398978598
-0.03021406921471067943962829,0.01992093556021535399880307,0.484041654036089896706585
-0.02962243655183563473265451,0.01863848785926139339785834,0.4856133482115134736289974
-0.02892069083120428485411679,0.02087932924010761290278815,0.4867195627671884183840234
-0.02867374080996934124221376,0.02017324876277715520189737,0.4881379931172697972385777
-0.03022428734597655541893602,0.02405025502342025833790728,0.4879860242610218334924355
-0.03141537836545534728704965,0.0268184725737310412918557,0.4873731248874611510224497
-0.03000760612454780873470384,0.02193453601904926317245348,0.4896484869827025243615992
-0.02658806681987403719436003,0.01883013263095922526502157,0.4895078578096085375470636
-0.02670067406203299742450952,0.02399501304279934993379797,0.484312196673073791508557
-0.02486058195164065481863602,0.01566247079724685312140942,0.4909707756159032987497426
-0.02538266550199996113290624,0.0170680804354478056483746,0.4925646763614645595730224
-0.02544732697561578188549802,0.01575965089552314526977206,0.4914632532721365243411071
-0.02396165654354341992271493,0.01259143790554184509644653,0.4905926351103347959892176
-0.02300079383537595098530026,0.0145035321849833736401747,0.4924479980735090300925094
-0.02248728149959012753700272,0.01681857963342417786045679,0.4922335059330120721199364
-0.0199962004844871157893671,0.01236435713929833618562881,0.4890358049202777612762816
-0.02028589374833145511645149,0.01573779831390780328814749,0.4891037905294528531641163
-0.02412916309727564101450525,0.03126706134981319801235955,0.4853968394878828696015205
-0.02343485983783766615773381,0.03464242490707025723395418,0.4855073653879755091189452
-0.02101012502204007564854393,0.01942837367199017062358024,0.489286144628587715832424
-0.02065187970266780734251988,0.02648986638811669236392987,0.4874658658647791908968827
-0.01904483122663086155923473,0.03356644922199460839840057,0.4859808977052765821547098
-0.02223861782651807839084057,0.03120408138956306740019464,0.4848141197508258892767685
-0.02119134805107345670416308,0.04474370310650715998335158,0.4829132076923017824476858
-0.02334838001464828796671647,0.03450677089426953947359777,0.4825111323270157570597405
-0.01963460210537025171784187,0.0459348358130936482157658,0.4825470795731298667696763
-0.01695948835232422360896898,0.03618185530514837072724177,0.4864039903048980595379192
-0.01632947595615338517993642,0.03832928425489873919262962,0.4884254639984318968615185
-0.01929806355571662968007018,0.03975521113380609677934174,0.4878684225498656767960881
-0.02148500357771108634774571,0.04251587674693316221130601,0.4885566280084152612772641
-0.02124088435550565423515224,0.04380613967337771558208104,0.4894444764724154017798696
-0.02119465632808908636675049,0.04344995071587362533982457,0.4906986798682614336897245
-0.02104017808526144686642745,0.0414581793117961699968177,0.4903660976667515436488998
-0.02014266384589582722930423,0.0455494249746611346019165,0.4903999122730398063652046
-0.02137714590768966665956796,0.04841330395635711630886178,0.4934588557072207559706101
-0.0176138102291986502201393,0.04510224178303897518693688,0.4906256597519411122299005
-0.01928980377304454277287427,0.05353616292176493346444133,0.4860383065164570748351025
-0.01892634516898039978571866,0.03999768583485020095880103,0.491524410946494128005213
-0.01762129753533456938408008,0.04604726039271191118107396,0.4851836683343094258624717
-0.01685603031808975346694801,0.04287065220300638468398091,0.4894496696284544312582909
-0.01502729637490858236037461,0.03669158146029498357432175,0.4917595188941176753694151
-0.01379688248111172847731876,0.03125091366989537350340456,0.4917746838524354457966581
-0.01203524610681213843910164,0.03432672609174484967820007,0.4950321964310245292928414
-0.007282240001577755875161735,0.0357433081120368673078147,0.4931318374553934624771045
-0.01061599978968560432923685,0.03940390164592606075943948,0.4909400180769405985792275
-0.008686380828432439457631453,0.03975814678497141541058113,0.4867134520983665280091657
-0.00696374129681487201437573,0.02796628983347894739641681,0.4909401119519165024307483
-0.008062405642231422475685321,0.02752764671104010116287064,0.4883506384205560379996314
-0.00356917417833744511634908,0.02146685159846431836805358,0.4902718553902531972710221
-0.004114302712738343408005459,0.02293436973712903795274975,0.4857773691081866962448998
-0.006035319085408146627669268,0.02455753592872975121785828,0.4881553247157646158171929
-0.004700301020516050275188658,0.02980452951147399831555163,0.483019588640939634416327
-0.009558081512808970156558352,0.02660725463981832364379621,0.4855968579530670625743483
-0.009204689731155693555031405,0.02993535185439826287745468,0.4827428170618798808355621
-0.009938000352606061321703024,0.02549660818043867488436049,0.4916017399498288642512023
-0.01065902446858556402997653,0.02861374166251843403907529,0.4862027653875278243589264
-0.01671243344449922091365934,0.03631160810340870737089602,0.4903320784611082117088188
-0.01322987947239732779702859,0.02294780857965882450710815,0.49195911115853158124267
-0.01737063046679135705496755,0.02622234214185078376990745,0.4896382701168381368361793
-0.01665923427391361941185544,0.02534541180273657337562732,0.4926374578758383471210891
-0.01898133040385389588844411,0.02724182348324738489608876,0.4921321397954738774416228
-0.02531340429418597534616531,0.03790060342339914706277781,0.4858733020500197175017831
-0.0273918205452510360453644,0.02891348426043640479354835,0.4910236435188866654932838
-0.02909820123135868630281919,0.03225823838312297242580939,0.4854158499836870310772952
-0.03111684732739559977598987,0.03157030287135094426265169,0.4857099819672872076381509
-0.03236520045499305386904609,0.03184711254093437748924345,0.4938923635255996202886308
-0.03696734552997006650887357,0.04940573684502683887709296,0.4890060593171725034089548
-0.03241342749825808916552816,0.04665321321595240766644253,0.4875058112916547115034405
-0.03231589865833239122450138,0.02591647317035410472141344,0.4925773453879973007296655
-0.02964419769575921820292663,0.03002648764195377240060481,0.4896848217575251460687014
-0.03213887456468750986049443,0.0294753640312359309338941,0.4929696862991815864418754
-0.03487810687822604643892888,0.02918048358768418962250202,0.4880079125050775235017397
-0.03440376018699945609435886,0.03400967584301962248760631,0.4899774106239289661601788
-0.03419264417110508269548319,0.03394012253430894743289059,0.4915730998438941901085286
-0.03107854980924228127658893,0.03544927700019235433659404,0.4923098748946962976980046
-0.02828477350916404342573429,0.03399534772554142769696028,0.4919947602485598148192025
-0.03077836855755788220134761,0.03435969327707099479907171,0.4904563752060620007711123
-0.03299889727809841161176863,0.03030450859661163245939441,0.488988850601060676126508
-0.0341261291793429205609911,0.03222365260531229874674253,0.4898952503347603903982588
-0.03384909532880414628763788,0.03025951664220171560826245,0.4889230756405997802005459
-0.0349804345777701489184075,0.03200726074836178491889171,0.4893686314104132573099548
-0.03294690696566784232635072,0.03582234335838785366235015,0.488505707174718029062177
-0.03029315019174470130502996,0.0382996678982668731228145,0.4895402751075574321326656
-0.02884943493308958842313849,0.03600905894512773652849091,0.4936719064914300569846262
-0.03172801938087515399855576,0.0419818588953009275144268,0.492823335019829666947544
-0.02933037706293324317630145,0.03531288162507102701415107,0.485511287952191505912225
-0.02938983396983727708340339,0.02912040706681522095333747,0.4927710424203896044659245
-0.03210666156932268783252837,0.03076944754139458032549115,0.4887919809862178444070935
-0.02876837606378482292690535,0.03052318379701765560518822,0.4897777284958829135952385
-0.02524411758878232839298228,0.02850982077505815129314648,0.4939084322106442881405997
-0.02271976865086191427201001,0.02941069483927367944620102,0.4866257420727160831752656
-0.02656525403204950536162343,0.04429283592661914514820864,0.4873887155573222162985303
-0.0260545069109414349772802,0.02186526576345827754810358,0.4894475983211293845798195
-0.02480156422370648205966148,0.02380403750645586000156406,0.4927015224321585895594922
-0.02428966088566695408212937,0.02378520182498858673292297,0.4924807233559654329191346
-0.02257516807219757740132771,0.02011113318619274850651557,0.4896509289803117059847182
-0.02112654464768240480943007,0.02036970136256251867612477,0.4879662876133621929319872
-0.01933024951229427024212981,0.0199901544849662923808431,0.488477983068796361987296
-0.01799514920710146639870608,0.02162186717815916051077529,0.4882881724456070715589817
-0.01581339642937298894942444,0.03148376967723676145283207,0.4868542317147171449853715
-0.01737869111368566671371738,0.02753041925564365943746026,0.4884118463301569401657787
-0.01558561260268048580257538,0.04248023945995287042887156,0.4815594353849732001116024
-0.009687518082729986920731413,0.02816919508606708505427108,0.4871378111307442249078292
-0.00950094261032481679496442,0.02994417812160839187374251,0.4857126247497758897431197
-0.009809647497041907096559932,0.03498676846851044019981458,0.4861875833928291368302155
-0.006031695844415631280188705,0.04612106107164468810077906,0.4828344278288433377710476
-0.00621178258374666895230698,0.04910723903197523887431686,0.4823806731895804444931741
-0.00568251522204383380243442,0.03603841438237055661009123,0.4860236925772642990750683
-0.003531678262280610325341001,0.04023545782823953476103895,0.484694195078533174303459
-0.0007350479908941506520039799,0.03572522517372661576828818,0.4831926721054936590959983
0.0008028693119967758541274949,0.03442866588233467473045835,0.4840445005505777387178057
-0.00102530000438014537444964,0.03976699411736948908124845,0.4827686157399669331091729
-0.001607620508252236013468917,0.03975533874505444292823952,0.4831208089237035707697032
-0.001849118901575211477983363,0.04294389960598368055633145,0.4799749589391411608296778
-0.0008672529506480701347662099,0.04075004294162414691937713,0.4787433043761388229420106
-0.001624965785444103336804256,0.043579503105966463372134,0.476500649619380045596273
-0.0009776097629670785649907971,0.03987922658587235436034035,0.4803395086927567114720716
-0.001516970186274645311652609,0.03866595630792162702205061,0.4817078827133593477149986
-0.006312453898016568212825383,0.04167233098842769434266842,0.4858329706827450578110472
-0.00603282139467045761677122,0.04030607633531985145580734,0.4825621028829744640908928
-0.008126016716030845521423487,0.04282318084252987461235662,0.4799596493076923597875805
-0.00799467037258968712953866,0.04591880723745166842375554,0.4910781927426120518909158
-0.01355696795400933296615875,0.04796438437656425773925051,0.4853776646043254094919916
-0.01118505979286278997908433,0.04364170753187717605170448,0.480679006454247381707745
-0.01482586624250212606335175,0.04238535766959108941343004,0.4832165940963979999800415
-0.02118153463100059044621482,0.05399149209227705609182024,0.4799769963606875800010698
-0.02027132197043187561424915,0.04774537044690769366228622,0.4827398335827195463565431
-0.01631142363537710707199757,0.04844567214437882352040532,0.4862673997062139652491908
-0.02057386104485138186848125,0.0492567742698084981567419,0.4844158503496556744671864
-0.01857344686862987329090124,0.03671270449326624607522263,0.4823246365423325410226596
-0.02066292057775015802989493,0.05263409720171471906091654,0.4752424556858149684579473
-0.0193333424506162317169089,0.05170159441987851045574587,0.4742995003339420256871506
-0.0150895338172585234681744,0.03829350022469503456168383,0.4783471894799493084882158
-0.01730589870156811968526789,0.0470275400725984754624065,0.4697699485341073066813067
-0.01640639000129312172204799,0.04831681144917784193060228,0.4703761418798845239663819
-0.01323340327026300243529189,0.04190463684475365796489044,0.4796539617194619520290644
-0.01408755216706290142036906,0.04123964003102536385325649,0.4765366762021179813935134
-0.01251230090314132091522392,0.03659767926510185814814591,0.4736851192932071130670124
-0.01189973680913761211463964,0.04870218248226741708517551,0.4762092829481663902591038
-0.009090411755778749977596753,0.05192299929247781026253605,0.4718912129661525511892251
-0.007274145552820388514747574,0.04026869843003239024525897,0.4755200439077305052393285
-0.005491807367896200074708357,0.05226058938380143126245514,0.4717329153989092693777252
-0.00539661090949067681621365,0.05110042519020531470719249,0.4712084736473609036799814
-0.002269259478034569427196132,0.05493615519039841965653892,0.4717221679035894510434446
-0.001053095836600622531298299,0.05634869805752398125298086,0.4727096550615235703851624
0.005305421593202190762295078,0.04028422908431932014661214,0.4770326702274512720158839
0.002462654195283990252174355,0.05034035736216868617276532,0.4701338953159590050567829
0.001229958057285127559152271,0.04224785129705052599824455,0.4748952233410135281843623
0.002008134841262067780964795,0.03961512487830656098486415,0.470213652628430345270516
0.006171720913671007238687771,0.03513101648286926642628103,0.4721558203496402095211693
0.005179164024465058441260013,0.03384589964617181617745345,0.4687004382085722675732598
0.006633388340652860565294091,0.03228931943905125750982066,0.471709470606532232928032
0.00460908008864956315886463,0.03022742586045521276383319,0.4702729625889260356430555
0.003322288257926327929153709,0.02983857459493112831983019,0.469267247467497150559268
0.001826149067818790298553533,0.02742250836273903841222577,0.4687928042622646063186664
0.0009738373996020544291415955,0.02902651562041045490980551,0.46862961866518892950495
0.001957807861682835538080782,0.02755949226378508892798536,0.4756334835771177105279151
0.0002728628412615800554255618,0.03257783413595167348875137,0.4730615042869671382774754
0.0009506435458697477716011326,0.03362266991682198724600283,0.4682670227857957945261091
-0.001405276531092260238267611,0.02475230503156247360840858,0.4689116622167144865507282
-0.001130632453427247692892554,0.03498215676608203150710352,0.4674041629348600346283149
-0.003266563948330059984764828,0.02506626658172836710769538,0.4666192268497021955475645
-0.001611894330033858966158555,0.03760905715079226191432937,0.4656841108965744102654583
-0.000189312486553485753411688,0.0314946895747981181479247,0.4639613501923619542921529
-0.005856755673682346834130197,0.02840567277129643283806182,0.4699558035026895064234509
-0.005709239423431546403553405,0.02893321042827568315147779,0.4711945743448809342801553
-0.005564252745322778755110438,0.024766005082663213737737,0.4682784171319587240844839
-0.005435635447540677553379673,0.03725284219235324573160639,0.4664237858124001823156846
-0.005154675327213929618419552,0.02360458114465147430593994,0.47149725523696761619874
-0.008837496701049805253314062,0.03480610558731143944211084,0.4736074099291026628932855
-0.005297469322179851336507284,0.04240141091097830716716288,0.4697034901853859301112948
-0.009993845806408673676513033,0.04501532445280122252118105,0.47106942022432751748795
-0.008913170740153752297230128,0.04018432614765009985857702,0.4732567324671813624448191
-0.007748721839855155120446728,0.02562003485340468705855344,0.4690249680959362454935047
-0.01103515069321518021761008,0.0307587871727267002375239,0.4747290591676983639857212
-0.01048997099613844727339362,0.02914341222777445256086892,0.4729791866215024009889589
-0.009869382580916649314040079,0.02509837735243947848262636,0.4686771738494602268509936
-0.007714899532016429063718821,0.02612369449465840390289806,0.4687191294156038412488385
-0.003539519372350442664998393,0.02159932256755289423089117,0.4686517606713317407596264
-0.006200853276166332951613303,0.02489445611162101681945735,0.4717574340195839766032293
-0.001039712397239726934458637,0.02508494155261082117491789,0.4708953464735308180877382
-0.003686795135491062903182469,0.02236947428348123184660423,0.4702584036265036737667344
-0.002147585165756789836455365,0.02577976989164243795671361,0.4705309273305829931288713
0.0007291983892008670848847163,0.02381548402653575063903091,0.4730572734463053818920741
-0.001444761113734289916660236,0.02620437564844909153483066,0.4698048964143165528994928
-0.003414039150968539541863844,0.02791415938965056270371079,0.4724099048931958422237187
-0.00151199043224800187996959,0.03036223886884262604390905,0.4757208141922520394651031
-0.002955330436167992718549113,0.03863607989839862311143293,0.4712104752296816800871682
-0.002239993746331150979017588,0.02716919931472538962680119,0.4752632381000274630622471
-0.005067203281880369898637628,0.02798600381136124790049102,0.4723954000766480976203354
-0.004055768870761289855708664,0.02894099795906249217303241,0.4730577082475530548144604
-0.004757926800440108287826302,0.02889895126434763664158289,0.4724481398339242521622339
-0.004449269138407424897807552,0.03713617533341034143701265,0.4714377659731860403802273
-0.003911912681123425050699893,0.02919546329665293621369315,0.4746654054253723886702687
-0.005301425735528948746111411,0.0313052464050105685999803,0.4749815481397219874004634
-0.003994276830568983110980597,0.03165842005667210412589441,0.474148148043066874901541
-0.001040310977909457857554232,0.02847782627055505527691182,0.4755047088479819605844057
-0.003274332370208730882271686,0.03846001233627331650222203,0.4726975433476406918131829
-0.001258048057371153292949284,0.03262328390338739558806935,0.4775198982327716334950196
0.001495283373788118107955425,0.03720844657256353049668007,0.4732657160436959942195756
-0.002570985378560414376380994,0.03205504280582530118870466,0.4752351820142305949268291
-0.0004484358450810662266756979,0.03413129948101877725319397,0.4757930904943920014105174
-0.0007855087236779517397347594,0.02985780491101727371350272,0.4740667392863716078643677
0.002765153416881578965491606,0.02915847883002436677357672,0.4782257169911886540702994
-0.002103315694486805002144658,0.04333524035599954637998366,0.4778561698049600958704275
0.001762863414376794092552903,0.02924973484699229173133794,0.4757833195465808739932356
0.002784481172585720996914826,0.03240929652443694242158756,0.4789604951209620042895665
0.002084538781185052772060295,0.03778351482079214673781564,0.4741068892732800965639228
0.005303100184316390970640231,0.03538041411113614781447367,0.4724029144645012223691083
0.006976485657547053416405181,0.0329059317112556024009784,0.4706080010050080475458856
0.004872787403843009332304881,0.02560913806347281732045396,0.476462063237740429677558
0.005055062819626985129439767,0.02041268278711807007685941,0.4780902874369351573946574
0.00421082589210517842931436,0.02180556954948640810409977,0.4759265501548318177960084
0.005419497360263265950397482,0.02042206483966788402306669,0.4780975253335820185363048
0.003575044688254821502459979,0.0196825785991367394056617,0.4805765342255407523985866
0.001279861850512340869928662,0.0192450231329505914990019,0.4809376786294721761727544
-0.0004626857640632742445924164,0.02279458482933347310273042,0.4845744344118321778047687
0.001590201313655260472595954,0.02257110619398837794702395,0.4764258185013028334964247
0.0001690964433338903050857427,0.02569315140907477146292592,0.4746406485919775763981932
0.001022242193881945466690797,0.02777017060015297966746317,0.4742696067842667728697847
0.002759161866094143010508244,0.01381315171433415874002737,0.4786107684024632491492923
-0.001111779044178751608279443,0.01538151711091200087022646,0.4730530552092597207369806
-0.00053957463720888398667902,0.01386858452989088094642334,0.4775681049631917973741224
-0.0007996505817385327280835683,0.01370138479852750501564174,0.4786028156202400962726529
-0.001632048193775677670872004,0.01346223011133851864273847,0.4772750045599170043431059
3.808911503909225895872287e-06,0.01244714354393369228068966,0.4769305080524586792911634
-0.001728827280079991372124804,0.01623300259081284641071719,0.4771406721733870148760559
-0.002040439493896066200373518,0.01730267825885184462819666,0.476326035021055083085173
0.001116353982800834037866777,0.01615716641105725132065984,0.481238967086191626876257
-0.00139374556309618475094525,0.027109864459214042670121,0.4783487080011903924692263
-0.003950102116455444720144463,0.02123720172353796634134859,0.4802092554061452300828705
-0.002437976810159180746095942,0.03079214800224186823762729,0.4786181905007143022601213
-0.005242496273552756970437461,0.02727232147759222485872144,0.4807273192258468275106509
0.00192112462007792928961325,0.0204666041795146871895561,0.4839591013524817131319367
-0.004375019785553560525137584,0.02842828521008233799705067,0.4847879598920011856577617
-0.004475993394058167332283382,0.02514794933313143146524915,0.4805641693216529675147797
-0.004129529491369223793972854,0.02227458943939054913929709,0.4787940538713508220602932
-0.004050511622223783476937076,0.02557233267084409872316186,0.4767977852764913038186023
-0.005359923099169892728166342,0.02051237761567130737927478,0.4752817087147736541119514
-0.00562552320980283689089152,0.02111950549761531029102635,0.4756629214530158078488853
-0.001252908356994725073974006,0.0224936154963244934468225,0.4774375025815441042631448
0.001186199586707505906554849,0.02606006063350537263478834,0.4834652288616412829647118
-0.001298026686431159827314619,0.02729352807759969148926338,0.4818949192054163277454393
-0.00255122523690882573726979,0.02583173403589542060920792,0.4818124682584378759564459
-0.004338507944115045818211929,0.03061713464636044157440864,0.4785792703844275464142299
-0.003083533742806462019797609,0.02336528340847043860861731,0.479537708223055469947127
-0.004855707203707872524067746,0.04356874143234166357752102,0.4778259726115768879495249
-0.004081885918505141243317613,0.0463181384982043614639835,0.4772723789523109494403741
-0.004985635896466865564502502,0.03571480828732120221813418,0.4782115527303221758081975
-0.003916470648962366504775012,0.04338067484388603844980281,0.4745386794730928614605148
-0.002313526477220578369403681,0.03310077225147688845252603,0.4795873022649309591614042
0.0004398361805984267111635511,0.03564803318779331819943224,0.4824670051260889214184147
-0.004309275146059541629350864,0.03414979525349167571723896,0.4779607295120145149525115
-0.0003389887489769978002641937,0.03732634923519944497583012,0.4776764692376486154401505
-0.005233048878159627173567436,0.03882285071195125392140568,0.4739646068882969465185795
-0.003739677599713616285709294,0.0371132625847656327788826,0.473692108578898762871745
-0.005484589744016461938802554,0.03983338117660152610799429,0.4770678754169039303967281
-0.004075024704098598009316401,0.02243447048124078482822519,0.4781199730809518322338647
-0.005544430907927427182313451,0.03759520415404533216774396,0.4755373393801302084327176
-0.006710443335881644509599564,0.01969145511298869485883323,0.4790876940260023197915018
-0.007487519319942563533754054,0.03206722947438168241918177,0.4764969227019752451290913
-0.008691959235333905978149183,0.02677151223115594239065906,0.4757757002612423291587618
-0.01112876718957888678984691,0.02800737452941192209832089,0.4779289284964887696283142
-0.008440340042573499582112539,0.01520205066759916512353357,0.4810223638480527474925452
-0.0120053581226255753205967,0.0124454304766497894640942,0.4812152549584183258701842
-0.01102913305339627697554405,0.01203148243456963507880264,0.4831369814360002568065511
-0.01325947541961647324626483,0.01540301503307405471543401,0.4745513131155117969584012
-0.01195608940021771621209368,0.01314165544398173714191191,0.4739018126699705013571418
-0.01540420484411844474770259,0.008032517574291709108735837,0.4820568191277961878071778
-0.01544123850387748610180072,0.01050893766694952803641971,0.4781608451017999028564986
-0.01341311985416614692423476,0.0183331618736666673852298,0.4737450584060685643272848
-0.01549303889079863862099362,0.005426169336400390834362906,0.4793706443207960132824041
-0.01504315523770618362453533,0.008564996708028033839399384,0.4805778954233604904899835
-0.01322592080875114803339976,0.01250492182078495259633932,0.4704744203410428093903306
-0.01826254221301763097651261,0.01914827695951750591296658,0.4795303688360691429792837
-0.01840438334824544275303282,0.01892763512713770135409419,0.4764284675877933361576311
-0.01621304717464320047093373,0.02193821657642551839484391,0.4810949131902084174861045
-0.01725146844022331510393187,0.02451120667583936776900977,0.4834585202818165727833843
-0.01392364766715934940033428,0.02416326159667178674617105,0.4807436321213188756829027
-0.01441898457257272288256633,0.01439656018787468551300979,0.4791566878175347321544564
-0.01327079124473866562905489,0.0319385682886733704433091,0.4767839311685487246883497
-0.01405616175046337998355561,0.02456906678857946960126135,0.4812810036349566833457914
-0.01247530843655034193950826,0.02388617729547600973538657,0.4815547386731575119078741
-0.0127612528122323203028099,0.02434569681093939896854295,0.4839170239651860438989672
-0.01294300298275323501950851,0.02913651519904662812177065,0.4834770173373481583212197
-0.01274728102330859209889713,0.03155610743388907735162974,0.4825850573903608387027475
-0.01175959689967224011675206,0.03135380277937874909932603,0.4884477961071801432879624
-0.007412989895006602721061473,0.03500340917416437658271633,0.478850316017213617492132
-0.006435721921626019574602662,0.0261256635935810839488358,0.4849193942015167513304164
-0.006690730386666040099830077,0.03288207865626314313489686,0.479275076819650036608067
-0.005251518887605823200648292,0.03082190688822486826503599,0.4804988270181227982824623
-0.006817362873702399045372502,0.03659674559154427186946634,0.4814999616636478352305062
-0.006830492698307872971585919,0.03205812837272697252144482,0.4829454762957242630605492
-0.008616964908554883631475185,0.03091505576917398176450824,0.4878662002452541779362605
-0.008298036007444779121877687,0.02521521917796104919617939,0.4852493067462394504829604
-0.009527306803006460947380596,0.02782990405369898875842516,0.4838446372881450296965511
-0.007172647687411094936937861,0.0274411778128499060647183,0.4910560335742118476254348
-0.0117753246224232364230966,0.02782013907414705028431356,0.4840233051507907280353038
-0.01057549897425505425196945,0.02594378498364392077180085,0.4843523807492947086394963
-0.009931873581260785080471187,0.02321340926313769301159162,0.4792850558369813884773691
-0.01413616035673843050746168,0.02744211966121378951100063,0.481106697728639731703737
-0.01462895724840519717790954,0.02688327921037917886404323,0.4805751056716468516682994
-0.01416176358905306062463403,0.01989590770465005445388762,0.4774604637104884474751998
-0.01819268791473880111930761,0.02025901500044745631723409,0.4864904927780334120690497
-0.01747809941217505838584323,0.02348849317397108671379158,0.4808514183108649753251029
-0.01427726195928926723743846,0.01108578428100610684114979,0.4784192284559653507436394
-0.01385087265906639018842039,0.01135214473644543739516699,0.479204889818362733677759
-0.01282117020585269752397384,0.009019923863846328673798958,0.4883810286473947437357879
-0.01419660563744885167780652,0.005204710383176865649834664,0.4858700838363563256905309
-0.01446033528320287732393812,0.004433694450729930118526578,0.4866407140908269868262437
-0.01328288162308560206581465,0.01086990099838644648067021,0.4905356300043939854482744
-0.0130485947003947874711649,-0.0006822681134113526635678881,0.4894359058920859095742628
-0.01592683588482633055827264,0.01001801126815486837895453,0.4888301157646489092378772
-0.01163554489114967602225725,0.008621408601244695199539159,0.4882650394408566962844986
-0.01244554199994620490021813,0.005063837384237513186691082,0.486778096573770857613539
-0.01149737515099767681814313,0.005091754434334593015787362,0.4847005949361395948926656
-0.01315082852661144524608616,0.02247712369975981769321116,0.4832392240516219517054708
-0.01245586015739396333612543,0.01593625591492155504913519,0.4796740352134616913737375
-0.0137966177049132013299193,0.01224847326971283123508982,0.4807097191697436988633285
-0.01324502504914032950666947,0.01174735848730125604977292,0.481787793984939483049601
-0.01487476988606142164206503,0.01343962121125124101195247,0.4826046625013640789525482
-0.01382919061123372844734902,0.008654725557647274108985513,0.4852565482835152765872522
-0.01736652356898843799215548,0.009160942727370046181900598,0.4835235912280926307005302
-0.01530740422812969063481869,0.01256307771630360212156141,0.4858512690664343880442289
-0.01954657457956179150704301,0.02141727535686665379044413,0.4896090552541032536737475
-0.01805578703592610259609508,0.02598256887697658959468505,0.48423951314967272896439
-0.02111161511590602460342048,0.02893164505591513252502622,0.4811261455472853887371798
-0.02127051556181810965107104,0.02661054434491783027283418,0.4813584024961495844152637
-0.01976626396439580893304999,0.02355861606324971199710738,0.4840577576405242221646574
-0.020285781457860595916598,0.018267854124853211139623,0.4865754500890637768151237
-0.0193988626560600424530989,0.0126488720888166452510637,0.487296495162601761563792
-0.01827102149432523192640332,0.01630036995106868419336266,0.4877130759705760043587475
-0.01623507595101438688578455,0.01531325806880918377617107,0.4859873821273424931987961
-0.01580186663571509636527779,0.01443382360823314107534099,0.4869608281827392803897681
-0.01077332907747410861709625,0.009319440190067106166704747,0.4879079190485267059074204
-0.01330492994240408885509019,0.006249459840100434274146046,0.4848411182167901567474644
-0.01398654242043742730594591,0.01384925929987155211742245,0.4844167582433340224490337
-0.01756495684284009248243841,0.01258672286314728439027277,0.4812910751177921775401103
-0.01596889147073097398044084,0.01733911978552759441951636,0.4877967402188924106454238
-0.01531715223613508078392975,0.01642164145065812611012923,0.4880290934694194171505899
-0.01328282461426930939618618,0.02283307401129007485618416,0.4842389177426142943261311
-0.014106965333905759768518,0.02382325740206531899945119,0.4852490859720528515452997
-0.01328776189502205683223846,0.02241441183632150724314158,0.4850646942924075610825696
-0.0132354754075791995748812,0.02321508969220013179901585,0.4852376146507257348439168
-0.014235716081633938145945,0.01473677517465932056139888,0.4871313871959339625306029
-0.0168740872993061001572368,0.01548006798924215013379957,0.4869443822113953546093512
-0.02163706308304703604394881,0.01525152191532128109763278,0.4843286129997878552977397
-0.01922510147920574938296134,0.02418163986197912132536381,0.487128699423210909102977
-0.02450054469747156571379776,0.02479830607575913420381752,0.4913746140635611991953624
-0.02168801307582531728845865,0.02437125499399504097164382,0.4841298558934766793626636
-0.02233892752328938205441666,0.02485838166718613503891611,0.4867147743171054696809108
-0.02067615237273634845593939,0.01671427601527240500156601,0.4879363878527545606011984
-0.02061330111657382752055057,0.01737861898115580436274819,0.4941519920017664047051653
-0.0231914602621914843483264,0.01969133360448527964026155,0.4891500780563905470543773
-0.0252069236149712744277096,0.02203041025599739369256191,0.4914643706264441025410861
-0.02284575526808643036735802,0.02083112327110657469031452,0.4885603177551993692162569
-0.01808768968493330159263976,0.02408814064622606318510911,0.4956567360302197577937022
-0.01793031391447957173523875,0.02308034230524780988647038,0.485438439540671673455563
-0.01911706746942292561852739,0.02746020348666958904582103,0.4883159080612165525714374
-0.01521825097184038161346464,0.02473745147928379725654757,0.4950956797479061921585242
-0.01406391335677514668744958,0.02083881546230414993914337,0.4914064723199537132458659
-0.01607160670905037960776163,0.0231305273112666597012943,0.4896823822755825283969955
-0.01522164186004537449192764,0.02510594138416785345291338,0.4920918034338696567253635
-0.01453677366782950113044404,0.03047479266300263250899505,0.488933511046454660764482
-0.01376572151011077813076433,0.02820715865100138428078758,0.4848562775037266736610775
-0.01480162952434780666843839,0.02148825608359434397032217,0.4892506662019208141245485
-0.01605362551011826205416,0.02926546748082282239922236,0.4937883515593156080747406
-0.01292944603523620179796882,0.03291548510145907852075808,0.4879504156771520828606015
-0.01030337259066106334048918,0.02379867819669554893091679,0.4894080184635453134589511
-0.008021249284359243877928769,0.02344529434685194146936738,0.4897501478777604999592654
-0.007858698341552280280941645,0.02385188826834483064032177,0.4898684276975402429599171
-0.00937884976043959830982466,0.02686084008057367661370662,0.4871984323765046753784702
-0.003852429946653884718088534,0.03186743203899285170610511,0.4859336892167857024915634
-0.003312336936631743011111295,0.02276328978796191004896343,0.4869689081207682068708209
-0.004599151021012926748854355,0.02482163236565278555123548,0.4899159158257497814759063
-0.003592058273476714334165871,0.02382866114416264113895494,0.490551920642606720246448
-0.008678711618442766159708945,0.02973659710043740495022391,0.4927315289895634609074193
-0.006899534739878437732130134,0.02704490712538344665549772,0.4929208630701159554732271
-0.007840864064089224719222848,0.02473603048737433793280438,0.4930554751880646957573617
-0.009760517483221741938392846,0.0242512021537981264929229,0.4925543727956448458726868
-0.01115682452537836502615143,0.02390507859748645588804372,0.4907339216603048837050949
-0.01305758417829554728084585,0.02375216087550449314824697,0.4891547757235642501782991
-0.01837592983809648375381762,0.02767147141306348576139662,0.4899733696681317640653219
-0.01804175787575636874526808,0.02368528676480126729519959,0.4906947147584744817194746
-0.01769272476454979495241737,0.02227743877403239383672151,0.4877947125490819102466844
-0.01516270252664205994697078,0.03501936492029786296420468,0.4912059052375496448483716
-0.01271322356588664229115615,0.02387986240234617890676461,0.4949722589805332084722522
-0.01276105214119658583238337,0.02749220058770249219826098,0.4942807114215343466945285
-0.01322504795645117192659512,0.02562340245749156544818881,0.4937642550590154999490267
-0.01421146637021852149329604,0.03464093203068813880962651,0.4872770404752031492279229
-0.01311355261138544454901922,0.03589458602258956826380754,0.4867587968794347963452651
-0.01126335262987296706449492,0.02225342601690194488384122,0.4892827889912779171233126
-0.01483710925125479238029236,0.02782260797982456790311545,0.4885604589551928444990381
-0.01386345290320139742035188,0.03654643622195859892221037,0.4859317217128328869613085
-0.01490767243239754340222714,0.03579397426318642327913722,0.4889006549034911053297492
-0.01441812339947969728859434,0.02719290913518348368205224,0.4921214804329464009846618
-0.01568740779759893524958336,0.0344813792247547004632402,0.4871944450340683907541006
-0.01613830067274503801688645,0.02658603812097505569855826,0.4910112690996398243648002
-0.01561044147818608889000114,0.02509099418570385001125977,0.4858292287805092146690811
-0.01612478576264303811726997,0.02401762553914293940593438,0.4961161348993396447148996
-0.01727631549905920063658904,0.02336795912451461454395485,0.4950847718897587457220766
-0.02136495989930422764735418,0.02493037731081054753090598,0.4886437479450936316460741
-0.02014061445043981504743336,0.02455474923862167521693145,0.4944026634132102082652693
-0.02373168209850876758659766,0.01646560529608413411817303,0.4931269498017105679110728
-0.02307950352554638540070187,0.01814601113323343478667127,0.492119916854871053413234
-0.02318029340702481080893627,0.02861810231456576175679274,0.489088951673758542959547
-0.02306620580739158696270685,0.02397175238713176656513149,0.4889903639458622053304282
-0.02179339927461804507502485,0.01295351751650766249090996,0.4922593552791645343802429
-0.02426013540659357689555087,0.01396631648290346666696493,0.4901587419208380258517366
-0.02332293525496695330012642,0.01054032040626795389826054,0.4924178321107593458982876
-0.02245860345472406108258134,0.01395502949406826447009689,0.4931755753406996678478436
-0.01961566607779436158254249,0.0164386128676030120188134,0.4936706267812040471731905
-0.02212622550006951294143676,0.01908688859226679787606251,0.4871615016408378240342358
-0.01980688498685380383168564,0.01780138468265988344052531,0.4841575834013219226115154
-0.02279272156113998706872259,0.02951261381385196155835438,0.487286930241357052473461
-0.01802973291426313018348537,0.01688835519502998247509673,0.4874674335659779367269095
-0.01901509455760634625942629,0.01335076974800188630287945,0.4937921898120781194485573
-0.02059823521309422922342947,0.01423481301828709820467278,0.4904399845856865503002098
-0.01693948694156619319550749,0.01502564294757719950967889,0.4956428913693634030757096
-0.01912563951816654075899216,0.01964411787587506952323935,0.4931012185655912483106533
-0.01805909467589926833963609,0.02277010656379876291088848,0.4960866819756242218630859
-0.01643238832789287173774539,0.02391876472296494346436724,0.4955119561530723082398708
-0.01576949224148013403712376,0.02311580529837695477390902,0.496816671595015746376589
-0.01613729132719890838054688,0.02244897892778633871624372,0.4915846003902805128049636
-0.01502891046771115228508631,0.03567675969591826284910141,0.4904932350553491970934772
-0.01525494215082117722970256,0.03232627899899745416156804,0.4931805565677152003445372
-0.01441488147357052398978006,0.03023735925290311349344918,0.4918829853942094376684224
-0.01352518411903703109133712,0.02782183873634291176868416,0.4955742810965291234026608
-0.01459244238777398887385583,0.03920355038403860320483929,0.4940492708713102865125677
-0.01635489644920758156576568,0.03464617449637300700127085,0.4957591568547729532490109
-0.01507303165153195401160247,0.02750579243825666472811342,0.4962266697715370655785705
-0.01380498428777387001642474,0.02954098881969465309471623,0.4957913738871579378830745
-0.01466007137667314601248147,0.02867058297131044874994643,0.4942414921203502897739668
-0.0152519332143856642391988,0.02702251712277186843080834,0.4931547937243488388681101
-0.01572817571219204194066243,0.02743608255353753924699056,0.4936179002684996097727321
-0.01600619874777388026987346,0.029602188733393448166753,0.4953313199218647433497154
-0.0137153007096000433689964,0.02716044921758233726682974,0.4932701051935861058517219
-0.01162935205611503354516945,0.02821198360702699761692891,0.5007803415239263644664902
-0.01768853800473350890154478,0.02908141695458222458769981,0.4971562818972761754743317
-0.02039938575314998586707205,0.03946645241952233262860972,0.4925156809625335641023014
-0.01681225664718686077514498,0.03419961159799302097272999,0.4908998504676442831140548
-0.01797864347165091872260412,0.02733571612670944450673716,0.4985669234719307674197353
-0.01737654352780318781079849,0.02981696127539750287849252,0.4970876887502884700076322
-0.008526124529397832371713228,0.02191337339661055330641837,0.4956994355250293193826394
-0.00892215328237648021281192,0.02056015676110800952103297,0.494746979058330260681231
-0.009384221526555484860221412,0.02279754342029213093345774,0.4906854953974289501594797
-0.006877030148327452005463378,0.02713072468965290265363599,0.4896228768980127044052608
-0.007257735561026591904199012,0.01994967892923507277180839,0.4953395569046583624128743
-0.007654430434240313239901976,0.02499741091828712111211352,0.4969626898997331898577556
-0.00984483837489290997124769,0.0370078702463850911508203,0.4953639993793048090786613
-0.01015337388996516258810043,0.03511305893425051977141393,0.4945590871327881776764457
-0.009352548793630125617548643,0.03781241158527736540007069,0.4915006980047464391070378
-0.008047286694025292813625683,0.02923323887781499597071644,0.4943685217735991344056856
-0.007076649518374346012339338,0.03077113592302840525127827,0.4939327252672330303973069
-0.006756945058817667194850376,0.03234290617304604043003025,0.4895909505733311850583789
-0.008584096507468315026545547,0.01613229619557182345501722,0.4925332258999126078258257
-0.0106275845910389025311682,0.01956618828985281360877124,0.4914727830773898964444868
-0.009939856859427049010080601,0.03134843103158799215712804,0.4930661474504429153675744
-0.012761359556706087375888,0.02425510457999697708220133,0.4928410800510515943351209
-0.01255188969414918268019399,0.0333894071989504423458861,0.4919392943866839340572028
-0.01339904810984542810059494,0.03347930955048351170377785,0.491661581612859943657412
-0.01071009325895421263052931,0.02990059804909919391469053,0.49135655472996386805562
-0.01268884222790463318919496,0.02356101482381485479056238,0.4932983515484552494712034
-0.01320183150519294197622333,0.02094332117146930141715622,0.4944037370620819049626959
-0.01453452991398195351391287,0.02683513948039900273712099,0.495758902620727692767133
-0.01177681036554864557608369,0.0234761650158321379111559,0.4896139870923671422175971
-0.01422375583280370212047039,0.01935544397243927836060884,0.4938849723695344362539572
-0.01859668422482933097805713,0.02449353456005618975832583,0.4935620479580796748919624
-0.01447557134114230668886503,0.03177922978950777077589152,0.4915449507280823526755853
-0.02223108119609448068976221,0.02734981425541936628231809,0.4927016010222038389088084
-0.01593362637014257912615456,0.02299539670315245420972872,0.494087099094317083736172
-0.0165273942538356304055025,0.03558356548350696119120684,0.4900563488718923110809556
-0.01781129404365623669637131,0.03305844396093125803215429,0.4946043576461745527872438
-0.01825096347427725834711154,0.02872561847479726190868199,0.4919701574716138781084851
-0.01950545086913052159061088,0.024164157551948291235977,0.488795259523355674069478
-0.01578890809529498104324396,0.0259308387669959991561619,0.4923221777208656724234004
-0.01709244380457904111114686,0.02837029664423043606724661,0.4952570971313314251993631
-0.01465638034182406221339612,0.03105895853765602496188158,0.4950569234682750119347361
-0.0149645386832133742149864,0.03269580528770241883984582,0.4978573210071877142013363
-0.01254975965296485120037406,0.02475482239220611405117189,0.4929298948259458468257321
-0.01510154591819615720049708,0.02899970001199071376052352,0.4915822464315155460035101
-0.01347444758146591065051112,0.03116378106514538365301448,0.491457856318044339349882
-0.01091014216967998648466498,0.02406363055621862923061371,0.4900778128847660397582331
-0.01173722087045178837094728,0.02294825441819550032596098,0.4897435621848390541188678
-0.013179785019683826902126,0.03539035885124186542327607,0.4878110033583269444790176
-0.01229948547125364957666172,0.03329543672575289992021652,0.4956641833329608615166251
-0.01023767011947007699035339,0.02519625998984854897688734,0.4923328020528057180627002
-0.01313068575006176921804446,0.03195956767793751290840376,0.4955639891261264251554053
-0.01306974374436231135787612,0.04125112567447961064992512,0.4903978548957365624083593
-0.007885036755676365013978391,0.02611833033987503299711008,0.492562140631990996730849
-0.007388250421702223340314486,0.02730581774769216471532296,0.4904318068944648056906033
-0.009556363544099203202741855,0.03982772222069823342405215,0.4882873770646818933904854
-0.009915045413298035487104087,0.04036711463566999141816538,0.4882411111676817627724745
-0.01185701047666910291911169,0.04020234188158420401970616,0.4898990292366021126468922
-0.01036364422557685058268184,0.02785638532773243927764817,0.4922964801585496541491693
-0.01171002089936904778932902,0.02535611221642632140405027,0.489605147882938185333046
-0.008957029297282152052739335,0.02571789977296411178198099,0.4918584547319902466888664
-0.008300295999089735490827913,0.02746009060483830740984068,0.4870022355210137932068903
-0.008909915018476410528136533,0.02800875076192685039777608,0.4908100030969780314116235
-0.01009204191159863983617839,0.02429555205512945112444889,0.48853557233389544034452
-0.01008552962640323936993614,0.02223091515608811158388747,0.4859570597323059071293017
-0.008178246230711857731043857,0.02427625222079943592690121,0.4861363882601041908060324
-0.01056721238857761570317795,0.03217466702275761231133444,0.4878145022039677702885285
-0.008346502261995484769907527,0.03819880680109789816700783,0.4852318772453601547489654
-0.009582522486958811383517265,0.03868013303144751668938284,0.4877415964549594029620039
-0.006286072811942581932409535,0.02795611892983299387460683,0.490342249906828675509729
-0.005992250083212557684730903,0.03276441481574620534500397,0.4819259434048642209980073
-0.008195399296903948388459682,0.03023631336320206641765651,0.4864255723820750110242273
-0.00736661659890988206739193,0.04340009416680049719738932,0.4846929730609471076441253
-0.005716483006037931073606284,0.04125018597909925477384974,0.4870114967582066523021922
-0.006909909962719084676463499,0.04116816872160573154149077,0.4836261494949085637529151
-0.005883751056736200371610757,0.04579754860039574049235256,0.481497085414367365086008
-0.006169095914267884797621555,0.04320006062344960984233921,0.4806559683448308195607979
-0.003336237961025434288486746,0.03606582420542314010303286,0.4879598468737889049862133
-0.007629775217888748808925392,0.03653299148257269091111255,0.4828710392978231014105006
-0.006703535919207768110916756,0.03594805563575841078627349,0.4847264598569304694386517
-0.01070020811590443807204132,0.05516665483308534623230202,0.484035322335166329210665
-0.009919707416443369202285751,0.04975881348415452098965517,0.4839154643460981120028919
-0.01079774418838031976863867,0.05294728504622405601542923,0.4851115618704590071175176
-0.008755674005972638798689367,0.04443188907091702444240866,0.4869225808258622056889919
-0.01025373908965897078171547,0.04042993817096511566244743,0.4865604471901528449429009
-0.01155562714186880723943318,0.05236549192489801246574999,0.4842535413284383971621594
-0.01039599494226727850743064,0.04143035111377212087457877,0.4849508497751739977132956
-0.009666784672378907206091725,0.03557924963014528346727516,0.4836270189331987046088557
-0.01114129940999365742104743,0.04917523688694464684134644,0.479524485583488424556009
-0.008964483630839742075990806,0.04703723295001056153852304,0.479403061354791992787483
-0.009621117373551018453481376,0.04650394524242965760274515,0.4815671988493903099559645
-0.008488792015546005667592233,0.04657111559918674509317427,0.4821205175192413983076278
-0.007191606187541115143002646,0.03046869798912348742403466,0.4805698111691096285902347
-0.005487542208943793457798233,0.04413100355701466553925982,0.4803940941536664621658304
-0.007744826317609746456349651,0.0437150538062997251476105,0.4802460079447375962402589
-0.005655428261408450112124324,0.03922300032887734294595461,0.4789203647212014192113827
-0.009031295914527474530397733,0.04482716544647197265405225,0.4818283212750590904782655
-0.009459900358682745216687415,0.04223213083002196055470989,0.4801597751901877653146755
-0.009161436996252337802704169,0.03978027973053576554773869,0.4779927380279178628086356
-0.01227694008961115711142664,0.04244098178718352237792644,0.4813548911001775398865732
-0.0132338049518362175366315,0.02711394854144223362513166,0.4817775189431652282934238
-0.01253238228753212300803366,0.02575860994099624795561354,0.4799585087648047809771867
-0.01392679407345580148980257,0.03863000143089526106088272,0.4801513671475099442886858
-0.01531202699036605767435315,0.02505427948253812625578618,0.4806323524028023319587533
-0.01321203042061016436070631,0.0216310604084941002223097,0.4818946629025024908088426
-0.01367553103540611499078228,0.0162700315354171592963084,0.4823477526036061280301226
-0.01258082314325953930678192,0.01341568739916671956780014,0.481633771737987770311662
-0.01208652475003425645627697,0.01240599253025905998604195,0.4812288072307915887115826
-0.0124307712260620668170974,0.01231191777925628137724257,0.4810797900049839648239924
-0.01243896778796588220572517,0.01486500205417680235686628,0.4803260958738262975664668
-0.01300075958549107117689925,0.009857618957886673041746128,0.4789210537951938406742158
-0.01299163639672897344046198,0.01310771495271387601655455,0.4825195742865337478200161
-0.01284845017477031711705671,0.01015301319996690480873536,0.4811030999204735092433793
-0.01110973028049159518071409,0.01166093653874982968843277,0.4799722223511826979525097
-0.01517336448846082902486287,0.01047775276334839307523783,0.480710414279165665352167
-0.01184084548171920013570624,0.009254401489168491076742207,0.4822855069395355354089361
-0.01410518792430868161014157,0.00890357754290198658009281,0.4836354994352413116942557
-0.01353940581650103433530852,0.006731542455790464479781221,0.4791143106549241581504361
-0.01540731155842830525648512,0.01168781273921639003721129,0.4835028146774000279428662
-0.01345575207056652622394921,0.01607250409931956433573497,0.4830598296297200500148961
-0.008929541838899338057622401,0.01797995151687234102744206,0.4768932026500791176992777
-0.009602854354076786197458304,0.01327089932013513114139602,0.4786332539004142794247798
-0.01190430183536737504534919,0.01820782110247737978214744,0.4806796117769181475587459
-0.007234075799449632762638807,0.03310589234898842631027449,0.4757937358212476763874577
-0.004636920535498190165668575,0.01784213997364605605588928,0.4772160398052087137976685
-0.005286187590385223698807859,0.01459539753961661655290438,0.4769397935523611020691703
-0.004373909874061043638604485,0.01981857160580436164054596,0.4734368136742123089888423
-0.004067846475233058596565616,0.01788559996762116230395456,0.4748508036865899950562664
-0.002460296353044303697965578,0.01919799744142282327263871,0.4753784347133273024965661
8.701013816914364288387235e-05,0.02008979106931360614218818,0.4756548646606645336376573
0.004381733114517455916769872,0.02186489377932550673411249,0.4803025966807772939581866
0.0003282389640172016340331773,0.0319329304423236759458149,0.474299637565937126648663
-0.0009931292621657838038534694,0.02690785004033504831943979,0.4755733737983947051475297
0.0008367675023205809435589142,0.02724195584953906582037497,0.4753165470391033098351841
-0.0002750980227208437486202675,0.02810005307025272361376445,0.4777733717908606014823647
0.001293805970223386309081448,0.03538369664536436531854235,0.4710905232639005513206598
0.003959701661995562900486778,0.02549002973629228840923844,0.4774899025702621924160951
0.002502225318980256119766326,0.02766367137372265777583991,0.4749679632296655573675537
0.000713421298716294212047262,0.02810460126388369603289696,0.473763357079922342585121
-0.003485246563761667127484545,0.02768532287822737802951423,0.4719034717360298669674989
-0.002855035079111234181531431,0.03091570593497984173469995,0.4705363441983028138793088
-0.002324825966819269590368791,0.02885973412562303080930448,0.4730903743647266734839718
-0.003475319366106109555264458,0.04202165048543091141475259,0.4718056162712672141346104
-0.0007113508239115461095902759,0.02903253734066865363039334,0.4747342103632209431296474
-0.00278366074136108046510607,0.03040728834580232534112731,0.4735843521682472911926709
-0.005478948167292473254985641,0.04088067186167620298276049,0.4717046325632874848032827
-0.005335433673536400800418988,0.03142465689954870161626488,0.4739987759693412017192315
-0.005977834592083895379199809,0.03489095723776399621263167,0.4748659449780444630206944
-0.008120229448283614731574076,0.03206694760033018676281813,0.4722292347318463590077897
-0.007143851290764518038867159,0.03673992911854045972930294,0.4793221306319738195256264
-0.008570306134494007702095963,0.0329614220358365045404625,0.4755254051791700242723948
-0.008923176736566128947059084,0.03177479471729645343902604,0.4738153632559212180552777
-0.008065103253130005353521703,0.03037915647272745531259908,0.4739725909041284102052316
-0.008699767704194743059287198,0.0318553910820174035478658,0.4746997864381985454684809
-0.01041206362256771184027215,0.03224235504004913793751896,0.471929399219776557483641
-0.01255821701496918040008577,0.03548739257971186139561937,0.4744980348979037643175616
-0.01281612773879095036611009,0.03534002437511342409326431,0.4733753202670382687067274
-0.01151205198929986135703007,0.03757611709608936478854702,0.4721073455770936067033006
-0.0121782432979161900354903,0.03792527542245390653752324,0.4717641973826486312404427
-0.01169037545875483037616238,0.03465108465277969701512362,0.4706482118447026241625508
-0.009400433888941893759150226,0.03769108946840085683227528,0.4709454035931537885240061
-0.008954262628696153455964968,0.03807865910026467931581706,0.4700259712940532685898631
-0.007726164853978940288969923,0.03877986163218356818749299,0.4686141175276254400294818
-0.005568983564016115501982274,0.04067460819749250944266095,0.4766087549070540663187501
-0.003801932955444227262009615,0.04145928322887520306450071,0.4648936307288051295039111
-0.005736988114458144508156501,0.03963818960050385920013127,0.4650844606028770589212229
-0.005976405240316457444238463,0.03991654888967269276811578,0.4755106414261792702191656
-0.004637150176045492025456163,0.03732227830885535835303557,0.4711263725578270777916146
-0.005277552306726663623737128,0.03360204754635171681131922,0.4663563597983139685787535
-0.003455700186122147125888926,0.03127579574909183923736578,0.4669823932602320537554874
-0.002861122656792211994131181,0.02846370269171198327806671,0.4697660360797259460063913
-0.005251276216904427612819362,0.03051299785082005680547645,0.4675564503901972757127226
-0.003537963816139249369902009,0.03052263050900743540649884,0.4677420085304184738106414
-0.004546906164547028644795645,0.02785742933676452204316831,0.4659104504601488394577302
-0.005702455057021211907997138,0.02594762047185784209490933,0.4671136906342403527503393
-0.005115053680393578765250862,0.02661194267347075786966926,0.4657766489403759591070298
-0.005829962670501781865639579,0.02395437353911072930756632,0.4649785191096563741197656
-0.003308230237784504437770217,0.02307543470957926223796619,0.4681543192739481273889623
-0.003737035969562567481322413,0.02124210459370823658731275,0.4663036539764103816096963
-0.007244224138958883958683277,0.02243871323299437975373749,0.4634231557800970735527812
-0.004780899058496873056667287,0.02227084572064618600562014,0.4655844738530297011180892
-0.006419614243396639351180166,0.0217868106015720042201167,0.464402246482362890400708
-0.006123758816713412156396146,0.03425592400353386773881326,0.4681792408214223710771762
-0.004487003383237493647772709,0.02483836258796600499065832,0.4657291895095176936791859
-0.005384394952948188921293404,0.02430019781115803564897071,0.4685566443159846494737053
-0.009934677172864048860789765,0.02846830079823775908054451,0.4671852048944396540441915
-0.01119686113878897056050921,0.04285414283707277699475569,0.4632543942127500535832496
-0.009972316592619700006960848,0.04169909544175025989387606,0.4637876130049797818166724
-0.01074666345446546877884231,0.0417937605372975598538865,0.4597120729628501045738176
-0.01167433686435782359824831,0.04174054897906166045062903,0.4581318603759155783095025
-0.01024560816566908762192956,0.0300715055954517765379741,0.4637789814819018308078569
-0.01092249007072607601409597,0.03402026054146650019260889,0.46667553888034141174046
-0.01431524882971670596665259,0.04488958753086319530822834,0.4615853461249732059279438
-0.01824228466811161561422772,0.05510804321590254128970798,0.4671460311088289074632485
-0.01689724098487023484782554,0.05010962031969051072577415,0.4667863854415144619913747
-0.0173000866989692289599212,0.04654087324159113248089881,0.4698271076918653643694768
-0.0184550895117365602871029,0.05743023160675454069634682,0.4665069627146187780653008
-0.01969134652115036090980205,0.05656526012913166284734601,0.4633923853792095703951759
-0.01724192928748545169947981,0.05342457735557141346172116,0.4630655318519238394792126
-0.01527631592039140409622355,0.05004894641713868858046155,0.4684670571921319970343234
-0.01440334296046630324639182,0.04885308812425517843713862,0.4703146116642207275049259
-0.01531135447967975175831423,0.05548841166172452377125524,0.4692279735331291168343171
-0.01682540814857804920001705,0.057990015640247194461665,0.4628152876697697593044722
-0.01500843559204896419945197,0.0587884871880659035103811,0.4688042887707074557468445
-0.01262668873741009008260239,0.05208003058644994354153823,0.4680237947853111979412688
-0.0140987628927580384285978,0.05165360529177628196029204,0.4628978769929267267357886
-0.01220195070538516481095659,0.05265840407573779691219329,0.4636884031855902366103805
-0.01052423791833334218437379,0.0503034958699259751591093,0.4637692678447028482580095
-0.008179315925246313095930972,0.03428542526555603681126527,0.4669573424831766628173568
-0.008914572387260850938606183,0.04670666093355818615506792,0.4624160761457534740692665
-0.009232692930482599633079666,0.04481001659464924069542491,0.4626679316086380056027849
-0.008112865533461835823580977,0.04010543183681255369199548,0.464095441886642035012045
-0.00552925628166854414569098,0.03343578288496217021386059,0.4633597381985694596551184
-0.005833705789311185649359537,0.02935075941227500984087584,0.4636667970888917467142676
-0.007236188467448890528077587,0.03267171522074427403303787,0.4640362422896484595469246
-0.007670785187062103063770913,0.03257184502328483444166807,0.4663485765968974905426592
-0.008979448553743227603995969,0.03170722557496637172835818,0.4628619528735477550718258
-0.009404914972522156885181843,0.03265920725033075178167508,0.4637390957209556185958377
-0.01178889500389029669491503,0.02391708243078759232869146,0.469752763799141603850984
-0.01202530300002415362958796,0.0271671817620600559994859,0.4694424941480115354153213
-0.01297696967301471306088789,0.01538837631851941965821506,0.4661054549262685364752201
-0.01154419036303128143217123,0.01707621799657417852036367,0.4667528643060590565205814
-0.01106235695831600529537297,0.0228169727973605920845479,0.4620014942727233564490064
-0.01152683920309229871625778,0.01483513375638993193883497,0.4674729820640653454866253
-0.0124484377711603071831048,0.02616679376426121403365066,0.4619186516591418656396684
-0.01385666809939828901521164,0.0222297311034332888135534,0.458442102926492733860897
-0.0129648335452968513359373,0.01899005825008337824955085,0.4626914863067154715103868
-0.01307016680944902801975172,0.01818120549275620279061627,0.462025424566470499510018
-0.008300681137751479352071549,0.01489483440413980237793101,0.4694705334576196875673304
-0.01409166558660069137887128,0.01653607911775180697167009,0.4645819915897232421642116
-0.01613515312831921913461208,0.0282490666049979854967944,0.4658920458185271673556826
-0.01593665635682777609316574,0.02740638673701539795857229,0.4654006854141368720867433
-0.01510337872731504910150946,0.02891859203712527845442359,0.4637528083998192496295587
-0.01590733583730539676959204,0.02860708761785153361745238,0.4670408669167998017002219
-0.01318018612661357898130365,0.02954902615404562948864253,0.463372120919644359116063
-0.01307608750252070226038903,0.02444466975926311638755983,0.4590228219959699984542567
-0.01077552089631077410214477,0.0165594322974714838747623,0.4677904112208832732022756
-0.01444661098680839056429548,0.02755835551519200676828802,0.4681061614948758831111775
-0.01405588978188368476374137,0.01637042583049701238717688,0.4664729520785398930726728
-0.01162169631248216768171222,0.01676217419396500152295459,0.4668913754679134830993803
-0.01663726993359832678764931,0.0217691116429543952970338,0.4626458405658189776410438
-0.009639285436428403006092758,0.01703861792803433236609401,0.4667046313896871523319021
-0.01010264283394406853444636,0.03077942797672648944651286,0.4637839583638893592443253
-0.009928045734789101017803148,0.03068934665838753128586092,0.464417171797011807399258
-0.007191510158264450940091006,0.02826756215089697155118387,0.4638605368903695458371317
-0.006666674918258748590293994,0.0300309580190627860296626,0.4631298708857614632172783
-0.007484188971397871988078254,0.02767433861306039383221034,0.4609424601925238285105024
-0.004022201416889914504793069,0.03099231032507071548209865,0.4633183270496714079023093
-0.004205356108939847965821901,0.02069657539891651618080282,0.4650273680213281579653994
-0.001655558572212812188870212,0.01651609897523894504578479,0.4676701478169445480581601
-0.002424976113622935407210246,0.02886852284550040295685314,0.4634547004608494114030748
-0.001332508490246978255858168,0.02477875700934575181610953,0.465877690981067738018595
-0.002168395565613389502912511,0.02076308379875886275800489,0.4665447623816696420817607
0.001036858780121337631624501,0.02365561492973432614062013,0.4703262804933726060063748
-0.001128362714515018273842006,0.02753609383787712291957739,0.4707946615673502810395235
-0.002166562815424381577972257,0.03410020222893030833466455, 0.4673634169272783966953
-0.001333918854680590966588216,0.03149423418500852528412182,0.4715145714233957563443767
-0.00384756137941035490646069,0.0355350713637690995838625,0.4678849871752787659140438
-0.005351442579449908719391171,0.02589840384533842812531113,0.4671158791852878522377068
-0.002834564019070819930468108,0.02664185668305154089385844,0.4657123580986361477407343
-0.007871166093896906496008015,0.02380885398055836502106963,0.4663314548966810413332951
-0.008390300158261924240443719,0.02302018237330150443598065,0.4680453560153954861711156
-0.007007769843717416742567838,0.02190279007765186594647311,0.4707694536995472578411182
-0.00757741185096027537737573,0.02986807063219030361489459,0.4689713917662840514388733
-0.005792408713967163794156257,0.02007941344800055066821542,0.4732039022524517912771103
-0.009269284782053518328970299,0.02369926846690622798674575,0.4655005595653887162654883
-0.01126457488592639936964002,0.02950823391660446423645503,0.4697935016424236720489205
-0.01136335502224366904300279,0.02999401220345836172054277,0.4700052774763775476074557
-0.01261149621351555401294053,0.0225394616025935273784242,0.4707529783040347859390806
-0.0108265177592126969619013,0.01876931059125680131827174,0.4739822085385420602499096
-0.01353964030371958976450841,0.01925724699522762123349295,0.4708004620248525950998442
-0.01148903150928265622099378,0.01665419646790649785272898,0.4726368039617590000034397
-0.01080397022237319232251807,0.01595752109195846743516789,0.4750621554017467884634129
-0.0121262320749643739276058,0.02048096760877940111789108,0.4738887116560476231441612
-0.0128166018772784880835891,0.02190319391879498242547974,0.4742699339757170950981902
-0.01246472330690392982255332,0.02557942051709612141241479,0.476117467214106415696051
-0.01199871731862974487403672,0.02803291196876352836531154,0.4753767370837451711196309
-0.007516801673152509466468985,0.02708712506770298220071247,0.4681168724297071204176746
-0.01020938585988443413066218,0.0292738045851284323095598,0.4730494622573283569622049
-0.009270812658128861974415891,0.03388308922125836397665211,0.4727886872670543083607697
-0.005166957385329555389741341,0.02413564569282535682281932,0.4775853827342405599765129
-0.005293124731628491910773171,0.03260979619329942152949897,0.4750455059753060371718902
-0.003848036313752805845367355,0.02151730512672040893096259,0.4752747004825224053092825
-0.004073186472877928995806052,0.03719206700019471456553077,0.4743646605965072815536132
-0.005450909489715748297566922,0.02419418145991221805179983,0.4728757888327826397478759
-0.004061821685585913742355668,0.02510162462238453226492929,0.4736826019397627485219004
-0.0007993030646306303974718555,0.03624306658835697164677825,0.4729226939946095109590374
-0.002221908184510388174076612,0.02640546740975198425349646,0.4755284948643827003245121
-0.002127541448579285850162268,0.03007515232077482419947856,0.4732183478712518875930471
-0.005134180327415409361702103,0.03022172292335272014707215,0.4702950653080273935024991
0.0001844787483269046113581319,0.03881601635538158012739274,0.472106760150490079031016
-0.001380115838789275134121382,0.02851225718124989969015637,0.4808366271012917136928877
-0.003618301306452163541155231,0.03839907140100530524851052,0.4760746229584993383099345
-0.005159201529958445595069882,0.03519668496531218326861534,0.4742077970360530358995277
-0.006522232702954314752241682,0.03620646193521900868539376,0.474904685281633098803411
-0.004798282238044510386587582,0.03716268598706876785664477,0.4774523755110435807580416
-0.005035045754798319478373614,0.03758127960793903460379184,0.4746628951375148064428799
-0.00662804409903658062197529,0.0253128537436506963198557,0.4762915340215843063020884
-0.003410150064915808219151439,0.03098528313097467790093731,0.474709906073753740152199
-0.007238921754456558582679904,0.02943760093533404412213805,0.4785406913813449181205328
-0.00718496980283344060386197,0.02025264361838801166482149,0.4779319562919118746791014
-0.004913397089933102535042053,0.03348679952244565383168151,0.4780730905446970435690446
-0.004626238386520408092661416,0.0328115208100289365567015,0.4736035560213263662099337
-0.005291180433397650595406247,0.0293584658547053935218063,0.4775961483844312627233819
-0.005916238038168698115670807,0.02397019600222651675158758,0.4829922124099780833539342
-0.008134409271012391778876705,0.02741364815300331367331488,0.4753626392763759533899304
-0.002686716563762691061673094,0.02103511279062401581607666,0.4789160839384729029255539
-0.005196053452468096800487274,0.02904214426615542646303858,0.4781432345267336292415905
-0.002972974092706347128828304,0.01904990144334777965595684,0.481121303045121684327512
-0.00419731329748085791458978,0.02127426609255389511332623,0.4816330435034131274285585
0.001424997804691413441982584,0.01872996143090556453447704,0.4795426986013651138307523
-0.0010986055431451550480626,0.02281406099700451772793741,0.4821197902654420497370324
0.00163791132235220388176089,0.01834968407013898988866529,0.4805108227568181122890678
0.006042504290927627232099528,0.01759292887731219237612557,0.4817553499265972427600957
0.004704387717586294183347295,0.02902356573026880146026762,0.4782532876693224577202557
0.006184339670905319649718557,0.02781553103422594944160728,0.4771995096676929226653385
0.007222730203192561856950782,0.02078945567425094856361945,0.4775070200556827959559314
0.008486606525510254073196847,0.01862150435964125133603275,0.4809495082368489549118351
0.003944982120462263951166104,0.01695889452647224293624362,0.4787053084991290674565789
0.009685705348854770774247314,0.01862087501459076463450337,0.4858466344684448379176445
0.0103163464795963909226284,0.01096296350309124145727679,0.4860150458569514886342233
0.006598561755540004007680732,0.01548257008715427443523716,0.4812976044395124164410049
0.008786683117544378737728827,0.02078698848173587965248998,0.4780945863880917690025285
0.007687831250267178513635447,0.009794704404995099519815049,0.4799481379258784818908623
0.004342774871829054028626871,0.01145554484304450379439366,0.4775706489889364192436005
0.00350196203441880543616449,0.01322683312245318681954487,0.4777484020866201164245979
0.001600084120209592161709899,0.01119567669345568165784055,0.4779821080770269570159314
0.0009859253340504048682135796,0.01505787138354697414499572,0.4758728590169160610479082
-0.001040189203529385359933701,0.01849278977737613127718674,0.4813753363633602733173689
-0.003799973822577514242365693,0.0164837760266466591685397,0.4824688712355898467798454
-0.003564095923858517662302647,0.01052288370283778300151578,0.4852110718072810136014539
-0.001791066522795696069197957,0.006180945850870503584240101,0.4880243578602135867683387
-0.001857458625037691508224968,-0.002335943804566418743884348,0.4849127793277885345446521
-0.001656680282966885167997284,6.21550162985803683265984e-05,0.4868945136372038740013579
-0.004587092758561201778777505,-0.0008370893363498799763858238,0.486786870047385578086363
-0.003407563465363010017650236,0.001913843202405150073497353,0.4815431474646754139712357
-0.008722237260846255058055476,-0.00120526779857568354555053,0.4847508462048812361011585
-0.009716535626218129537146062,-0.0003638805378083066971797721,0.4847908889495124440394136
-0.007561230992750331107721262,0.003930031559518455501478496,0.4879613365124165769159958
-0.0135180808606954385581167,0.001762872438149871816281955,0.4859827138874190932682495
-0.01385432263798388671793838,0.0170795262671694682288237,0.4840848345876088698602757
-0.01535663648391201278886609,0.006799508311029007351367071,0.4808033113817244408316753
-0.0167832175659189362926238,0.01238795815095223087909382,0.4849860256844166217504721
-0.0158357013733281398737418,0.01571050490035806948552199,0.4787964295233778089233567
-0.01597516990635429109945953,0.00927186616307983102469592,0.4836832539778717077183501
-0.01467234176931222523754261,0.01685951197529118178453089,0.4879833525759367240937081
-0.0164152158792459680614062,0.01552140166285912413479675,0.4889845585881618661439063
-0.01661792289950987308588815,0.02463839953044114766678163,0.4849068955171546013716011
-0.01695921715066762633372655,0.02260131813563191760518833,0.4892683474513137009687114
-0.01327133186939291782657779,0.02041195768080823758072739,0.4828592709281206984961443
-0.01865448965255842722621438,0.01820193754681358189184692,0.4804016276005310670527138
-0.01690688259018679681644493,0.02144117109589338543429449,0.4804419734582548451307105
-0.01341851604486111668168569,0.01568385370544959217520287,0.4889002742543084312210055
-0.01782151818572950616181849,0.01561749418122263498298619,0.4847520365499854988478035
-0.01516729452625183161007527,0.01811712357950889459856647,0.4844608452715260527021712
-0.01099840776076104614800144,0.02237486785589667959150972,0.4908449908148143081554338
-0.008959445552861256684140656,0.02198350224997382487690523,0.4880101038759468989880475
-0.01150669717524591302570958,0.0214143347917322354745373,0.4876265988490433023194726
-0.01127499171436915741117968,0.0355040220782625939865973,0.4871164011075476141243712
-0.0128079324025668437464498,0.03984216738818829872670335,0.485938526671367221343445
-0.008027067945411296701063719,0.02877135383612164712396897,0.4886250113138938533374755
-0.011528886651994873363547,0.04001719170583563356391466,0.4851006792725613969707865
-0.01154785056583544980424172,0.04241986297354129881176377,0.4854999715956668238092675
-0.0108157520083849486430827,0.02728209768030849177722352,0.4870668994982049748720954
-0.009662721280954262442763891,0.03541764660461474423236439,0.4844785755159339846187549
-0.01376218270271177025743103,0.02997845429459200169985955,0.4864475216655841371959923
-0.0114264205208186690743144,0.03704796218307700866878562,0.4819708584287044073057871
-0.01268505503780607487906984,0.03557725607848343657435564,0.4853265906411101671125152
-0.01316456927709068816523263,0.03451907788268753635163577,0.4857249323422691000828877
-0.01094241489986345038099014,0.02623130228661560772729366,0.4901292380033550610818338
-0.01472306896561803579714933,0.04174513533719887564688023,0.4902837404361443662814679
-0.01358351866881878089454716,0.03431151688502791924362256,0.4898946167643495885890559
-0.01452604815396118555226312,0.03589851143568213026613378,0.4848482079480293527318224
-0.01374316419299301088308152,0.03305281116529073387466653,0.4864167926333849978348667
-0.01086032433621399520551343,0.02691901237298818111431942,0.4855708758137454172931768
-0.01370997328127305549261283,0.01641770008476022349452883,0.4872232475276905283578799
-0.01148132928956393031261207,0.01089819263063967341720328,0.4880257414885187383646326
-0.01440586197808327133251804,0.01757519874274107371525666,0.4882721857017526256861117
-0.01426171914821997704914125,0.01461371605361800468658728,0.4833447339574084011815103
-0.01147612484913158349686402,0.01995828784742218961478777,0.4875566517496497942474321
-0.01190885895689695363197647,0.01092948822893456857496819,0.4853833063380715850954061
-0.008704922919287439928015537,0.009701738713366318822561851,0.4880649199170221663734992
-0.01305255759033009492486865,0.01747930510620933006182831,0.4868263941004751238494919
-0.01503928623379860440856248,0.01608531139735073015040179,0.4839772314054281432404991
-0.01338234561171262014533934,0.01206940786399944391671379,0.4903921252618082537999555
-0.0150965291747618395729047,0.02413226855061895159693108,0.4903941497779540359402972
-0.01492653353266233141882768,0.01807495749631536988144553,0.4898704777241560393008513
-0.01088442308592712896853083,0.01818038060778794096083999,0.4854037231186771328417251
-0.01091805241220222995324196,0.0154570507650329432014491,0.4911934073348780405154912
-0.01475007689181759458485477,0.02422156598132875135465092,0.4830936853009535347780457
-0.0127693103360634833270959,0.01289083706926396656611278,0.4862313732779686148433029
-0.01730388129227754603900458,0.02796967664323550539773322,0.4872116712710364838656574
-0.01573834274723267395712512,0.01117350169711053137211465,0.4856764529116378570350321
-0.0151665840739727292990624,0.0127011526809167381996124,0.4881680967649475455516495
-0.02037766730620695077025317,0.0279113574817756657231449,0.4879404493998539260601888
-0.01644429495877179625562547,0.01771443241020841455335422,0.4926391423696049320923862
-0.01729621475220976048459143,0.01484292153777082810817145,0.4884233717124485396610112
-0.02113350903179136638931901,0.01828696825625680463800471,0.4863948070951204516454425
-0.02058754953940484036523095,0.01793630082323090582652192,0.4890925683244923272141591
-0.01937262974871432549828221,0.01474488409645371631007116,0.4897621890224563845350758
-0.02250011912051960716318888,0.01782572668843739743804733,0.4893102881338550202983129
-0.02444459812145382063275356,0.01724923537920127619704758,0.4886690560565543073323624
-0.02341429967998804109741151,0.02037419889089484362210136,0.4929864638066768778301707
-0.02426491747249583802448214,0.0185573692793554491375918,0.4931054606506748982930333
-0.02495638656274010852564871,0.01738027431890887264387402,0.4926951435527108236200888
-0.02238136528447624840065799,0.02155062569248881662598016,0.48826461581531199751538
-0.02213551930425159894322285,0.01408694631270524487420825,0.4920202562024578174515455
-0.02415396091372037229438874,0.02478997042493124788875569,0.4896361629231639200909854
-0.02269806040522246229351744,0.02441261554196948874162487,0.4953659007699838801030978
-0.02135292965317940952485465,0.02388454819529304065661712,0.49479809502801508358516
-0.01996201451486293368398073,0.0203320568809120701125881,0.4953635743483967845968152
-0.01867405094618868749423157,0.0270340584264137651082649,0.4923566071307234892628912
-0.01928148390041829404739637,0.01975619012682191047436397,0.4912446795825209933106237
-0.01627576969850643567871984,0.02773346228281085845690512,0.4913902217003967565212008
-0.01479127376834917829973026,0.02949542315570906347854674,0.492920064916390454623496
-0.01164503885309055471186657,0.01726290388644568032927573,0.492912217118104234447884
-0.0107719527510789538082836,0.02938387391132614087640995,0.489297706214321448392468
-0.009614063958319582492428879,0.02670039500277075414369499,0.490477338203331225674475
-0.008750628405923844763125707,0.02025908154119174242602242,0.4950304333109394883116749
-0.006532467036876677193846241,0.02251772724524086707886816,0.4953385857887682708344812
-0.007961968463056766365237849,0.02368852988888968391645307,0.4934157757911427077957001
-0.007475977367569631819310683,0.02427512013610119007145371,0.4965286278667834785061075
-0.004859658691756486501023282,0.02558896516235776782965949,0.4988507146719952101143747
-0.009028281029382136460559316,0.02559707289304012298170043,0.4985980036002242155035447
-0.008773487329273216284164505,0.02824265290727128938086388,0.4981238566575675874581464
-0.006072423125671877822129296,0.02543591909646207918638261,0.5003906165597863386906852
-0.008978613697223533987590294,0.02364442781511767038837846,0.4994911767893011611540999
-0.01031085164080177210554901,0.02349913643258834047844452,0.4978926882195008896125898
-0.008592821179694730068798769,0.02892796695218585387165966,0.4939983816810878947123342
-0.01057617967444878306904066,0.01945116181118096421176489,0.4971739816837596470655569
-0.008108436720451960358357901,0.02079248241462915147703683,0.5002278889561887487147374
-0.01231044387164152188740562,0.02392243766392844819823615,0.4990663225595958207847502
-0.0111441285313142804391795,0.0186902369964631782928155,0.4982837199451066179101133
-0.01072388545823442160265238,0.02673459353058454598950355,0.5010549836047379912429278
-0.0100696917106716486711715,0.02118065498550104203134836,0.5013618602224282350121598
-0.01044753116632223498283505,0.03325782065235596829388953,0.49600083467639455303555
-0.01309418198609022844502991,0.0340005239158752831096777,0.4983685032072893150711934
-0.008603650631282534072541424,0.02098633601148799932012423,0.4988007123307954260305053
-0.00917397466915807757725787,0.03212053627229397023690183,0.4973663469039792395243182
-0.007397519239092454138018162,0.02958565158715620313500949,0.4965611798098172879889489
-0.006505135807043558281159701,0.01711272654391144537600056,0.4987764100942916334346933
-0.007273933582489587601482839,0.02070432651125564751937169,0.5006449077529776525707916
-0.008551907404985487071158445,0.02273002609474266896838479,0.501863733077229978718492
-0.007266472024005794262679903,0.02208422458508631225360119,0.4964019320475991370322788
-0.009255573780683175669214968,0.02093005082102683545031141, 0.5011686517158521203541
-0.00836137603401369659816833,0.0297032054874790084342262,0.5007197815417434583196155
-0.01344681968482140492493482,0.02769400682350611417326114,0.498618662632060283268487
-0.01306883907001465429387199,0.01969684352276259223235577,0.5026604717767274577155945
-0.01272286715265234097183011,0.02595815488340813548262531,0.5000559660570884634722688
-0.01652436277568136366311613,0.02938237215364806337314363,0.4987879383024605428609277
-0.01711278197286845298430435,0.02249091518899257527430713,0.503656772691709497813406
-0.01839926134722358330719771,0.02937894245277410110173122,0.4988460894680620816288297
-0.01880127378870778340202996,0.03414443065257474069218446,0.5031282993788029900272818
-0.0210804479244814310656686,0.02469691756921887915154912,0.5049623487328632753801116
-0.02168178368410205933414225,0.0306457368467471652495604,0.5088942190246841246192844
-0.02496255505687026976513465,0.03289523397961705702963187,0.5069325792803245356310526
-0.02915308870250470432705647,0.03112262068031754549957135,0.5057233538935850258866367
-0.02465679883336278910288542,0.03241074165335722234715377,0.5085954063570274907846169
-0.0269789523483947024651286,0.03301458830323017457075707,0.5079796288465194820105353
-0.02521925194957752927593653,0.03384450351112125443542311,0.5031044555353347824677712
-0.02441122335703618112523472,0.03309043877534403876872204,0.5037828447899136419252386
-0.02462446445689044430271686,0.03085866543540110792931408,0.5040858066406083137778182
-0.02420073137906173302291712,0.02881116092055401381455404,0.5040781481243311601403434
-0.0244546647736572017595158,0.03013977511546774012973771,0.5039626825381329222608429
-0.02237241734172945237246743,0.03180019412615060075966156,0.5056110307219285893154392
-0.02451727541900069334834811,0.03188665181543654664197973,0.5054281793153510005112139
-0.02535906080608832727230073,0.04368867220686243474370158,0.5042174150640854612959174
-0.02741472545215795780793044,0.04740801304024828966010574,0.5036372269781743682415254
-0.02557536123229436561543615,0.04393873531923296604784213,0.5031747299494009340037337
-0.02487516838110620867596801,0.0430676435451025491074617,0.5024705132760679537895498
-0.02499499570859493521868266,0.04006199332043332284047921,0.503515304787720552326391
-0.02547278276821534834239991,0.04166816870776904324635836,0.5009684511791311356532219
-0.0242698310862793295572537,0.03644621192744500887128467,0.5005351343154399446078173
-0.02395841166071320874064732,0.03801503230155389018163348,0.5055497429401339948284999
-0.02555358701278816202506761,0.04160122367934300513514501,0.5013076241632918872426217
-0.02361317978981575249619596,0.03622403429398338148281766,0.5027108101245302274051596
-0.02155570823024157908753828,0.03785199180642160460275036,0.5018770337218910748688927
-0.02155965865636243206093781,0.03912645395635899747688313,0.5028166073164962446284676
-0.01978347505592579005928577,0.03007149404678137113999803,0.5057071620493244212823924
-0.02221398154405180777604123,0.04101505591996923438813383,0.5067047177462279394788425
-0.01981392478504721832432978,0.03624213546027742205435374,0.506313985689128442935214
-0.02148857010754437815713835,0.03216520222406805962211962,0.504396885497447877710897
-0.02336303241328401350540567,0.04417951586459788193561593,0.5015346293050262360679881
-0.02034715568985492537001925,0.0401574550694879586765218,0.5028330151830981975535906
-0.01907278029256162868443347,0.03876054073641951869255706,0.4986060137317325779982014
-0.02081682875987245912030588,0.04668201336161666853419305,0.5004774329309640279461746
-0.02055848441239698995430807,0.04428422379532355457332216,0.5002722449669146920214757
-0.0186163932787559542603173,0.03065850818921555739904328,0.5036163154950230591566651
-0.01538920248856041894658375,0.03099330937697236318384419,0.5065942745453720919002194
-0.01874847175300732235458945,0.03456519461183157199135607,0.5043062583788293640196798
-0.01617218317280624817477985,0.03210928551856505330786007,0.5051563249656284559918618
-0.01737035201384842797445174,0.03134385905429699220592354,0.501430181732635427138689
-0.01807585787100016161410565,0.03077572112677139093417367,0.5006324511433446478037013
-0.01682211101476515854868943,0.02629821104716615481899922,0.5002523980846069751038385
-0.01774361284097158292238916,0.03010980732400173054408299,0.5005196942340733867737868
-0.01703519315116902230200502,0.02758331009807094350017032,0.5002458030868256466661137
-0.01598045996734444654241436,0.0246633183670199006287671,0.4990428593535576884399063
-0.01516604809997373730368064,0.02889593273957330801793297,0.5009798540515706388731587
-0.01517884202174928087725192,0.02978449444640779084081395,0.5002536588096212488707693
-0.01337998248453473558450266,0.02690939906367452449931221,0.5008794957259933289250853
-0.01363483680175725867855796,0.03238018331485816025949731,0.5022652267791251068373981
-0.0120633551108521239192406,0.03924625214422548108439415,0.499680639636104984013798
-0.01031529168088881828757586,0.02739467042150273493050783,0.500307719760860081237297
-0.01155097614090704397082909,0.03143795921251360536707864,0.5019532398422482666333622
-0.01246938779423354022590775,0.03212803913358271840072788,0.5016790570101501423039281
-0.01165723984101912046040805,0.02976407283672021300557908,0.5014296871749391870665136
-0.008060305685986287119182414,0.02733608385131905404996644,0.5004424219657248595893861
-0.01186206512080740030357084,0.02681698995914547425933883,0.4985511892245626519581947
-0.01176222922634564092836396,0.02374266824113269516716151,0.4970267388509070349833507
-0.008901381410539779132085059,0.02538136525688021102875602,0.4953768931349953330567359
-0.009693589150708219193131043,0.02120812165237180232923997,0.4951147708001756853057884
-0.01113480195732240683736958,0.02148768341593773611997165,0.4947476857517688619836349
-0.01029244789915381361189439,0.02627275167605134381654253,0.4978761937647686042218709
-0.005853253104819022487048663,0.02376108046274008622766871,0.4991032939258954193029183
-0.01028417499907887180943256,0.0213928992634691422791704,0.4956513683382829382750856
-0.01086418950729554390444154,0.01644085652120428481248737,0.4944830250472036503595064
-0.01053629097982268156274976,0.01718698845432202124139387,0.4932540526306153361169038
-0.01131146292331199412761755,0.0155115746982096118500305,0.4924696712924099828434521
-0.01139232272901005357801374,0.01243393356639233525429145,0.4934816377728337699615224
-0.0126785813007645204592011,0.01621255738403496945987392,0.490571614421899282465489
-0.01399584502162561604199364,0.01383477879894447551412107,0.4932617099155167106339093
-0.01329161770560974460686499,0.02784511564114357240473652,0.4897772317975045974769444
-0.01632102808598363125058839,0.008407409934217690422597613,0.4933629315381148350283524
-0.01990678066209055491198043,0.01633358762660272467392986,0.4940018916733552312159361
-0.01631858363370035369666056,0.007511921153279857085727222,0.4945801082140973137235562
-0.01750385223682460883454226,0.006390287093896643635937416,0.4936115542987739579494644
-0.01740984541824996262304737,0.007376100634624945494299819,0.4898052180356080587131373
-0.01835285652081854873562961,0.003962881519416941444866609,0.4898776183430154640419119
-0.01842605934896433123038051,0.00502746174405240605492784,0.4909313174333627682877079
-0.01898325798743175432670149,0.006520232807343602499106083,0.4916785314636751280659155
-0.02072640140110897782887989,0.00641674418444108593528874,0.4899737515597714088144699
-0.01965689689531232436925379,0.006529774545444961240947546,0.4899542996186074250708486
-0.01902089116677140034905591,0.008474035766563702692932836,0.4888852391706395850157207
-0.01820033540162631011116723,0.009729673698757880864751435,0.4879686661770059052933846
-0.01699712289644611518113493,0.01369165398953124494763056,0.4867624063036146142557925
-0.01873274792327995694196652,0.01893125043786366215603501,0.4882388834544357791855873
-0.01768959932941567211872602,0.01687816377652255270258586,0.4845335324638546659059557
-0.01213672359388782463762713,0.01838543954493507617820036,0.4811230751897006552297853
-0.01313681027061857665982902,0.01963471742151799703801629,0.484367925363670792648918
-0.01376193959165896221752412,0.0209356637050039477709884,0.4853210299496628632454076
-0.01374752718193926123713133,0.02292725317627617234728099,0.4858008485405478360519282
-0.009322217951322138082548285,0.02158625227234767934847426,0.4864772645160406749909043
-0.007300509367796480936219083,0.02695803474060828527902878,0.48556354224464270963324
-0.004843521756272384931607533,0.01962845566376322098411933,0.4849720869982027116051881
-0.00269990061923080148717502,0.0194647014128993232906506,0.4858595360267746743332395
-0.005297423197262653149497424,0.01597569549974310609830042,0.4837219840996084263551325
-0.005611026031108676259684387,0.02180668773755040784623205,0.4817082486380161454597726
-0.006001280439942918362716817,0.02322968842758579843810196,0.4808020490826740434009423
-0.006687700253866295588278668,0.01967786512335370496806775,0.4793280119719917076182014
-0.005931502578537584113860248,0.02411575887097041834272737,0.4768129844664633076867233
-0.005102735038626148890428258,0.01005925443496702952062005,0.4803759792286661500781975
-0.002965963466924192298845853,0.01204012936564576551068395,0.4751884171242022336656419
-0.00631156287353890413371893,0.01155713832107060912157692,0.4783258158904677981304587
-0.004371817115353816840528367,0.007976523694814057971469445,0.4808796584214068414731003
-0.006332190468835915964085359,0.01330868224189383879074722,0.4800085038592655783951102
-0.006848551122929504714198501,0.01422468556155070604218871,0.4808704008900202553355996
-0.006280543864828313539716564,0.01475019775092771892599508,0.4799864896058472218953739
-0.006631024899695273262800743,0.01934514909863969608916356,0.4805324137852183263852623
-0.004511462826549818977417416,0.01753188811413117914606019,0.4829554068210146766659818
-0.006964082978264613324470567,0.02163749680123275634380242,0.4799728414080622895809825
-0.01197890167197607387550295,0.02862269215947725944926283,0.481976347216849565491259
-0.01243637582271387917454142,0.03989402151075109592692769,0.4809789234178467598468387
-0.01208499827953709963856976,0.04243256154330930784990272,0.4804015156943872710826327
-0.01289107837196642319943507,0.03003028407856545359266853,0.47866975645959930485418
-0.008355607368663203401992767,0.03590648890855109576225601,0.4807556842347148751137809
-0.01240414462163010565765031,0.04588317550048530424344762,0.4791223948547713162859907
-0.01524497003183276216953246,0.04696658547347880990896485,0.479971742822966729313805
-0.01476119930415750215735304,0.0492963495557147274306331,0.4807760825881878252729962
-0.01460026446517779553924132,0.04007200940000660988049574,0.482372299449813135563403
-0.01401367864713487509931156,0.05038594154983535439162878,0.4770016500114847013414021
-0.01399728289222319614626411,0.0509529348987668648240934,0.4762346033691372548801723
-0.01348442573524478299562546,0.03648822619575726317053821,0.4766976441779812723176235
-0.01403003948430700878469146,0.04013775233980906159692026,0.4739020430227257607569413
-0.01431313893310950415005411,0.04982423110725084369754256,0.47427453038259231865581
-0.01479544607878395187650078,0.04727186516451682696260406,0.4739390946445575236722902
-0.01474314507176561865608999,0.03381015855225962679631024,0.475155766342792551526486
-0.0137096759869905094469944,0.03320440596132151478414585,0.4723347856657940102564908
-0.01704299277550714794560172,0.04189659844956103440516415,0.4732860041699468167664122
-0.01737178154420733131035881,0.04083321613825353912918814,0.4726425131019851844094148
-0.0146010588719996201728657,0.03195212447793591148403891,0.4766195848746954677466192
-0.01724027554069253523327809,0.04003278205939813511049508,0.4708802878261015845140491
-0.01603326646155025028694929,0.03090965329368966160727972,0.473469263424601216616594
-0.01740255970386342734834706,0.03589506437895819551675558,0.4702513752772060628970507
-0.01679537940948862967394106,0.03682688223365403190623368,0.4728203405818462434773153
-0.01536875692097714601880298,0.0323315758175077017089194,0.470035836025688491535135
-0.01866888319147632160910355,0.0351366508890959758359962,0.4728297299531626918245308
-0.01680358523553708918751859,0.03504491941938064208938997,0.4714212641183928020893745
-0.0179374273273612133694499,0.0199535408710301807866383,0.474004573197535528095159
-0.0165309663947616584944722,0.02662014633961998916200642,0.469821340626777328441932
-0.01911032961799271137626199,0.03459465358860248918038138,0.4730121935140172428901906
-0.01733237766728038323216232,0.01888517155338442429779455,0.4749080540267848205004952
-0.01881439539947823633148083,0.02395226048500768978311015,0.4753915946460749997193318
-0.01942509851122466504880215,0.02701343016292740567552144,0.4767972456923990631771915
-0.01952531973434627407537612,0.02563452030456021130122579,0.477545457987815280542776
-0.02051633518698294661453119,0.02668514557191934907787179,0.4733968601062186198902282
-0.01880800178232312769299739,0.03183653905245027032622218,0.4750043494695477819256269
-0.01874196439893113103059008,0.02525783385405671807588668,0.4793458584128743038554887
-0.01953548079406650095357634,0.02340512704441546562583731,0.4789721444394983707049107
-0.01908360263771733539295283,0.02562096593728662580202737,0.4776024589797631114684862
-0.01846441859501123106124254,0.02566873704239830064621763,0.4769698556285416057853865
-0.01636388647069275670276056,0.0217713034443263141193281,0.480556365871970869729779
-0.01649477408109018342075025,0.02466209359663499786630148,0.4770420909772046247354638
-0.01416733226435829690048607,0.02383311869253664991297192,0.4785685805355390232129764
-0.01157026677042861939614937,0.03025127210814105779834726,0.4780281116757889581236896
-0.0111074661479380869949507,0.0259994115900732680746188,0.4756860480517349221152301
-0.01035311979655214459361545,0.0286559670962542242800275,0.4788761543504670425974723
-0.0106581417803917142400616,0.04034327927733698943013607,0.4745022704416065328913987
-0.006686222486012170090896589,0.02848909771354056139069932,0.4758280394074814734217682
-0.00756584327472070196363152,0.04459590057430799087123674,0.4739229452373586171098907
-0.00612625051061384175848934,0.0448549554975702438608387,0.4751641205311008531175787
-0.004177044150275711562048109,0.02957841024410532218547054,0.4740705860036301677595816
-0.00391756894739722291709505,0.03839186194886042013951766,0.4702083264484456237575216
-0.0053332217576169188219537,0.04387997016587269483167688,0.4733422230061730129335729
-0.00177318623664006187572173,0.04347045951619378512109648,0.4758778899533553929934726
-0.00309113671190819859491139,0.04544874074533926389118932,0.4768676288652658468159018
-0.00349219012881154264663075,0.04238548043888423072500515,0.4749167558261354615822825
-0.003661124330412613044061221,0.04293533584176801448650806,0.475492906770578760422552
-0.003485886885939982072352139,0.03637136800169794847992222,0.473510979246280994114926
-0.003272977072404195317267828,0.04105713298626208901387358,0.4752901082060930759709549
-0.006403957647481594434024643,0.03527021496210248213687422,0.4747024962602611197759472
-0.00436667876508339738300668,0.03581614208609068539246323,0.4746144458057227066838379
-0.004873031144613649938424071,0.03638412539957927571698804,0.4771273552163415865301488
-0.006583116017823689540555687,0.03458609560216591161108113,0.4758246669951656238062299
-0.00945963360269080726083768,0.02843101400721780372404801,0.4783527717197937900728277
-0.007858816337801957652153817,0.03098915303361238562929181,0.4825342204791949196618361
-0.0088278707944604746515882,0.0344439057958908223522343,0.4757161576226696109159775
-0.01109525375735712082736484,0.02473814811148304995680469,0.4771778851728739612170216
-0.01136808658760170634427489,0.03310389320767574694581725,0.4744676024350414356156591
-0.01448183409309589456115397,0.03320286455088815313896333,0.4758928253994255674896863
-0.01693897189805077668767197,0.02535672279215856958489717,0.4750417984074880028977361
-0.01733685836326919610383968,0.02333618908228651811498366,0.4784883087372574506090928
-0.01775852390478978651278119,0.03614853290999014978623904,0.4791251896236948248919418
-0.01856054623027398459145232,0.03042965472338639287830375,0.4825204505109073616075932
-0.02124906666164539867369676,0.03174608570178007876938509,0.4822387195706217544177719
-0.02081982643874436683661955,0.02922010052018329112621942,0.4825186310973118009037819
-0.02164565141659106212168595,0.03355453167536282671479242,0.4789686941864043645544768
-0.01968320472565603107550913,0.03098113685315923709895358,0.4803953558645147614569737
-0.02023280010334461975762821,0.02867514411021633916054618,0.4811204877199270479870563
-0.01799336267673196099181609,0.03170983399381011730300273,0.4779023412005891091602905
-0.01918102289732871723604291,0.03778380105155945689610064,0.4818640030919388861363473
-0.0176064498770817368100694,0.03346657265828879845859234,0.4842261780627196698922887
-0.01620966497751352014544679,0.03255347430605755321142425,0.4849951179026428249585479
-0.01471308067551864266764294,0.04048904298736081402987352,0.4848556759157470752441554
-0.0133407276124663867755693,0.03898328360593046604254397,0.4768243840951892908996967
-0.01134405850274211070838337,0.03393449016060836459507399,0.4847406458356862679615062
-0.01290697440446089867827073,0.04325950792293706964608546,0.4858013068591023331244116
-0.01103330384870223647431065,0.03962164222300007532240329,0.4794897127412816595359857
-0.01106375073510805495669018,0.05076035093830632421996185,0.4836231708254482009046171
-0.01021794057022771921861004,0.05285038665626287657239857,0.4838118289474877542488684
-0.00861576347585587404287466,0.04799944213216035537872273,0.4844190151872814209532692
-0.01069177444771872605155938,0.05335338913978306812913033,0.4840092976015963333047409
-0.00930794626228200958073522,0.04039161315975089983076884,0.4843871635625653926382483
-0.006498744594888239238528183,0.03772062214961970777471478,0.4851563024371032262216374
-0.005484169645237055301656426,0.04008225570267964082971091,0.4846446558725300279846238
-0.006774849032802251688756279,0.05158946420320974224349442,0.4828012560187894264274178
-0.003723764297721120393458438,0.04350677399459038779960807,0.4885212618768672854230317
-0.003118661170432749946829221,0.04715806782262980945130693,0.487846611944688424156169
9.621931997160398973914508e-05,0.03752599242293536141445998,0.4886215775783299131163062
0.002915073024931572661516688,0.03536156069953648450887584,0.490005720469945227346642
-0.001361098505042558377137185,0.04109500105576761874726088,0.4830291586822046956406496
0.001619857779192964428519041,0.03501249196066977265040521,0.4921786612217297629534585
0.0009180770341647007982965878,0.03291382139766060171970352,0.4917438851059060533899014
0.001718983867821320546745434,0.03064567131585200707166727,0.4929971690471816048173537
-0.000884771301682577048300371,0.03168647058092256829642253,0.4915051545833153401332538
0.001592393692073908054510079,0.03211896199061755469150725,0.4858437413829018725053288
0.0007950208543535958053208312,0.02168588584063705845816905,0.4897975506507002974032616
-0.0001771886056770258927040018,0.02923212350702786288536572,0.4868407287885727074971953
-0.001203538022399269378712172,0.03066071436550268924925433,0.488949689982779100994037
-0.0004307269069271910978680129,0.02740255770959937678399321,0.4902716892785011215671886
-0.003295042443385188136312225,0.02832291596920393644820635,0.4885305844461763635777629
-0.003662088728629157418498208,0.01089223138132449329729123,0.4893716705669669542189126
-0.007661558334590741134451086,0.01228698659176664931269585,0.4887721152052496575990403
-0.004875075376517054928648953,0.01438187190362429090928487,0.4951027343903061650465247
-0.006339375115344430579311652,0.01441760079245623001054089,0.4951585745562949170128775
-0.01199741062097551234921777,0.02328006580581037238131259,0.4908955317060205714163601
-0.01325885662922781683958906,0.01715470637727946334738505,0.4924223672519408845360545
-0.01358710826953191119770281,0.01062199921047114747896245,0.4921233346252544271770546
-0.01499729134988944841133662,0.01342168049732860891920527,0.4887354817032700249335164
-0.01606115368439408816469971,0.01276997658255040607455655,0.4897368610017534540368445
-0.01869692609613619535546825,0.01151484197869592253360427,0.4925070687685451087389765
-0.0217026903421938394123103,0.02030481827068084110798907,0.4921845155932085269512299
-0.02854810776970810592967354,0.01336129257842269026090865,0.4873897454780299898224882
-0.02621209643587536775033442,0.01836955598969519307117615,0.4927572666821276592408196
-0.02788628107392569430156293,0.02050292796986046342522236,0.4924042082930532582274452
-0.0316670348447068983332997,0.02087525843778537809614093,0.4923733038520242133451177
-0.0281460131164870917819254,0.02445772839935207026984543,0.489662541568328335550575
-0.0275195328969660077400583,0.01982630946718645995052732,0.4881541382753906699321078
-0.02829873068778825800917431,0.01871597341281332205209509,0.4871668420716329661601662
-0.02809686181351720227206137,0.01899197952385904553107565,0.4923360209405341358923636
-0.02742597400448319386323526,0.02139050051759438034193472,0.4939845285070064151433655
-0.02886353250602276612757358,0.02147130377341617199493662,0.4926008807360019448040589
-0.02401109734325105465879702,0.02051232205356950596963905,0.4942167839276339624809964
-0.0269254842536203430058972,0.0310605112170049581232778,0.4870039285064035050609732
-0.02517262890904255895341279,0.0287696629484828145240094,0.4895730271127009536336061
-0.02672236721678104137689402,0.02662271816050986936175171,0.4920338074859645360881188
-0.01839004236732389580000202,0.02407772665453647084610189,0.4884449385527916964733208
-0.01488449657137426093700405,0.01763875741612044856232444,0.4896815630381680106708586
-0.01305056852624382653094148,0.01660960740337282318113132,0.4883580123816056439700617
-0.009379273422065768223143678,0.01056307336287220025039524,0.4880417579870519051432609
-0.009772713813103444530083763,0.01433626479127813810321435,0.488169400421010701851543
-0.006912304537227862213932816,0.01564391115296802359235784,0.4906340762399712951413733
-0.003728171975184385675966547,0.01007766707043615019012694,0.4908627996920912894829314
-0.006743167109597143424326582,0.01517549915907905055956206,0.486962996241651402407058
-0.001727335320094137158589143,0.01497777584534393420512277,0.4923140684686028722971685
-0.0004082548050595425606808242,0.02178890888974400336097759,0.4883103194763969145952842
0.001928187557957219315854513,0.01442882964388654716547666,0.4914225097514338114201848
-0.001107458897003771574468756,0.01300460025991474755091559,0.4891801978091507296930729
-0.0007377484043601283732888296,0.02419627226417503731981107,0.4857662161175363424447937
-0.002026642904864814527521322,0.02241817920355518301001041,0.4843427723947557050898638
-0.005607204328678391108686796,0.02805913792369315110097894,0.4875309787774075309663147
-0.002700047980571220699458346,0.0243605082280074977663098,0.4840572952276008256156103
-0.005027041855876727451113428,0.02130139386961124939312562,0.4894923331488564843816391
-0.007517544240984311634812265,0.03318045620299742842762569,0.4842818301309938511245434
-0.007297658201473234199085915,0.0267728467347168631873533,0.4907230118269932939156774
-0.01082509112265309970946081,0.02613856359344912325126664,0.4905869563538291511228806
-0.01054787082972354940457738,0.02536626864988212812224155,0.4864514715675554712426276
-0.00960198481293561729998931,0.0224448327781848373796425,0.4899859249392267690481617
-0.009062274805244838193907242,0.02339777129315832177036683,0.4921524558860240206037417
-0.01525416893447910024472769,0.02563284902165592973877217,0.48905418246692888839533
-0.01581979224498229405493355,0.02312108376978024362746744,0.4900743098422575827477488
-0.01875031600309574886242814,0.02355444708339956422227246,0.4909614419317530065178801
-0.02351728154518752805790527,0.02913713514096148010645848,0.4917352275325297394914514
-0.02772648922329013984611201,0.02760625443284221366968545,0.4918380087680760404111879
-0.02319836768043147257056802,0.0230966834916936543387056,0.4955061092335846240075625
-0.02854968491129483698642844,0.02582091393177884594556382,0.4923758237246508850937232
-0.0252483766359581363047937,0.02617565550362596638045432,0.4828901462921597054211986
-0.02750348251659128287482936,0.02012043955063058664478604,0.4865908292539619650618476
-0.03118187335798617773607866,0.0227702164013502961203983,0.49222104882862688368661
-0.02606332126625819298193498,0.02286660269175595089352626,0.4917287986619471307214724
-0.02653177461502803299864262,0.02145106721111209036045864,0.493782144951770196605878
-0.03159626720911153791027104,0.02200678093932407694555131,0.4889870157397712691071945
-0.02757988053843416290100699,0.02374130670037605250755064,0.4901494846815989125943247
-0.03163183373615658516841975,0.02073172755761028274168467,0.4886726548332885888825672
-0.0289035658368061720846498,0.02047984489437059893446325,0.4864786282331187150518303
-0.02956397432025767088581425,0.02192292073509969838052136,0.4864529755467231764143321
-0.02887600807651067094661279,0.02096215869397712733279704,0.4871813622773504826035662
-0.02549675686340288974229829,0.01834546073326098064582013,0.4877422187477740700423112
-0.02756982418900363190905622,0.02033618127161745947617533,0.4888469691274233697164675
-0.0263349937499470741764096,0.01819258811599787709067932,0.4885964423624149510771986
-0.02373103564971519238713249,0.01576845294400680205781917,0.4857942804319040908112015
-0.02220797670816642213620362,0.01840609680470248546435563,0.4884838872372324058979132
-0.02383050652062297311561956,0.02998579190587565695969019,0.4829388243301809824359339
-0.02181799401363889584493094,0.01534327966406276444466528,0.4878479133314942983723483
-0.02176658970065638298851951,0.007696302347338306905355498,0.4864488774614444399624347
-0.02089637913727723783630097,0.007769796337699637171769762,0.4853528155406392485815559
-0.02191209265927783131355788,0.01540983565530555654543576,0.4861704533507563708027988
-0.01924925904616492378096382,0.01081377193431581895666227,0.4885563521397331410156539
-0.02041895252411780881107717,0.01313976355123189047879873,0.4880589143881214342357566
-0.0234833253858653528967082,0.01828876984975088756946171,0.4882423364146415423192593
-0.01528867568587280803549255,0.01166388811601600829226388,0.4894139244740867700222964
-0.01706303161393538797563352,0.01385417504357572097972717,0.4861363351745756622435124
-0.01799478685391900714685143,0.02105230126494686895832764,0.4873263211185981380602072
-0.01251138149837276863918234,0.01774210156409510713571009,0.4880742677909394311441815
-0.01461778951209404334155018,0.01513394970363379256339531,0.4847786412634548236511023
-0.01074529609549387115796648,0.01489742652707619699481434,0.482811423478029577704973
-0.01432611861163790231699089,0.03108938912258133249744141,0.4842154970001921743261164
-0.01381954616417312327325551,0.02693390342192369252272144,0.4804675093111442918392129
-0.0129061143244133362528725,0.02989725172781260500998179,0.4825106738330174338535983
-0.01282699794303564233555193,0.02262109206846633913112754,0.4793170202372623034392518
-0.01366678068628910357185102,0.03095489537438614671693848,0.483419213379968015775745
-0.01477440294506290191511866,0.03443761607447431982720332,0.4800900528058384408858217
-0.01460408008485849715163418,0.02131496838885022643284017,0.4840431758667095296644334
-0.01525159627097833793529791,0.0234323054867781772891977,0.4838138179671456762243054
-0.01593364241277977350064177,0.02308229469996326069236581,0.4835851525803554484816971
-0.01690725973669054971182391,0.0224364022614265377908449,0.4827999567578846185078589
-0.0158143236692269498200325,0.0239161956412751904033076,0.4831566986250574458061635
-0.01803283286932909693089933,0.02043022263621510625775102,0.4825452798154004074859813
-0.01894398541357774148896631,0.0250723430156101073640329,0.480935294984264072315483
-0.01808488812585942392963112,0.02124732523766120415031899,0.481026401342611431566354
-0.01882865369346697209662622,0.02444276533064685535956428,0.4810103425923519804285888
-0.01635631802300131776295444,0.01735883168519476368873988,0.4800756531572630825266401
-0.01797345309434885546329141,0.01927944223953948627015009,0.4792576732441810594131937
-0.01725746350199306236583574,0.02034402997481730979156822,0.4808496754090990643604187
-0.01422794755942373423618363,0.01723100056249834977073476,0.4801287197984154819785374
-0.01553361391172333044741194,0.01831667645933052895879101,0.4830171100663600558533517
-0.01869707534153814548760764,0.01994117044118360118631905,0.4800249591134241322620824
-0.02164665460592246973292596,0.01802296523357500498963013,0.4775235080999668535461922
-0.01725268084314417194047309,0.0191549050117026768702555,0.4809241113253694965834484
-0.02152645886683111561832327,0.01928351707630606565180287,0.481154045665091678607439
-0.02001792475305937124563371,0.01540619939115670314344619,0.4815412381509136530155502
-0.02220635596608209333391315,0.01524593724953003832933707,0.4777383981953238212270207
-0.02066026632676665544807726,0.01407306158749913570227275,0.4798060067397676986544752
-0.01854219326020499492013727,0.01280856477027741101293312,0.4768981026562271186008957
-0.0218569013566452703678511,0.008015438258247836039727119,0.4765308967492679070865336
-0.02055352315916878988555361,0.004728334132895340401192552,0.4764373751468474194048497
-0.02159908887033102145580621,0.008229512246862392965685018,0.4802509218978562866020354
-0.02168415421110680973981744,0.01123588001611752242026032,0.4791404391706631238356806
-0.0216080100829660962102885,0.009238149270823923370210551,0.4788283412759168911065899
-0.0222982287721399108360032,0.006566448930012882580220523,0.475716375129592639048326
-0.01936472481295142822332878,0.004679081878760421066287822,0.478913278550275434142236
-0.02040241275645596902288403,0.004780315923961640962869257,0.4790956510901096532251131
-0.01965967764940351053537526,0.005866114520258656865603353,0.478391124494294661673166
-0.02055610895530428014477131,0.01173706045579878294582432,0.4762270354086357015965802
-0.01981357547432489180083692,0.008776651338710942870657838,0.4789059697752997557529397
-0.01780508038632057365990846,0.01063997003895022532005132,0.47946748799306337929238
-0.01874218814342936204053736,0.01472702019660405460543817,0.4711969431043974698702925
-0.01938772146227763643056008,0.01743373201860360863224564,0.4768397904754732574694742
-0.01865751829636612749152569,0.02029543750378580077575741,0.4754275462278080288669457
-0.02014075912840162033146107,0.02370613785930927169820492,0.4792668430450843231049873
-0.02177174077206126337480363,0.02591507351257357413820692,0.4724390716032852433059475
-0.02152925931577740967237666,0.02834653537937953035608096,0.4734540462652742087712454
-0.01855478527857469181472361,0.03049261065447590041133097,0.4756250011024911739099252
-0.01913015678613456255208192,0.0337333240570455578088982,0.4758354839998004681689281
-0.01598734171198067099961548,0.03223461071372863556705468,0.4772962463389920362288876
-0.01567207891739259492669412,0.03610620313560105459904648,0.4729168783724737590290488
-0.01641380532194029392978329,0.03916458395631473160536373,0.4729818118079822664157064
-0.01311801294344817903070322,0.03650758571884571423993293,0.4746253706903225122459844
-0.01155394555583205522253376,0.0385441630698213980044109,0.4760730003741025506691642
-0.0107273298692323066499954,0.04153711678977008853186348,0.4804422815427393800291611
-0.009487046772406190070503484,0.03321955994529710021190283,0.4736788108539286001885671
-0.01221370335592878407504625,0.04150605923205522712615689,0.4712966745860822648239719
-0.01002309175449480477260167,0.03866907476465021586964355,0.4676118097962915776122372
-0.01253017286940369748315938,0.04349885818939534104510258,0.469283345299310539200377
-0.01426772073042593090563823,0.04324790655541425193897354,0.4699644975295887427968466
-0.0123377548297720750908324,0.03110147046729520511898492,0.4722121552759456775127944
-0.01153478454304029433841183,0.02867149417972584060643193,0.4741048903514012979876213
-0.01279342597570544068363851,0.02169140343521155922523747,0.4703834999708934039297503
-0.01466633404505938119422037,0.02368964927860981242724314,0.4721970524927170398399312
-0.01784686270711702618663175,0.02341147400017175306263795,0.4728787930401425754212141
-0.02037153347276892886852373,0.02586062990477978190684283,0.4728840029640650755027309
-0.0213228704274189863332456,0.02475492490106443246866696,0.4725577700148299586935252
-0.02007688207787026654638218,0.01713723809043968954179959,0.4725802321036373654372653
-0.0255543826305678623000972,0.024234159364162736333137,0.4741002207780152799543316
-0.02105892096243987959836019,0.0140024642161525516431686,0.4682997667960716037249824
-0.02289226654670298288785091,0.01295250428060158547072245,0.4709827189531806124200841
-0.02148403965828433667684116,0.02011849073755770864191383,0.4646220794462989078787984
-0.02264224704925339032302034,0.01586089395069842367114177,0.4690305373001791844345121
-0.02359337035224720255377484,0.00999359652581893222189624,0.4721116051443667860354481
-0.02432887245357349265129088,0.009200852857691369998671682,0.4708843405776041435295554
-0.02388205642239468740051223,0.00580016471146221467697357,0.4717974613748494583376214
-0.0246157313560270256391771,0.004918888993777079457481172,0.4715973190944907633692651
-0.02231717121415178681220759,0.007738665289251689914651333,0.473997051753508813476401
-0.02388453102239609243673257,0.01100123778098827109772628,0.476381202679141302347432
-0.02344052542458436097505547,0.01281070907467793222600516,0.4752370252876521039553381
-0.02446521971214299026597949,0.003210809977274439556971242,0.4682430483041381541475801
-0.02272486424452251074779241,0.007046190012036377021964473,0.4698173426667046070903666
-0.02187388052922078704454201,0.006490202748727274227602546,0.4714884965697592744682254
-0.02441845718669169787440332,0.01837244008506461884211447,0.4732844784975911434088403
-0.02213122022914413081218221,0.01123204977065268145297594,0.4727111111801269305310313
-0.02190252702924673847140191,0.01421565123587684338624104,0.4717869963884310791080168
-0.01738166463966878474978195,0.01905151923523805759796979,0.4684404006163670475260119
-0.01821325408211791480050934,0.01846140588398967677385976,0.4708853740493914030729172
-0.02169734175936956915853315,0.02129804289087575477901204,0.4691568692626336689599498
-0.01420229963248238747031138,0.01793490890100594287170921,0.4739388211614963819506841
-0.02021492037721365001012863,0.03391352000019911411277107,0.4667605548223807132579566
-0.01694278206945061537869179,0.01814534312666890233933792,0.4670947905304130287618136
-0.01716148184624366121453498,0.02319524175148886258046588,0.4684039161782775351205999
-0.01656574346315048060218622,0.02200393378925086934616573,0.4665599955371646512247708
-0.0148136309158496265458993,0.02005868517327409270012417,0.4695836955219753194867849
-0.01275660965529146033403673,0.02035727822991252600193235,0.4681046490035442042554337
-0.01600736748793653296818462,0.02038422108612236022251452,0.469979920624924663030697
-0.01885511415320124950500968,0.02790217107668703164224944,0.4732319625272541352423161
-0.0185799292542866596733564,0.03389008385688948438163592,0.4699782527460936720764551
-0.01790100573498443550790604,0.02291960326994934432631723,0.4713735305027620947626588
-0.01522601713322807755190968,0.02035729332252046372420118,0.4752292761150360700383999
-0.02023893497832297827532244,0.01900798033633225789240662,0.4680301018054136008572641
-0.01824966065285866384515501,0.01774424389049702316389912,0.469604550833832457001904
-0.01854702378674214641174345,0.01873478034067898798098462,0.4660527040381531871382492
-0.01838550504865199899939832,0.02170146847163603731623027,0.4712706802249723714304253
-0.01284600285965346692929057,0.02244005940164108675594079,0.4707459680345393304712331
-0.01610034589652090813993723,0.02945428409688534768240409,0.4736698773544968377180453
-0.01540475159518727918395165,0.03094087260781645809526452,0.4729835873411488145201531
-0.01166517475141413962003156,0.02420159302258884440051112,0.4738355645274123228993801
-0.01850647858815185342606924,0.02903088329025756489376597,0.4751329618264678589234506
-0.01610970937771765906787458,0.03559250941474252638574427,0.4667353620769543742774488
-0.01604159893896993718809263,0.02015947869508601456023378,0.4709826179530954837204604
-0.01979561833858133404473456,0.02521636361063811851423999,0.4667710482272924843449857
-0.01903648901485033642644318,0.02494599685164750751953378,0.4680807479098585410781652
-0.01950740491530104925299582,0.02836423404335629630534932,0.4664083824934037725284952
-0.01909638095784893865869414,0.02904146500410965600624813,0.4721364392787692487729601
-0.01782031912139244583803688,0.02645800673349826478975011,0.4748430110002704318539202
-0.02084545912998157779494335,0.03216870313752920318428608,0.4720634015740702293939535
-0.0217335548439585024560472,0.03208294676143081530783618,0.473208121818218585552529
-0.02057414365176701842585771,0.02972051547460855328020024,0.4752900713259692322409933
-0.0210576446970695170535226,0.02931306254604099104099646,0.4741471776656996928167587
-0.02086166499224280379554131,0.03818549084067631577132929,0.4721783878305241821671245
-0.02206369742102409076123237,0.04126511292336078329245908,0.4687985901146978218179129
-0.02264137956197831078042348,0.04554545006203038898240365,0.4710058384635144590468769
-0.02188072785069947873148877,0.03931948717207030957743186,0.4692970667754131075533053
-0.02400427233632754578374069,0.035717156697083703165152,0.4739939582494386849376156
-0.02683851315379992205634174,0.04041426402552462243678022,0.4742331536987367535118665
-0.02889645447301999320321997,0.02777348451209282059748418,0.4691046145067755412938482
-0.02586562080684296632826502,0.02988230177808175527798262,0.4726489576418727023288113
-0.02322442853611988641815422,0.03135632243879563768595986,0.4668311398534882306066152
-0.0252550989970372688486755,0.02211158634476340784091875,0.4718297606877769889699437
-0.02719229309770509681043471,0.03779083079845813042396685,0.4703846642438074820979921
-0.03002907139530791233439366,0.02570047946323544829638763,0.4751444118722483733741058
-0.03128713518731388032456664,0.0313909740998820283031101,0.4738051890818146261175059
-0.02657226985853449255370329,0.02398236235096696394863969,0.472541573892856558991582
-0.02491063167335083247677652,0.02403831340608645131262655,0.4757452849360345736862143
-0.03306302815608447298600936,0.02379605409465105486654934,0.4716936968634276028389252
-0.02767009525553168827749495,0.02368642466561471718322629,0.4717433667486565229687301
-0.0312019913854057126534336,0.02369092374667127604004335,0.4677081374444189143524397
-0.02609787999271479322360712,0.02516121895919900749993836,0.4726892977820664198951306
-0.02852425815674913822661551,0.02906250131715345033645015,0.4757080006703911512211391
-0.02418977141077482267972343,0.02968718943348618022337604,0.4711761059530374384785034
-0.02239642570061990689556097,0.03178358090426921384041847,0.4724309099374653375669197
-0.02359208302878250049228193,0.03169017574924139213354835,0.4671825649713119421591045
-0.02314725168389308515570768,0.04851935584146488400492103,0.4698616465133463315773099
-0.02119871286304502930319948,0.04643319741078693468905314,0.4654256526493107393172011
-0.02086450906134799249125322,0.05187949673616675666520948,0.4674612302396962681960702
-0.01543139892151870924685841,0.0469624575912631070373493,0.4641403812854023591683017
-0.01828197714161822889922249,0.0528009522868517142124567,0.4654890125689237767581119
-0.01522877913423328899433784,0.04937062393113945263367626,0.4657130059372543984252957
-0.01937359938085935970319973,0.04579358701572121270739757,0.4720920445110092789064993
-0.01513121172025308318331849,0.04493637278747826535596488,0.4683183814731673999531836
-0.01701044358909349976660685,0.04987278681132183838498051,0.473338536375380092291465
-0.01360981276377074000727418,0.04639529118619645231547111,0.4757604520147702964472103
-0.01584861314295115536365799,0.05482100810413410851840155,0.4693281858408502316137856
-0.01471573254299412929213542,0.05363792541356414422804022,0.4687509923177727855225783
-0.01612024762749048045762379,0.05143611412361911300328288,0.4654989243715671465295713
-0.01707435789020851982233928,0.05374043071462048654085564,0.4633660575407281267956705
-0.0148723889926210689482744,0.03885545743978049276767806,0.4702454262878719148943674
-0.01477097879604931038310944,0.04087915563943528285406614,0.4729651352307774336836133
-0.0165935348939365810705393,0.03643125041991921581052694,0.4694658401799669533716042
-0.01075815650997213011874631,0.03186179947114380073269757,0.4764462558393217639363115
-0.01240582439199136056962036,0.02667680178116203087990144,0.4719644559417204843221327
-0.01469333272157095048038311,0.03003505293704493428474933,0.4679142923323786895650755
-0.0153432811976485332372544,0.03029835743765845954000859,0.4689628163455483167432192
-0.01265672249236866366006726,0.02616775885984469821043952,0.4670666089595417180824199
-0.01021785642558248330402648,0.03212857796638624030549636,0.4705358845522321087351258
-0.0106558598244430903501101,0.02632537003073389877960686,0.4695677676066618011496701
-0.01230016923285377414276631,0.02836461290663242276743894,0.4709732250439820910870026
-0.01417922544107910569344266,0.03041296466373749271538962,0.4675467559009754969778783
-0.01361785542408865817831654,0.02720780254905909301132994,0.4628630866351819417303659
-0.01491447366403058499839673,0.01894494054064196214559601,0.4659454620393648216492011
-0.01516556126288083616859836,0.01620171725922460795321633,0.4660917877643543927312919
-0.01393558943476446224107868,0.02612993120421425174981778,0.4618808704093088080000484
-0.01623349822451835428038791,0.01916238259413485106597008,0.4671378942551533408611419
-0.0160393897297748562469355,0.0192939715863678917795454,0.4687185260789355489841057
-0.01611614392202275619636609,0.01966917653303265969833014,0.4694990437989330911427999
-0.01455194227505398479882714,0.02407832421344025669585065,0.4643931171043925165697885
-0.01704627141522715647048436,0.01761056459610007077221105,0.4666898910087320939688027
-0.01835646820634351250589589,0.03512656453268992590155406,0.4595725570585137420565047
-0.01756089249168921867516602,0.02822383704331076978433224,0.46201137264558111983348
-0.01602718285521628413525796,0.03391785665529455096045552,0.4580229417674214764666374
-0.02044619574325049274343691,0.03307094999968381021648867,0.4631517519887058953464987
-0.01594229356070134967504615,0.03602552372151108378561801,0.4631289119550491828469774
-0.01834155258720874051570071,0.04705290117911178904286373,0.459776268763800399774766
-0.01939409341130626449056784,0.04616188289446578052466208,0.463148307640730338974322
-0.01845879658992789426608105,0.04494159410162625739593167,0.4613754818286188164044859
-0.01574406332153813550811527,0.03959392475969716190808967,0.4671368656628389626206399
-0.02025735363045049960972754,0.03976856840192589254145972,0.4657825989596978133455707
-0.0148415117466287761055499,0.0393461545392787062636053,0.4691615091712727503292513
-0.01681451346565405666200199,0.04524916146927833449087331,0.4655038618545471185150575
-0.01373944874403740246116001,0.03803016839576791457977478,0.4609245228060300791916859
-0.014197618626701300620363,0.04299855438887723729779466,0.4659051949863007857643993
-0.01178635474956781295508002,0.04257148780985632596784995,0.4659923661733693101005827
-0.008962184322605011924101071,0.0498274027248044593108034,0.4571374656426192006897224
-0.01146630543690834412584589,0.05286453755024016903929507,0.4607144377032281745698583
-0.008180283486909594239944177,0.04376524203321519035370102,0.4608633157867441654254037
-0.008156058010797094873223223,0.04560421288194121958170513,0.4608366915257361973168315
-0.007760281885123992279273963,0.04651021447641293105057514,0.454007938176226533144586
-0.007230528179342029897191946,0.04938642238524925537346277,0.4543319079788870062941442
-0.008376448832459261126248684,0.04865592310818871862876378,0.457680187840521279785122
-0.003083902663324623871776708,0.04213536727062234393814677,0.4629007485763525497901583
-0.006824508437182590439573637,0.04280625397942961624098146,0.4622829049948712354378699
-0.009102996628771582027228604,0.0434409999110095187968561,0.4605126383795897226924865
-0.0009345857209973717615730804,0.03631834864316405703243973,0.4605804065261553392751637
-0.001973787235629131942005188,0.03332455459144671033877572,0.4570448370269358795425774
-0.002205903626021236962895244,0.0358578766292729778086823,0.4564856896997573909580126
-0.001485294894302567831126383,0.03444551852996204782675349,0.4569369637737384914899508
-0.001548495755206565679257258,0.03240834420295664319855433,0.4570523635494593839290189
-0.003727269465597038422544074,0.03519697434798815111056669,0.455617356888241287204977
-0.003913342642447756661305824,0.03223215568546308057440442,0.4558776631921528377233699
-0.003154331133479328953816978,0.02899913663153663723193176,0.4578338178353989484925535
-0.003662412817675650585080849,0.02484481319512515939962327,0.4559647687096580193077955
-0.003063221717387878354627029,0.02423350456123188681467617,0.4564558921753156250922245
-0.007866648131702716831292754,0.0405319079240338553393741,0.453974216925482287887661
-0.007307324344854376416136255,0.03821833708833578119312691,0.4544818308767963888072927
-0.01109566995700833266780272,0.02719963594588615043989854,0.4551906396491693929107214
-0.008661113419068437735415245,0.02159726430677830558146901,0.4575223757946443314814644
-0.01121727564615307599915628,0.02149456289200420838758632,0.4564784983824761166459894
-0.01219298368143843618038868,0.02849445685555683852041575,0.455543359643858725149812
-0.01394618379186806159109047,0.02211502429614897388687744,0.4569487620483033696316966
-0.01313172498816828591416961,0.0126834815234302851483239,0.4539344305662706968718112
-0.01515682722811377038107938,0.01206465041274337908483449,0.4563696793304596321938504
-0.01679269104678439775146792,0.009838763617501255359654166,0.4583850564438094465913309
-0.01845488996578566534556565,0.009849767757275178919895708,0.4591343293157017502181816
-0.0204320923928572734107334,0.015448456915674570189001,0.458984451271524540594271
-0.01871297705458802723699208,0.01360302027619945779146615,0.4559667060212830302923237
-0.02196471264063223211016052,0.01593289650245123881266984,0.4603822202496689608430813
-0.0215695037390676962185676,0.01587987880757466344072704,0.4596468017282092644038016
-0.01841910817763580884842689,0.006885655655173672333446699,0.4596360409425539472749733
-0.01609167937003795623152058,0.005084417353690132666821366,0.4610661652996339565646622
-0.01962943034562296407141702,0.01055377546327020306382583,0.4577341028260380473291491
-0.01744533556177482042093274,0.01749732783118519360843202,0.4584013423785886498507125
-0.01825026534845205009038871,0.02241422535744153413106439,0.457027800987447829772492
-0.01669186730669374243984926,0.02323758451060239579866185,0.4575445791542124274187131
-0.01503467250947886080236771,0.02402068840027128671099632,0.4569288187061533723642981
-0.009367060766098158838821597,0.02208416295501154300029434,0.4653921546030899136781045
-0.009967434172160847052901467,0.03263755216614397380858748,0.4596425514108837262483576
-0.009558789628299835597347034,0.04265610402217397123525444,0.4570162341656678894885601
-0.008914661421370746394177154,0.04708077219248722744548985,0.4587528434642783037311631
-0.002785782468782404056040214,0.03202561983455349398086653,0.4583007510125726713390293
-0.003709727082194984228852297,0.03061872124384274612696188,0.4564517871831614281852296
-0.001558846263866081778559636,0.03127168883107166869050886,0.459574163050952555487072
0.0002064633948035194852769353,0.03301872499839465097126734,0.4589569053198193082643286
-0.0007824037519647859947533042,0.03860164460440364264659507,0.453269106629099138849881
-0.000656923718273618438036332,0.03988574022597446422366829,0.4559449319469782713198924
0.0007656895462993360164383194,0.02932075361422122744547991,0.4595845962064998291296547
0.0008138777987101290280202992,0.02978601104633290044820804,0.4583562100599884447937882
-0.002174487050657971428518911,0.02963386458839963738531864,0.4580045012855821218167307
-0.0005090584162105079571100652,0.02751718283088119137991256,0.4580877955020883907089058
0.001414235160445268847662081,0.02617039918315543917115562,0.461596387811994357530665
-0.003039081513420394640989652,0.02583827052656708853084488,0.4585664442333391432882195
-0.003611201537487717608959636,0.03320336506084564653917823,0.4538653365187108046363562
-0.003497451616922012118671148,0.02583649013343721628777061,0.4617475242790636258405357
-0.005900476213115704755829416,0.0268997695284075508115329,0.4596164602253391406883054
-0.007151476410914987293099276,0.04285159364254962494067414,0.4556175765608648231541622
-0.005576782259777920275345409,0.02666131218013055581561588,0.4607115869750599279619507
-0.006996018563072340171182795,0.04035145256764995774778626,0.4551555263050435784499825
-0.01002188390830670121356416,0.04254629812637264474339815,0.4572227339391474187912934
-0.009812636933065216685023735,0.03934560364682643945899443,0.4572124253438805130400624
-0.01095325985362670916101191,0.03885025598877486774362922,0.4580598130224194375337277
-0.01114184396827521718320586,0.03299011933472297680713936,0.4608559228992035183836151
-0.01083755493063169421386061,0.04060526242595196427798143,0.4571825057674652192929443
-0.006935101219152453068395037,0.03530963592362466874075011,0.4626044619277352443198481
-0.01019870696590013600668634,0.0364068175465740578866658,0.4589280043997098212926744
-0.01002550969719988478712214,0.03048903601362849130618216,0.4631743372346988629750797
-0.009667917775575298258705637,0.03165902721704139805014577,0.4636376615162143277615314
-0.01071239357251576283791561,0.02759938437917345416261483,0.460422248908830711311424
-0.009618930193331926351008043,0.03834582754865258069632006,0.4582344836527542653037415
-0.005669153078508610762997755,0.02607186197657631460122829,0.4627395758949370274670798
-0.002676652757957093207302757,0.0268884940480380689453721,0.4640971191949980201307824
-0.005953584400577709503932233,0.03992107609985137695041146,0.4611319690938274207248071
-0.004472297939756232111607748,0.02590284249465654026201022,0.4653099880068174432068417
-0.00394826556989009026105153,0.03438513597952949640834674,0.4611437023102964438692197
-0.004367711408579773996185835,0.02312763430501928521576538,0.4638525256563079679494876
-0.002850633527035492924966986,0.03274316641557458579248063,0.4620846287081541436947418
-0.003342730859260532871868321,0.03479471854233583821836007,0.4605587497484830983296433
-0.003148308686636327059088503,0.02402986653374227302149002,0.4618444734427846753987978
-0.00247399456092317962530025,0.02791926641573904896431735,0.4591223120006082680788495
-0.003556058137322206953029324,0.03158803417101974098102346,0.4618583973985910251514042
-0.006748350662626856344417092,0.03538123786844851043076332,0.4645266476000606825635941
-0.008608409361598077028099318,0.03503251006442249099182007,0.4635750628945539686398547
-0.00491627953144649527950083,0.0219744037404760624021538,0.4681150598743940016710496
-0.005205698117913720376903619,0.02364796886710228418504443,0.4686800829365171949802971
-0.007765313654689061026448194,0.02354138332906957273293891,0.4667855902356558561727695
-0.01015969315331160215121198,0.02443635323897789396463409,0.4626106664867969953114368
-0.01274725378139771568564154,0.0217018024624672546674109,0.4635312873169055714051012
-0.01444971838001815785113013,0.01962013520390203102916615,0.4622447526751755630947116
-0.0140464021887132597954384,0.0206014439211186818623478,0.4630149436918500338578042
-0.01641729452300078051507626,0.02496729561179767201140045,0.4651322566426351334811784
-0.0147551245669270327670608,0.02080048943754464127464665,0.4684201985962874736912909
-0.01512999096494880776897496,0.02491616939302174552062219,0.4664781631414916529543291
-0.01527459023877782498535005,0.02904506538260316628186075,0.4678519293052330052518073
-0.0184131087105707871853788,0.01940549179981721286680774,0.4629984991991725751248055
-0.01765594419553978208781153,0.02091848100704841312280635,0.4620921038196153518562426
-0.01625114474767581571046371,0.01501920077628888378074024,0.4638560648892816051791499
-0.01914438194733043135942196,0.01830387458952934323641593,0.4639812315440280943157347
-0.01814135909005376925962061,0.01726959850860871822919584,0.4630007388669333812103446
-0.01714651591258891868974068,0.01004428315132504904994004,0.4646014162225174382037096
-0.01487439843694398668161316,0.007422467887083182384866387,0.4668919925691726868777209
-0.01308517343355476356125955,0.007195838912915018294180758,0.4691066030751805948639799
-0.01370952837325239807853006,0.005150664282682228430065852,0.4670189976253408259410094
-0.01286858003073238637670173,0.003987623773305984387071987,0.4665138502420689836647227
-0.01089264088123467755231388,0.002853438051281446778684181,0.4662715553284320635363258
-0.006116253284696247793927881,0.006091122102007757305175417,0.4636263087430533280652867
-0.007134102837379416479912653,0.008814904858725809352892888,0.4628510742757597773433531
-0.006846629583771590005225605,0.008903531193803805587894118,0.4625307629750592952611044
-0.005685055845265964483137289,0.01202938089224342421701408,0.4651995994926914623768255
-0.004455657246140812613455218,0.01377057613844679187509179,0.4646594050759852434495656
-0.003232935922624474798375838,0.01615703856319198120083946,0.4638111262388007749457586
-0.0005722417025667014562478885,0.01316392847133718464747165,0.4642539970604002697029955
0.001615185166636112128538127,0.01162887425980398299618646,0.4655117573155603261092494
0.001187869273064984937393618,0.01589860868263279561340973,0.4659244249689898365041074
0.00225724329355572956093412,0.0159434864805520735975275,0.4612970960669740549953133
0.00400800743618912134330623,0.01974685885432690343743722,0.4613526197156631036833119
0.01076893390115446144661426,0.01971569431142920422739273,0.4628669661458740258730415
0.009945594385740972459553078,0.02589758549444608898282283,0.4609903623662750526968068
0.006785108694432259723861023,0.03225556592261376309682674,0.4587422578631272229721105
0.003713699846239858996105321,0.0387066131931090781637117,0.4642218409302907300428842
0.01021442847683904329991744,0.02557434029215889526032157,0.4635441368028200836981512
0.005682184596809199995937067,0.03614206952154490337658643,0.4597366320011789242450106
0.005763739677120019271050477,0.0266956068680171791640543,0.4590717958782153385044467
0.006133927338985580880736936,0.04064170148083565831109709,0.4574154706479852672273978
0.00596993730447647943243572,0.04172628455544403341948012,0.4588365083654633025389558
0.004831495323160601464140829,0.0443063055348541651179417,0.4571508208660594041461422
0.008062057913501610370565764,0.03887305283370730973890872,0.4570314500612754349262445
0.005757568475581627265302842,0.02884151752570652399443318,0.4591473571998676006522544
0.008800932006964634624068822,0.02730349743179843330365131,0.4613363929340099645060036
0.00665993972011100048014054,0.02703467898932919791232798,0.46140279538153933236444
0.005383744594908338072791754,0.03050243149024731495466689,0.4621984523821620061134752
0.003628027926499491958439725,0.03329628237148788555410661,0.4656927011605143107431104
0.001814377461147126608179136,0.03105360355310315609300709,0.4577032658303971657254294
0.001009875757494348418735752,0.0352008917543425101093213,0.4538792262825966927763943
-0.005447670825142289507958537,0.02652660690874513588211059,0.4571652484448181508192022
-0.008518798256800349383288662,0.0337090456357312107105173,0.457709686476976462810029
-0.01079214607965791813959378,0.03867401549844613761752754,0.4564502791921548063847069
-0.01053258183488342894507106,0.02535995776182902936013441,0.456309567542312444210495
-0.01653547400251664453718625,0.03545076899858111418861739,0.4563866222551308249322233
-0.0173171421645978602932292,0.0352321838909399262518285,0.4568595443428544178310347
-0.01822169860526679646683945,0.02261972361977736267757422,0.4599264812711809091716475
-0.02273687437998878763112387,0.01901719217351130475357479,0.4578172335609345111606672
-0.02648198175208384130829842,0.01593955886323032353213414,0.4549658123341508986214876
-0.02801136524537106362031658,0.01737080135064572247727277,0.4549393938406257609230465
-0.0263965026760784177151109,0.01563422684093989170617256,0.4571598590674373352449322
-0.03008258000181154509511394,0.0149365808344766228671352,0.4580879986340316012416451
-0.03302193016266290193083677,0.01771549383077954120668807,0.4557227807894295157353781
-0.02887760254095905754212481,0.01719199301822507339188029,0.4519052444287602887662558
-0.03223278640636390718343662,0.01313460207690926064005854,0.4596019628160415981810161
-0.03340580728077457983715703,0.007743641220197588354023921,0.4544588356195578549012737
-0.02956896363349422254818144,0.01432217296971006505190704,0.4508397630141164347250538
-0.03268666789818136519940595,0.008967665972683003250409683,0.454993632205839881876841
-0.03089887825063641554890204,0.01204473503690747966665686,0.4576573209204496950341934
-0.03172409902761517269675906,0.0117783044229400404856456,0.4528142164330649088732628
-0.02553301816247319222519252,0.0139044293576853113247882,0.4476875895320264753252104
-0.02459511445188519718207942,0.008734698749426814817775622,0.4556258731429331798601368
-0.02490947847756977417965629,0.01699997840053217232347826,0.4503203736941286949857499
-0.01823001929990325162278531,0.01760306304015901018855672,0.4550572033837648744380999
-0.02134585323618401475620487,0.01093804780086299506536296,0.4506245200506742154544781
-0.02077951057680581942177511,0.01710876730514534344029798,0.4503018207732739086601725
-0.01642921531483579333787759,0.01731427922718975151439302,0.4492479601275686795780473
-0.01547532564866660464986126,0.01882608665112275869724101,0.4492908701937453064267913
-0.01357040930846668998210891,0.03516354171941337564133434,0.4463950554496832201500922
-0.01327175560159178646646438,0.0214586067182329365277127,0.4505304255183027462017264
-0.01100446057470072167006059,0.0247686802772661730787096,0.4504891488984111291848933
-0.008422506330254073830809958,0.02085971629570479782267434,0.450610231262750016156815
-0.007587931721416356356524346,0.02486168298764222100993848,0.4546537679453836466869632
-0.00909018759906517204161247,0.02694605915740131210633912,0.4517336705414146669212982
-0.008749125198039201314892388,0.03131273393905598112496591,0.4467714584332627136831206
-0.00815055144275465652536905,0.03328873250534360173080728,0.4430267679643488665242046
-0.007130785365497755053099116,0.02137264755466591198418413,0.4470934034223519315531803
-0.009057298751614517237640278,0.02729712673223197438865384,0.4531117434406060073825984
-0.007566208504814535273919063,0.0235503679494401887972721,0.4514328076555265689684404
-0.01018440871593245290738228,0.02557152512379739020542679,0.4610712668889794252358172
-0.01497608680440871455064045,0.02299863355049986193834322,0.4507251247698778051642421
-0.01048452468792386918505777,0.0218770854604347954330823,0.4552473665162455329635804
-0.0125444241298860274802518,0.01979192408887666190797638,0.451321655869325488730226
-0.01770050781900760553111418,0.03311823208228521081553097,0.4493162599822206337840669
-0.01442649825115514122808591,0.02365592204398102305074048,0.4538402551381505722893905
-0.01449698939630225148766929,0.02046331173776023970578564,0.4523810006148867857156404
-0.01891981418118788421667276,0.02016592509814246758637069,0.4510730554121875068851466
-0.0151868781381136273150867,0.01914492961859586006578837,0.4540906986028614422679084
-0.0194364459441727192856586,0.02903994241055963404507523,0.4554093505197800983985701
-0.01886583286737525747001065,0.02527912559511756585006736,0.4522465464396847600880847
-0.01831914522401892689296155,0.02468349310389585105074417,0.454195187906605624128531
-0.0165085304635491127156488,0.01814719861352850557856264,0.4564310139172008118357837
-0.01879769262353172057378181,0.02397700328343663894736792,0.4534762544002715056734587
-0.01816139419738513685609327,0.02912582525803754374127408,0.4523459866401153273152147
-0.01994410037856201786676813,0.013586279876830354568229,0.448858342488250128266003
-0.01845487867580341070916639,0.01444775769930073568148021,0.4487054917115174124120358
-0.02186496550458515153447792,0.01681290393613957961926886,0.4501872519827164742522996
-0.02274086575998895964900726,0.02625628128741531661094477,0.4533487762549010535728655
-0.02735847638717044810752199,0.02953426315765553950010158,0.4583515220024942937726564
-0.02494258957529795622809488,0.02194720873779792275071188,0.4596995698581114453418195
-0.02571836957010297311509994,0.02581867055517206646642059,0.457677162348006649761345
-0.02600164158143261280975445,0.03124313808027795805188909,0.4556919239726896497799657
-0.02549447436191674964955922,0.02943975303698732198798282,0.4542641123430389282766839
-0.02770706544655196154613996,0.02142904643766899500101353,0.4586024223554101553190776
-0.02829391676862890586674482,0.02501590674689891172222111,0.4627514680431755178524611
-0.02899624218788501503474286,0.02719049622524763801245662,0.4633539413143668017625032
-0.0290139005190557450197808,0.02447439816078005384025751,0.4631901164658355773973142
-0.02805124904613758365923282,0.02442776877499739859866956,0.4627406011700871957259551
-0.03003642467158743750710315,0.02802513561047136059212193,0.4603733411001975084353433
-0.02813011046678379201146925,0.02461211862472962447201397,0.4651669675896717426333282
-0.02979160659155680873633187,0.02325435077554962107204695,0.4623375136733828827395598
-0.02137440098426120205221679,0.02111360437243508039739659,0.4670115717046194880879284
-0.01912368971686882052063439,0.01814009527155957188226942,0.463159726883579259126833
-0.02061110768100581080997102,0.01486255286366426967004095,0.4607438966178526440486962
-0.02090539814118922909425002,0.01339522875115767459874849,0.4566044388434541967392022
-0.01906526435186519513598213,0.008319635723094130283494785,0.4621396362662829604417425
-0.01533666985370291981072288,0.008148988289486092453928201,0.4661471431408755750069872
-0.01533829131571645167098072,0.01152325732914894623748481,0.4711354634286110676377746
-0.01388876856069380140434877,0.006021097710711524782223325,0.4603888154737815763262176
-0.01309983443654532710154204,0.005980927786966323302098036,0.4591761131485565528009829
-0.01468732094045344799271291,0.001616149696687795228947082,0.463010528768127316290304
-0.01432242651928946307327006,-0.0009224412358151882042681113,0.4652364942414797810421589
-0.01487879635155858748518654,0.001897960797354273070752795,0.4683217292459467273602058
-0.01378677070498757380179189,0.0008811185839852150739406889,0.4640241297109840568069217
-0.01198573882772143404940035,0.006221992053998432435635291,0.4605966790567114221843781
-0.0111857076975136367213981,0.009273161620492818835170823,0.4605946641950841580204212
-0.01702177802994508243328298,0.008452602113398519773079798,0.4696366441549411074873888
-0.01657620123546568735584117,0.01086671566418198967007847,0.4676889610889242154811996
-0.01505072607250549851509724,0.01012683984382675705937515,0.4688485367282408389222326
-0.01285323420439029619422033,0.01299487401621378379612537,0.469164346768424389555463
-0.01418878637295525706185639,0.02715390882384033366392373,0.4595039606785211172557126
-0.01438033919798935647560434,0.01718560199827221315893588,0.4667724580247462617954568
-0.01152016201618445701004845,0.02592944506202130017236129,0.469272831411080726393692
-0.01323879676597508776858536,0.02625476011139936394211958,0.4694797236587245903294274
-0.01306195891727403302073895,0.0293875987372608921122108,0.47072236215894480704236
-0.0118206620149414950993183,0.03920066209120392358711271,0.4709579664377752106219077
-0.01168287560925045619197871,0.03154285114765744552078885,0.4645567454621731262598416
-0.01280010124483965672226304,0.02694441447236085168670527,0.4706470279265967393556025
-0.0120081838832342448208923,0.02706791538497367588522735,0.4712875212694330184781677
-0.012346889609349450886433,0.02502528885352491017091126,0.4698361495532108467187982
-0.01327073929970526075527992,0.02501059747185005108227607,0.4702379371122328288734593
-0.01150804035775154776644058,0.02255476223293264789737655,0.4737806272681039931882196
-0.01425874088782530177410557,0.02495491484139785928753064,0.4711837578902588474782931
-0.01568840228051581256463187,0.02522675668219610464748648,0.4709051087809254521054925
-0.01356085541369807939693359,0.02510241459247061768245146,0.4771310256260766768932058
-0.01436497407440482515506019,0.02210896270461672544205278,0.4743219237334566074082431
-0.01645318146541337872568178,0.01860126378075042594129052,0.4728232216461498160775534
-0.01683585846816956776983432,0.02204619050615579112228914,0.4733267317043117761166116
-0.01559577355971186393701622,0.01870847592623819249935124,0.4736689635521132424322843
-0.01558920237924529307582677,0.01430407069295847911905017,0.4744196184691983897430134
-0.01551066675100528681474632,0.01824991865154862794029533,0.473647707496962722117928
-0.01488036553006713558211516,0.01424352573311415265377988,0.4745722446077044187617844
-0.01646986420316040936051571,0.01764975963706871472935767,0.4726093358179911940730733
-0.01150257204548636898178149,0.009532901385958190629277276,0.4775809293270472100090274
-0.01649451867063448165517947,0.01117917265810290487759726,0.4731621045861242325081264
-0.01471248141186480042075235,0.01288122633194909404108497,0.4780092216105580882334891
-0.01379155375801624158760283,0.02877392271849424018603791,0.471997936852263155760312
-0.01520103024974948230374494,0.008337023655265007882064765,0.4760772039778174424817792
-0.01375133094150009574474502,0.01287682655633285919161146,0.4749976279126281175635427
-0.01637623843956450761516486,0.01360521874216455949502258,0.4741703368743458990586248
-0.01468736230548348987989815,0.01515018323772689828876636,0.4751440039726235187167447
-0.01615972740285122333236956,0.01212531323563125623676839,0.4734818892680091595437375
-0.01032636281062749260273304,0.01678830647331808201272452,0.4792932515232903867286041
-0.0122006129728830445269061,0.02142932169023135241525679,0.476518593957372227354341
-0.01047119588206325488388693,0.02462392889663584522041972,0.4785356669243748251041382
-0.005979714080329607238384337,0.02020894702499030637365962,0.4788866456298558893500683
-0.004347668974099249891707153,0.0251651313777025466278392,0.4791226165009178639131449
-0.006058286954099253128480651,0.02904366790792200364590414,0.480388723634153136377023
-0.001640996527755455040506471,0.03019129715707740205243859,0.4733171109602181125808329
-0.001112192525381779442672503,0.03089064760323948638509606,0.4726414249286824964535469
-0.0006853605316291502998204965,0.02226924124013318975756626,0.4766441639680815134383352
-0.0008380113312950077542745619,0.03653652918371100982719568,0.4754239153004503615207454
-0.001839322423990577461822005,0.03913993189594158761401843,0.4773973005369263056252294
-0.001111679505831692687037315,0.03880580043764055714339278,0.4780960997432590064981639
0.001050698975298599777139508,0.03062116274269958970943861,0.4809335816516372430484694
-2.659186891497928865633026e-05,0.0219707831441953022055813,0.4850751484424715154197827
-0.002056055952830490498456362,0.03163422896580167509306136,0.4852097340422233950896214
-0.0001956715716788243869788538,0.0272193221391994824576166,0.4811364596074130250968892
0.0001583222866961877248800222,0.02621240518653255094361221,0.4770489456062055877438866
-0.0004832300834207268894551768,0.02825169709240644630443562,0.4763938814475562888439697
-0.004396203302800095330526986,0.02183475721302204769491695,0.4805405447334643032064605
-0.004877495498234309632967776,0.02322384781673003315005666,0.4813736486926955548959484
-0.006868512788637290249205147,0.02903021823013873792262984,0.4788662697978521287645037
-0.006107427902742379455247601,0.01598277567619408451315977,0.4817993998865088278726887
-0.006572324187094946354448233,0.01879245173492689185978932,0.4838509868731809548947354
-0.01200183559801701327351964,0.02112900198118096081745243,0.4813166448575275646604155
-0.01072409707454259966685761,0.01443935909393701672032151,0.4827505549209225033102655
-0.01720705589694252260479779,0.01732434771259635034046376,0.4811510497985240220053527
-0.01574726264263192482273368,0.01603523840552937076986417,0.4816231624135741129499877
-0.01188498485501295748312245,0.01372121532218064342278918,0.4861956206366578325805961
-0.01333945772975542350125,0.0164915469292897902409134,0.4815242290213755382843885
-0.01411986363865728837108104,0.03282575863573688329521971,0.4772682989256680219369855
-0.01699346677328363031111991,0.00959196967863721987324066,0.4810260089901152169566956
-0.01698060773073164358981657,0.01910400839156098026783148,0.4805874676356536867594116
-0.0196710701235526842778345,0.01814557902002094866289461,0.482927805365368445489338
-0.01884954916021752691079882,0.0155875916898638670199384,0.4876071117703046908786746
-0.02157193003094555125431775,0.02325936272265139229120656,0.4849164973104709286388925
-0.02314302344385332776965924,0.01834767137048962451495449,0.4832120471262288385894124
-0.02480250671752770932898535,0.0242690043233344948658825,0.4816237277506383307468241
-0.02430402750475922635242654,0.02448289614300172209460094,0.4846434910120623884566271
-0.02459245478981868585077741,0.02249859682369352922859385,0.4855435066316552417120533
-0.02561293866650952641417227,0.02594851397516404270526813,0.4845730644586290769559866
-0.02785705024258438439188623,0.04031218422549907864915752,0.4863458408971869650905262
-0.02543119475659027378666721,0.02413086391433158853225827,0.4827246905519960717967365
-0.02114001913713864019839228,0.02466077267580416357284356,0.4825649648559119375690329
-0.01979974784381409447231448,0.02634788706272324712576172,0.4853067714611287719606025
-0.01777653559121202334059042,0.02431575517480065451447757,0.4841518160508870294300721
-0.02147674300370228800405314,0.03086054475091530233110682,0.4875707495112072131782099
-0.0193837158762482988927367,0.02501228999341930867017503,0.4831353050396188231196959
-0.01579012928222808809231026,0.02697829526602071523178061,0.487305506154563583542938
-0.01344625137917222247596616,0.02695021231556162660814024,0.4863296785562192248164592
-0.01289482298535126088279146,0.01999585892895624356091488,0.4826882261536279972169439
-0.01141399468632052320582471,0.02334655736355659497172077,0.484135087102831540573078
-0.007060236312418819229486111,0.02064902078262897955340804,0.4861141578862321344089992
-0.00949722096358833305085323,0.01984950704938915136410493,0.4834925221062782441094896
-0.008523663359680857046218883,0.01906490491273576948216828,0.4843967030131777762314016
-0.007376772818186969754572502,0.02110803360772794956545795,0.4815426400194433576018582
-0.009262571609457604868143044,0.01605988692876979609391874,0.4845581562042768353215649
-0.0113330498883347109001507,0.0199270381105310298575084,0.4831750260472940095013428
-0.01055512886090663807192591,0.01958677861158960448184629,0.4856123668321304376327419
-0.007265309381875518363047561,0.03111612382188315081843477,0.4826432973811833893051926
-0.01280908985637835804938245,0.0216586229857051101865828,0.4853606066500078530800977
-0.01355836260801681486531933,0.03605800437373898187365384,0.4834411068805237743362113
-0.0138471189729065698170718,0.03684033380887286740490438,0.4841909221637065718901738
-0.01532701695964818443262967,0.02406787214451762760281106,0.4838563569179916701301636
-0.0163225522160310165808994,0.04168801491573326939432675,0.4856483252369110381607697
-0.01688128142671753428860626,0.0439968777438629818354876,0.4847159924066124503383435
-0.02030709581956976692018735,0.04591703751830718965853961,0.4878458304399191369782329
-0.01828556758470953683137772,0.04383536577585872562323743,0.4853656658074225749288644
-0.02178407940612065926688778,0.03004909902565395043994023,0.4839168457899126196686268
-0.02112505582763482547825618,0.03202035517415147830577737,0.4855529607859788154833325
-0.02026093616811620173878694,0.03490903700775935952771434,0.4875508902649117737304607
-0.02248985916804951273872959,0.0332493673109582887903457,0.4859837504936112551057192
-0.02381460120550291104102314,0.03691393481717594737823163,0.4901103859448011079713581
-0.02958702062075010616459814,0.04098676556104220713994124,0.4839467105959726622721462
-0.02763225053641047562758004,0.04135316197780013192097925,0.4907682261295233105968805
-0.02448389081800244823639012,0.03390507716007236382882439,0.4908705010292378489999976
-0.0242179361855792488200656,0.04430516486487328514654038,0.4938519086805565616593583
-0.02732095526161809270759839,0.04078659237087828987045057,0.489059589524555471395928
-0.02377493633503380623950285,0.03493063323539920966842587,0.488688687221957795969729
-0.02342754234303760785262938,0.04635736725677731817629734,0.4856046592766159464282794
-0.02451338035110172189345867,0.03714194238059287389575047,0.4905287194514373894094206
-0.02390567417503307312554028,0.0426711699253919107821531,0.4836619917865452311644958
-0.02022401643522043351852702,0.03102267377430606432042737,0.4925651781606665835511194
-0.01877775684643122333650211,0.03079833391669051581573946,0.4920481638811044500236846
-0.02131916092847364538331867,0.03515064247079926346151169,0.4906279610979452643348964
-0.02207838148651194640215145,0.03285160967516478208727548,0.4900833695670773759722749
-0.02247234687999109109535212,0.03384366681737682736041961,0.4899706098414149391118144
-0.02175244017902549717446981,0.03619585074741899638484099,0.4866795643300065865588522
-0.02086194251258827181416677,0.02610173149294434807865528,0.4906585096160295256240147
-0.01948304151551200069647507,0.01914924482489612639346532,0.4889492911827323373685772
-0.02027830648311651842718994,0.02404812373306256662042202,0.4860602484416192137217649
-0.02014843909609752639622293,0.01710973806199445057529829,0.4858372650222517741269712
-0.01973714158840917526349656,0.01748682877851174752303898,0.4884673493255187737283052
-0.0183512347123024471828856,0.01499988810885612144918611,0.4876449955835868710352088
-0.01515849107330039316487991,0.02222625367972973914332258,0.4809616812352303094613148
-0.01536211983731113062123796,0.02176387332109928213208505,0.4801066282882052727032374
-0.01667595691778529787274721,0.02080719386063447501333812,0.488590934811010013660848
-0.01575430118662364889492444,0.01911917458509741069017096,0.4861491159009347362562892
-0.02103052559303226348719207,0.01906776006212273014139846,0.4820822943382177538929056
-0.01895667008645389450816054,0.01863993395434144703659562,0.4837417516055854682655024
-0.02257770408705267115023752,0.03632332146956551016669934,0.4831778575659861907354298
-0.02350686880252382537914713,0.02526247806831842523944687,0.4828686443722053356353285
-0.02334087512804311481673381,0.0271752267101084930833732,0.4831588206454712763893156
-0.02347729621885342662923613,0.02643852717965907567210238,0.4843852524884187937814772
-0.02670638219859270204303847,0.02905481673530728795040723,0.4837646151083562773287383
-0.02148744081044864223661861,0.02739917265164890439188561,0.4778063295276206989825596
-0.02615008226589471060363756,0.02173362855687336475662974,0.479202528006395178650223
-0.0226283274802140665915573,0.02604884599479885889938835,0.483877010435314613978619
-0.0263658710909051505200118,0.03081201248921467891750403,0.4812724561562367608935631
-0.03120871449468003502869529,0.03141299491293608747710664,0.4793997987248191372522399
-0.02758044077281176023608289,0.02555002105367536538449436,0.4818241220586526041280706
-0.03190926188667100871221294,0.03080368399332287024372512,0.4825282746188108706775211
-0.02835897864500085477357239,0.01889947749799966714157051,0.4782937626895834015705589
-0.0259357327207873182561837,0.02128484397239817013658403,0.4731944576904792976179692
-0.0271333378039709006979141,0.0242310027656502530168936,0.4754936717995050798890588
-0.02714450036427205545375152,0.04301155352843855778077753,0.4724630368177239470028894
-0.02684819191782386593736476,0.03794788054286852424512588,0.4722203563777261359213355
-0.02516076724845127052243576,0.0265840827802304099924946,0.4737385046907183205888714
-0.02439951549059206706293601,0.02614565317138601782676055,0.471285756101780695104253
-0.02535099774741246883569268,0.03336190980577018183605986,0.4665757892582387822422163
-0.01956998498276913203697269,0.02870943403047319583687447,0.4783900366380560709167469
-0.01937678171522102740786941,0.02954379889824003055376345,0.4764615053016137968810995
-0.01744457183400593622280006,0.02800821427796964385725786,0.4764086607086299163249521
-0.01424374843817653377153754,0.03130696130064806320669746,0.4774736960815418873593785
-0.01562989276319698070394359,0.03343822239811131830089508,0.4744822604473077354292343
-0.006798316170958568042947956,0.03184009701211947679366787,0.4777775453934383076415315
-0.006512265629690894633285758,0.02967014246384667985889649,0.4725237732021940195714649
-0.008022656939406621473542813,0.03043542543733514585402311,0.4718613884213144760160219
-0.006631584515273234066434771,0.03406333767222907704663726,0.4687535283825181586792041
-0.005285006484767305369454338,0.03403188597648260788064434,0.4704334707906952517397769
-0.004471685324848983199286234,0.03449601695356416947157996,0.4726699576938914182377971
-0.005899486182196573592906308,0.03495403461892396257404414,0.4703768014660119067826827
-0.00545690730275643579721967,0.03464733379605409308021891,0.4726990059071407568325185
-0.007277317976791263486047168,0.03623001337534886845404003,0.4703556456943913666179924
-0.007304743936916843413675871,0.03264378180234090570666083,0.4684919822322312077389483
-0.009154934835577849955301488,0.03435828955199392992225782,0.466889669827826980785801
-0.006625422810691797281812399,0.03276871173567081491073694,0.4705612493607334023693056
-0.01037599307529676016803588,0.0387140267723121711540557,0.4688979082536794407154446
-0.01132510512880387232304003,0.03598709420736793257455943,0.4689898192380296260139971
-0.005867312863516400273100615,0.03280578283048991156123364,0.4703015492604025182821204
-0.01026830350592142573895593,0.03473761064519255425953048,0.4681678742310192986586515
-0.006631585179773601124164628,0.03137085287974227670870775,0.470009597376959020742504
-0.006454280979830426603904847,0.02815045931911277360404355,0.4690419264908371466127335
-0.01174753144598931868525238,0.03046984653668717915597774,0.4680217648405474717421271
-0.005989181107345743944325722,0.0259396721294960809489627,0.4707207810241593737288213
-0.01343971717040260034636834,0.02671727486827816036574212,0.4667641351506423008643765
-0.0140016095714156577761722,0.02418447803053969807907109,0.4673108433243217119112956
-0.01350971755091093240430666,0.02232028531401392124067229,0.4665451236051147421157737
-0.01359364150090216702415624,0.01707575722114400632034581,0.4679958141072730337661767
-0.01644835190636647140327575,0.01683196525357081099749657,0.4646510738735603607274527
-0.01580066983724779175468633,0.01515231938861608812496584,0.4657890102606981330701785
-0.01728478074561418109666988,0.01487946165505017737107352,0.4646355984030259844708155
-0.01894618731808391659532376,0.0111305171770557185390027,0.4635005556701602968949771
-0.01885423116571352183945542,0.01958090196141944530627832,0.4654119000037270081904239
-0.01960578770705116019579251,0.01044909129527297336759162,0.4646771728553251157300963
-0.01860369232975917289096834,0.009227262860545919209709353,0.4584737879021524853406788
-0.02387209814461999438095496,0.01513508443629588834378197,0.4669480459944924666260135
-0.0159367017572223206023363,0.003629218250166226303332628,0.4686992793425331371715004
-0.02628876784976153652140241,0.005215438438212641712732331,0.4656704566095141162307414
-0.02916782237857433804362195,0.004778205820353239978437454,0.4671247109080230441868764
-0.03105149448005590367971607,0.006829050037716588236746951,0.4638550820319750078724041
-0.03003934851497972943756842,0.005766596024458318751892971,0.4656589075549144585153272
-0.03041734558437693761168141,0.006760072984380287135219856,0.4655987308604765395614322
-0.03073437957230519199103291,0.008384276466066077626582143,0.4664652414873305952269789
-0.03125928515832554488440564,0.009296863180047167107833417,0.4664964336020773205682133
-0.03226011979270113766427031,0.009714897724762082062421875,0.4661050389797381510170737
-0.0320409832823449272631855,0.01160155148808490917222702,0.4668334673546539748123507
-0.03202253192619983201971934,0.01352286955799313246384674,0.4668430726190195834135466
-0.03081774505333324809530637,0.01268213578234304687863965,0.4651159551889844090410975
-0.03103392747957729388974535,0.01570722755368543499532308,0.4679673400249727555078039
-0.027988041247920276283212,0.02038889648097529441739262,0.4689123820367261386010682
-0.02694349390402971805569265,0.02162897402914953567942824,0.4651535915954898570134901
-0.02480436341682696471666603,0.02178561650820494757785362,0.4667029825003572440778044
-0.02690145923083579748702476,0.02375325338880657916051931,0.4642110062347066246069005
-0.02662673664397621070554223,0.02580587706635587008641153,0.4660820827959465950662832
-0.01817901253242260733999913,0.02363849710672410314726832,0.4666377001832763826705275
-0.01989240058513566666853478,0.02564023771481020036455689,0.4621198494007452417520199
-0.01679388695816903809276965,0.03257838477082770911597009,0.4627388580980805188325178
-0.01781496715020551915853453,0.03203282126448817046515671,0.4590677053758839831765215
-0.01219137845673512986210962,0.03171670055061213272518117,0.459580066212397775338161
-0.007596733557754262525230082,0.04151570662631406949394375,0.458338094986158406385357
-0.003232316095947112503244947,0.038591454340466346817351,0.4565686266837366558135614
0.001396729017159914531046039,0.03825093532436030924204218,0.4608319933228091080934519
0.001116786704369625163671409,0.03518772766461847334440449,0.4603614105422175750703673
0.004954348621007244671266001,0.03452865062066277218599808,0.461953024942377665773563
0.004695176751847021830166273,0.03277122185753394978391384,0.4633081846395527003679149
0.008628418683135281527785132,0.03142113023552276646066517,0.4634539174496695723703965
0.008210670658832961918416338,0.03066623618231646697385173,0.4639601091357077877752602
0.009762159731523906841532678,0.03043458873660121952187119,0.4631955853967575920115962
0.009417016327448421084134189,0.03018311265576430896251381,0.462328829495802173799035
0.006157264913910208761760323,0.03194769822607706338812861,0.4645629740357440362608088
0.005773424777430263485356043,0.03156813158514047007452419,0.4656525418665294346887151
0.006995048791436858127978926,0.02686000688508495895523431,0.45911357945869391006255
0.005895586401285674363337286,0.0323469294479292387989311,0.4665111517373667360253364
0.003558375023540526638915482,0.03052310729418025725401264,0.4669370355903552649579069
0.003616417851375075716291452,0.03529343311068980360012404,0.4640974496629380885437399
0.001941044096536763885127441,0.03393520825808899604725255,0.4636477709274854364096541
0.0003437197815406572033031241,0.03075210296931329967407009,0.4644276314728977284040923
-0.0002209065730979575608531468,0.02852744034086671098826571,0.4655144984810664077201636
-0.004631364024214709024240832,0.02815862114066285462610217,0.4670606802017089886902568
-0.008547467026746462248620873,0.02481260901700006391012998,0.4668218897082162532896632
-0.007759102698315269684703477,0.02551270279521801118138846,0.4640998272360847831663477
-0.01105231455911505691891428,0.02807123406652404715155846,0.4592469004123678755213689
-0.01372569500231470875084572,0.02614353985415440034811851,0.4607500723897829941755333
-0.01600592778207763494657812,0.0246077660996332110709961,0.4638812523873793725037729
-0.01698183342843427937052248,0.0211645377479868883330294,0.4639664706588192411018667
-0.01539318565975910171883534,0.01848014102976396066946307,0.4617382421393017577493367
-0.01298532078720278370997931,0.01501098097387941823765978,0.4647974870535336311405672
-0.01274449421201161690431203,0.01496465634727808975690255,0.4655023028967529286070715
-0.01372534214471438432370043,0.01390811538712576587994985,0.4642792787526745512671766
-0.01990748130628441220357772,0.01938272863160015249683887,0.4647681993177283921170329
-0.01187606146535586174040056,0.02142818902874623135379473,0.4571971842531744045778908
-0.012048168367580274970563,0.02178736700650356350461578,0.4573298539908531301634298
-0.01083773531271961347577371,0.01976876325246913757016642,0.4585421234614628360759525
-0.009520363018882703129430745,0.0217093002441806834368343,0.4574941747411163106562526
-0.008895178834704118436826903,0.01841184262299781770888529,0.4656582324508859449530007
-0.008743030574879479682737227,0.02032017993159388608015448,0.463628303728066626376858
-0.007667905598727874603992571,0.02729626668992908219979476,0.4597192462481171637556088
-0.005621185531292402330627578,0.02784170835854058237424091,0.4599996606540383559114105
-0.004825973229050128585071455,0.02720097838323134314952867,0.4594927145478345242857188
-0.004766639988645036095371577,0.02620751978493857797802846,0.46294986417007927270717
-0.002194918867238171596156793,0.02508264519504188605480977,0.4676658763880542912794169
-0.003872625636087133685347972,0.01752068305583517199286447,0.4598308328038341885601881
-0.001858562782657121855225957,0.01850416762878661844360373,0.4593899480290442038921128
-0.003960718322341825331500687,0.02832042583356700685137675,0.4636222617850690452812046
-0.002402951731245525895247495,0.02943775304591986219371336,0.4624759205548102936056409
-0.004242340765119516181325121,0.03120970114573451067996324,0.4609070814172822050380773
-0.001779564859163826427007615,0.02237061983726764541335896,0.4649931718451446038820052
-0.005791514412637365459557426,0.03195645952451145466177707,0.4633902859189109046944566
-0.004444471829073213045568913,0.02095455546707148536400567,0.4652761999450373275877268
-0.006030445199933393354840838,0.02194825316160962935807532,0.4658656158486823573028346
-0.009664910222585552934670972,0.03810701541272194098342041,0.4648151569615260325640804
-0.01242662308509822656488186,0.03742702948599647971850146,0.4633899631704106458762737
-0.008320751215520416979587459,0.0407148881700865467037076,0.4616415287068602602005285
-0.005385073480915452195927351,0.03423858537612128882798856,0.4612947823932420088333117
-0.0114322331076234622038168,0.03037224424538300174281069,0.4638616748583472837452746
-0.009624829575536985801220702,0.03169450484721414440514309,0.4660686691112456148111676
-0.01200187392725686648387029,0.03354879802705883901081663,0.4659339553167746728057352
-0.01340822188659658055487345,0.03183262300553954537996049,0.4664009350025289379892968
-0.01669278200058349134748958,0.03258142146554331847196906, 0.4710231072372753069466
-0.01835514208758733806226005,0.03364739233628954995225513,0.4715523152738030909780775
-0.01809811251839774093319591,0.03247482190734036350265868,0.4664447309590871726392436
-0.02013534247840661345341218,0.03295796036085403557525098,0.4694334189842285787186427
-0.02239787243768705596314028,0.03219277112267262402900414,0.4645289739428125064257813
-0.02157643442812869419289434,0.02776025107864579788419235,0.4659014453186376969462401
-0.02556334567360655715684281,0.03858879498566350485511123,0.4645812865465341334747507
-0.02599951506985878971200954,0.02793246762625102228017049,0.464954050071146707256986
-0.02736632884916555263909999,0.02775063417873993229512131,0.4659631610033629356415474
-0.0237579765217648362918279,0.02622309683990755799221084,0.4691844419125787979396591
-0.02336682860037876674486057,0.02344741048866977664588696,0.470514197241582776687352
-0.02569361067014981625522552,0.02948123938841388028131441,0.4733632997317238078061052
-0.02629757173671439310358444,0.02631976630580739121012535,0.4674417944923662804335152
-0.02214529201697207003163292,0.02251733936517994610904125,0.4689924588077082900916537
-0.0186173135932723790575416,0.02540207933861195546687561,0.4675191128891312830617721
-0.01710032815567135919265773,0.02486338347543160312569377,0.4664528175379173413617195
-0.01397812577472495702834987,0.02002262923369812694374126,0.4711906083875962436557927
-0.01402727815214960954692813,0.02177244676526056410548193,0.4741526612807798746196397
-0.01381756132978713587367015,0.01857190473816797832151693,0.4683897604072234654992712
-0.01365894381820137969130169,0.02468841048965423126682062,0.4710857660565925808526799
-0.01048823383588151636480745,0.0209834032440792024598597,0.4657767207745229787185792
-0.0126227727001728528416491,0.01913553313896689672679585,0.4635932629684313965867659
-0.006305370152185211726769687,0.0208916567013772008776229,0.4634560076487760915675551
-0.006934453880703473835356299,0.02930831468827805805221765,0.4613188202289343897710694
-0.00713189414772348161813964,0.02408648443354161755580733,0.4672838225390523181346225
-0.004992453262521622490976991,0.03198649092860258308368415,0.4653488511042624953262248
-0.009410069489670578463114126,0.02400794087500966039749883,0.4642318822090530927582108
-0.009670681336985226597691145,0.0374329228773058256263262,0.4660967872104997411497607
-0.009791307694498655594950165,0.03642478047351555003885437,0.4653750690197440142981122
-0.01132003979205733514012966,0.03803946036145219866675404,0.465089332834083657441937
-0.01029593167506792639187552,0.03799418690375855334195876,0.4663680239406367000754017
-0.01164407505100952151810834,0.0260796127530787298642867,0.466730383987287833491564
-0.01296723072739693928545623,0.02649226725958325409648886,0.4650965719753772376066081
-0.00979481032439767640429551,0.0339332510463711406467624,0.4732243234854972557812403
-0.01337395919191521585778215,0.02831259168362235470461918,0.4675758834772758554265693
-0.01347518084014448502827577,0.03839899642654238248740128,0.4683981173046461998765722
-0.01796532641469359911634562,0.03586099136522722524711426,0.4703806121879096635574058
-0.01419197644146993030067616,0.02413901410196592559054274,0.4678427229443642421102822
-0.01400139615608865691076534,0.02632878275548265756267341,0.4686029130614839943724803
-0.01376125449725555845159608,0.02540715850549745205566587,0.4695516712644370871387878
-0.01978442282833995161106522,0.03039572692406651913121785,0.4678570845706003233921422
-0.0172425582629766593889542,0.02612834097189428717022963,0.4691386046708517221226487
-0.02247594653602135936210082,0.03634875773332449377939213,0.4615186608925733180441853
-0.02188608360086534421196092,0.0296291575890399866421987,0.4684397021814185602117675
-0.02289947971502477933047892,0.03324505581447220747826066,0.4691310578890794391604402
-0.02337361522354344800511683,0.03936509665959705278615033,0.4639840238827818708067241
-0.02433803636126750935542162,0.02407737430731327066268932,0.4662882884965289242984454
-0.0242416607617649167150109,0.02046934675054785587877682,0.4640927628482298117340576
-0.02324713548892000034018501,0.02125849161242493456924763,0.4641523763070547481390804
-0.01877109425504971257359088,0.01445164802889664645846324,0.4627685712435108955631335
-0.01784969817734162467193215,0.01967202664724529426187871,0.4625084290882344739692655
-0.01976461439927653870873847,0.01587634195454464686170226,0.4669481376055024113291836
-0.01935573641221772361875608,0.01282116964082489866949555,0.4684340013910391897766772
-0.02023007193937349443291218,0.01135172301094596741810605,0.4707684776390980707638789
-0.01992990043042910594528472,0.009665656510155534036909941,0.4703130840110366084338978
-0.01892822390655151537641743,0.011773650427235413801208,0.473962470730017459974448
-0.01980077287019421303226885,0.01054202692652319271748862,0.4716827418435201590973804
-0.0204487050486465739285169,0.009014369401730998668242911,0.4694657902108797520313033
-0.01859972532838509787223025,0.012965947321253097276883,0.4701119722786638588374331
-0.01678708490799453098563099,0.008836072734600849271080492,0.4696574387512182369164293
-0.01864713485322837260849127,0.01175653888773367516940027,0.4687384365464822844060677
-0.01878025369389698176481041,0.0113490624176668091632747,0.4673686216375795843269714
-0.01619258966503235586120724,0.01254808634232743025371803,0.4698693060001389865121268
-0.01818874569292145207399791,0.01315583675804629822103653,0.4712370589909368745473728
-0.01837436055835856701934361,0.01715217555626017895131774,0.4697387598486421067534025
-0.0183399020410662701163762,0.01223088483299583119345844,0.4703092571267600274786957
-0.01845978861932771886156246,0.01472961314276926593491712,0.4716055208899986306292362
-0.0185964836489848350797871,0.01381327466404718741499469,0.470803212322075337326055
-0.01588683717916995405405878,0.01652635603274064599044202,0.4768594361480077425952118
-0.02360665641262232536390364,0.02407774389951825716460476,0.4720508319550825171440067
-0.01856108823206564437113819,0.0102322303083930855188699,0.4736313867451449888257287
-0.02158929622629537220523943,0.01066035061771141052855416,0.4618715549833481426311721
-0.02208677318472931569437456,0.01706025625226526010180805,0.4697100511497469543797934
-0.02278540232877286283996732,0.01268534503515516415061981,0.468501811519668076577716
-0.02357973263342652558982593,0.01225245077623947180522901,0.468686673146361088004852
-0.02365343890310593263914818,0.01763744206452443410992892,0.4686050898205389447781499
-0.02315349266386326418376562,0.01970633640816380968696642,0.471331470577720401671229
-0.0253398435385801430730357,0.01994144693169955587230824,0.4713143134540777046126436
-0.02740293659393551808922673,0.02377803779426623104198413,0.470902093992543013811769
-0.02960166118462204815076078,0.02560369474776177239894182,0.4733946581244892759521292
-0.02416815031660865878415656,0.02832703268829140502704789,0.4661332212198354696397473
-0.02771246241789906278318867,0.02404610237608333436765129,0.4674099893314569431623795
-0.02665576689268957938372395,0.02567887416338250280989364,0.4679024694792758287675838
-0.02491184344999995345371069,0.03189645018187112213148282,0.4697581365463355806966206
-0.02433494663744859703990997,0.03144458113677443128475275,0.4706270918579765205613796
-0.02298176828968035573241835,0.03038873354248514471742659,0.4707065343213077679429546
-0.0204778152930547401033845,0.0414111399051651438152355,0.4682488686454103765655077
-0.01998312585947818048603963,0.03964213264126477398452408,0.4675082708574090362141362
-0.02027178077493721475299537,0.03154851264736673738253714,0.4689640267581481336556237
-0.0184810361350144329584122,0.03556170950351854320725664,0.4625501646585121195975887
-0.02133674833747270516148831,0.03419472709883172173439547,0.4647920524683135101717824
-0.01929544693120644263673036,0.03225217936546875135972456,0.4647440750549071686315017
-0.01812554452226700085759603,0.04337016961580981294632764,0.4710087244766684722030448
-0.01503143126974642966586782,0.03629754929062817270235541,0.4704018772104595624838907
-0.01716384502556759367175587,0.03287523950791026300377595,0.4724166835416246379431016
-0.01583558320954630768695459,0.04057310843703140074145708,0.467702136474814789135479
-0.01686660036677259388859795,0.02891551717132265914012024,0.4624689976954438064282726
-0.01766928331527261794575701,0.03124482348989871330346979,0.4644085564412328004380015
-0.01444663073531319598397094,0.02605107842475945165161555,0.4648424307359899088076816
-0.01702594307516660382395557,0.02529103069009231916086655,0.4675976167753567724894026
-0.01666117486464612981733602,0.02752423443114626264160982,0.4666510111217792022841877
-0.01464210716926800381898488,0.03845885372747743363719408,0.4640470258291164440400678
-0.01558537477046012705017564,0.02789507168911276729916793,0.467890771788559423072229
-0.01135207016885245515092073,0.02653923500266432491945245,0.4587669470579839314794413
-0.01390865651803663803620648,0.02381971376090080000365035,0.4651913398153670886614464
-0.01540343779779632972515291,0.0403677695563457311633826,0.4607585439305237340334997
-0.01492919613258512565034941,0.02765628704330377538034291,0.4671872956938961651829345
-0.01281295481738992624032303,0.02596313999335861030792749,0.4674255690294988885291616
-0.01247332948849083460174381,0.02258882163815379220950241,0.467964144257064063037177
-0.01123299652917080469760602,0.01840075257855172674581468,0.4685575283689017433985669
-0.008784029012614666745428771,0.02262458172543187207015336,0.4668697402116089301138402
-0.0103542539041530726184881,0.02537547934631171828168128,0.4661881059323780274183946
-0.01293052726325936291340568,0.02341374805154001689788679,0.4682716225699854462050098
-0.01135177206945423879214108,0.02211010393245971261677596,0.4646601653310533652785352
-0.009797754243206920413133965,0.01339435642844188575906195,0.4634895391927390528863384
-0.007326965733962647123189704,0.01302927773946606707089479,0.4685996200866785477145982
-0.008110495979733178817383532,0.01591067860065094666244256,0.4619810860701914490000775
-0.008085582938061096694437602,0.01196925756526502453158667,0.4682227334229528414866195
-0.01150940741962617162863491,0.01137536773365178596750802,0.4630844508223396771562363
-0.01356608728565447154201795,0.01292104171415658572796836,0.465371384885604699732653
-0.01258297624691487488768349,0.01001199655263760798784567,0.466511190990872848249893
-0.01453362594967998015771382,0.008584612593345213385487291,0.4639995795667427591624232
-0.01388961278538915558589117,0.01734845174234766682075382,0.4611903632884825632309855
-0.01641760152436319564195344,0.005066432414963429123333505,0.4630225622655466666266477
-0.01642298776844693108944995,0.006025349417082329767092475,0.4632217062436874144282228
-0.01526402383184740328692097,0.01813686049607138306427601,0.4575485082193503916236921
-0.01528608088255010988287808,0.01160787288929310615004376,0.4630553701311193592893289
-0.0137253346780402928073439,0.01604838002737393048979797,0.4599169870233834611639168
-0.01832396784239129217120023,0.03282149953915855511432653,0.4624619736367779343488849
-0.01806581926105216978628576,0.01114863981507271430138051,0.4677913084906861196365924
-0.01613586208607841951390149,0.0179719825152200550488768,0.4718379221555198954618504
-0.01550307202703793060805104,0.01435900624699497016290017,0.4712284148199181177396611
-0.02246275324870012496392135,0.01835424332697065466502018,0.4628279052525433034936952
-0.01993441389545472230970802,0.01980057109395921138839114,0.4619675061400648208298492
-0.02061206829359289727232607,0.02094995524526754512861793,0.4632238992620134609978777
-0.01828226997480900464787545,0.01992012064388874043041611,0.4660621419889358629795595
-0.0175146904278684276135003,0.02140923543266032985643577,0.4661798308350996178361925
-0.02117651286099071772373037,0.02184484606759664118702524,0.4645469883486403328554104
-0.01616591729465916352226351,0.02240348415349177266242542,0.4671147123313969529156964
-0.01815420098498841255940661,0.02099892505696348415922259,0.4671420945957530657111079
-0.01902280818466779710451675,0.02105248838074442324641566,0.4681589276228510509980651
-0.02271254213931625173805706,0.02744977128154404630300256,0.4729776234026937808962998
-0.02329660086032250831955537,0.02456451117580291457209718,0.4720318718071349617382282
-0.01975600513786813713923429,0.0205107816087196949406124,0.4667794769813164434957287
-0.02090471597389844532477454,0.01962086094564689450758799,0.4687524449390232939016698
-0.02324702107537188547348173,0.02039723440353479952391602,0.4681101549149122575954607
-0.02113934426039095273996971,0.02050280645594903736195214,0.4701158834481502513114037
-0.02172063014323358590140778,0.02281393810098480967596402,0.4717601017457702106128181
-0.02080762950190088306223757,0.02445165817007719302744739,0.4718634197161661325559123
-0.02004630174162924660663521,0.02260433985001094811528866,0.4718832128496292521724342
-0.01894296194126563262494223,0.02138544074337584213751917,0.4722239950553373533104207
-0.01779098578422394841269671,0.02471946958985140468945119,0.4721341171009572068584248
-0.01557128231654237963954568,0.02174742877746566743768497,0.4712389950442653074880184
-0.01695376325474626591494065,0.02315149855699255576624296,0.4702375412502713403206656
-0.01289614192837200239150075,0.02846462745236626873390762,0.466077021934610258302456
-0.01198100912143539725773778,0.01221797413092675158030609,0.467560003578209260055587
-0.01152748875790120773598968,0.0196303655406670322924878,0.4662685598022225375025585
-0.008602202307135589295916667,0.02758047964024580231412465,0.4655640999984151928714482
-0.008057580246447147362398589,0.02048366386699200514254215,0.4699662579450288313331896
-0.006356137408205826330731547,0.0165873338452379552598881,0.4649576780548017596039756
-0.005559446284771675864111451,0.0153369809584769610510957,0.4680461402337670606677023
-0.004535966311500159650615949,0.01581646059131720447044067,0.4653536035759485711693628
-0.002368007351630868617675674,0.01718840544511774856561992,0.4660472483642530416858563
-0.002034449707164505578849134,0.01782580238578626227741175,0.4668741953039552972093418
-0.002130583089498495116126398,0.01762316072927434806860703,0.4638759876208588539547861
0.0007208234842152168525900024,0.01998321363078964241211111,0.4661218743899132044283817
0.000442906334793891846412367,0.01746283723032343582204362,0.4674081926806392117690336
0.002428950763376562082401788,0.01651244310820152577656827,0.4685556786291285025214393
-0.001266378296044570229972326,0.02098202411557106503159353,0.4651782517503318947760249
-0.002534909744929919085676406,0.02488121562171215564451821,0.4643240194369748774505524
-0.002472443611726949427159772,0.02281193076475339018283073,0.468259439210933159358774
-0.00558713931913815131657941,0.02470778378611693942845662,0.46827616430865426355723
-0.005583228568768452450277184,0.02593897000625859650124738,0.4730358570708074750221783
-0.006404036585123135810748707,0.0286575498575720698235525,0.4738740972221984204537648
-0.01072421694865593327916642,0.03169039014975484624958568,0.4717406128862686731650911
-0.01269175942434353117349577,0.03466359761869498845587856,0.4728618769825362888603593
-0.01407999409908947466285589,0.03514282492511002636836892,0.4734724650335763174169301
-0.01571844556221554944919205,0.03657769500965915576706777,0.4735966024261869522504753
-0.01038880785952880740630189,0.0388899053233116159811189,0.4760338851507467383683547
-0.01426963336742157265057962,0.03126649415744497950697678,0.472580384440113854260801
-0.0139228311916079986604311,0.03448574924379833178678112,0.4733744962344607620785553
-0.01700586725893829878608621,0.03552002481344023604448168,0.4714725530587104418422939
-0.01727873260308458031042633,0.03901271036095432798163074,0.4717225812170739995821123
-0.01725883873173231566888752,0.03826014319302355887186806,0.4721597251555754160001754
-0.01915077122693187999802333,0.04577267240223226174578031,0.4711677430442388070375159
-0.01564924248377412910326889,0.0313807679422711052752426,0.474658728885930525365211
-0.01797658799826690884104963,0.03284271156846813033425292,0.4671299160937143479799261
-0.01799875076895729106296606,0.03220014493233373104041917,0.4692678859741697960927809
-0.01922996857533243800220113,0.02616389992790966317892654,0.4713719351833228210502114
-0.02001620922090578333363275,0.02319962689962404636667692,0.471286557198397015877589
-0.0201445866189155567416158,0.02278492878107724398106804,0.4716515789894958343708709
-0.0210919857073473271391606,0.01563878921346439215822599,0.4734151900571867410683069
-0.01924168081233704891142011,0.01545512339877318230829673,0.4712251722106623463837138
-0.01931051950122438312651418,0.01939562829403728566601828,0.470422926271644559204077
-0.02015401932473672233503414,0.01615649232148674493969587,0.4713468231407623165729603
-0.01936747862555674576379161,0.01282862088275516475321947,0.4752354730824960848956096
-0.02203892336336149559983255,0.009479281126865688952842781,0.472274481667029955023196
-0.02226764852521033455357014,0.00938256246726413070669004,0.4729238460351417594473844
-0.02311324176347855086088856,0.008317729545273473343303117,0.4728238534046751428974176
-0.02332313948657198376945843,0.01387074775467632414827079,0.472854457775820635756503
-0.02429721645547492508976362,0.01116179216277438449034243,0.4746512175045969339493013
-0.02291970867984756063395757,0.01423790630095606198068925,0.4683891449275235929761152
-0.02616218507462267015006852,0.009999979901757723166344505,0.476847306454915353945978
-0.02518262104763625136572003,0.008619485171693594752206913,0.4760237826325771637314688
-0.02314304914810105459621603,0.007706052832458300770601678,0.4748370179340287711156066
-0.02217588512922659405024461,0.007598865913910299654809855,0.4733902644749249932765167
-0.02093688776160013489957556,0.008237201569250935870303287,0.472711009328724562905677
-0.02088525906073784854655173,0.007173962839863328062872672,0.4723694827678701635420566
-0.01968698782831377475099899,0.006587939013629856913056848,0.47395505317199521089222
-0.01880027540047611231410762,0.00669167419079327949887892,0.4722722475775033568190509
-0.01821407398008854233717457,0.00786450485247151831469381,0.4733865377638629690082439
-0.01626247319517697825785874,0.01182146483386388620406837,0.4745463088567216658475445
-0.0191305260679186413252939,0.02870729555471598914984099,0.4704688445836679444589379
-0.01671826241651306471647231,0.0154009080581265569986904,0.4728441090517405687165819
-0.01568347931860059746300706,0.02021494906701483060262881,0.4725577202618650995979976
-0.014157205217391631568713,0.01894517951095568350505793,0.4734097040415600754492687
-0.01465310603954932643089304,0.0247267435426606688175788,0.4715432128582754955914424
-0.01461693358491989933045652,0.0247400153509827087916495,0.4763721952388460523231117
-0.01033268988301770142934632,0.02261820538605506525353661,0.472582262449552981120604
-0.01539327708573700118077632,0.02984076949816643828383711,0.4727640407812588319025338
-0.01283163581359195344611113,0.029022970158965207682078,0.4677448320862528929886537
-0.0131306956411742833251699,0.02616049639123259676343203,0.4693460716452919623264961
-0.01234206548758973349955159,0.02643071412642896203526455,0.4725299810530744215597565
-0.01302152301445695138648606,0.023467898138630979149033,0.4719549659238014838180675
-0.01293879762071468292328191,0.02899202046879745947594031,0.4721845463598597913978949
-0.01273628006807047893800267,0.03215387940511121173114972,0.4733763619469856798183116
-0.009183446395879639456705235,0.03318031820630530648319478,0.4767748750611778274510755
-0.01100206641110798404248339,0.03287317438299091482134529,0.4732647087125415041874987
-0.01286813155002809391791452,0.02740855955445693770133886,0.473289223077108744952568
-0.01418494522218631710697156,0.03110856925861281430112371,0.4717734164180297229407302
-0.01045825874838940926225828,0.03070016859783084028912015,0.4743250725968014558375785
-0.01256913980883483418493629,0.02865334448101084993676402,0.4716023032379651480638927
-0.008301203301938384071512189,0.02836549349893708465986109,0.4714815574072262482907547
-0.01545939771629939452068925,0.03338102873520019941988579,0.475226484547281835535415
-0.01461249258398187277074864,0.03626200081688636667198722,0.4703502315408967238141713
-0.01367558914054169821872264,0.02965293477632756705131278,0.4735181273492432008076491
-0.01651120521153425294014205,0.02623098191237508217121821,0.4723238967335591231844205
-0.01572128077095924850170583,0.02789674468553679162474701,0.4736774422312642895960266
-0.015744169008030103190654,0.02895021684858337801538042,0.4740466846317631932627989
-0.01661603595408306724423575,0.02624106411181506906538097,0.4745140176362301343004901
-0.02005567833638249863881242,0.02669427888536145959674784,0.469633383629828315974919
-0.01911834009968344308405541,0.03301791859579642635091901,0.4659060753950799993461374
-0.01874442474663715052507484,0.02132390799948838053246014,0.4695271998736186280787308
-0.01984515879845917193935456,0.02249164246494866209458152,0.4702596176638087488441897
-0.02168379772150263312679996,0.0228051833490041967744677,0.4688303587556495455324068
-0.01961809101889744333391263,0.02018041775298493739621009,0.4723883569833185469555303
-0.0180977137865402856742314,0.02830063735677826666781165,0.4724429787198402008741027
-0.01757475082589095641272259,0.03624613217288678163052751,0.4713235656063439749097199
-0.01847443069402235349407704,0.02876198932777004890759542,0.473016397409615485525336
-0.01856736342640415843296964,0.03614625609339907480466181,0.469847112879780759442383
-0.01694986845335396882794576,0.03646242433101886531998659,0.4680267025545082892890036
-0.0159672585406942652008766,0.03529665848603081440559848,0.4682056940532743349869804
-0.01499433498350931891207605,0.03641419512476927466959609,0.4699299523191588501269678
-0.007718738448032007488930351,0.031521093703372353445058,0.4681336379022156268803201
-0.01161235286727329250877627,0.03075707984313696269351723,0.472478088815840968628379
-0.008437880324737596221540414,0.02815506847294807837855934,0.4707443904806382084515803
-0.00787003866605515828291928,0.02896551763621803277093392,0.4746248295740269629305885
-0.005918562924526255507318151,0.02651756937080601561618209,0.4721165191873212263473647
-0.006708110392315029188448072,0.02861118562075161061986073,0.4725875282247310460448375
-0.006074051014289232573728494,0.04024648774535066059199195,0.4733247792407794807267862
-0.005507249980386947491028948,0.02614663240546310704615074,0.4669107765561211209615067
-0.004871037898278494059078891,0.02791327211620303963557355,0.4722475056157905970444233
-0.007054890224057125576451188,0.0299154818739010494588193,0.4624840227520557456308836
-0.009786548521937700473305455,0.03840323518155580595490051,0.4662820227416687446364563
-0.005774094424112983896246742,0.03188533206994536434164544,0.467423379136183869686505
-0.006881105839533131589280668,0.0252430359798514400426761,0.4661756007542894875150807
-0.007916092131487440300419145,0.02304690362050347551825524,0.467915397206395411444646
-0.007305616851866743831356299,0.02355195834376368202445207,0.4694361687735114641029099
-0.007107981653904847998970418,0.02453468755840051626626597,0.4699509869024560693162584
-0.01269291857629435346654923,0.02362656931317634254052784,0.465847168985290882581296
-0.008187531947277532085038843,0.02658862959558429966966386,0.4636635642943880419863945
-0.01222834375521539458653297,0.02380572426126811858004828,0.4653668342700730264915876
-0.0107726466095271651568499,0.02554963179780008267205638,0.4666897959664823569703174
-0.009927303594844295517307664,0.02434118859685576591322942,0.4700102890963453461381505
-0.01586607065356668289091147,0.02341747536251116354466539,0.4669478685722970312532709
-0.01541324755183488479093334,0.02685170900071039146173035,0.4678908287960023004714571
-0.01760411749756977950465142,0.02529818391064075217000706,0.4686888255888336241028469
-0.01775735045222474189907658,0.02480662296767365340710576,0.4684367422730357222171449
-0.02186557444847059272774459,0.02625920854498477174931992,0.4651121882738045165694984
-0.01857441961870824262414992,0.02543082381322761889586026,0.4698412814783112234628959
-0.01178929967002029059741641,0.02432458542967298742443205,0.4737941661755943889566822
-0.01925997431386215763549075,0.02772326024214255904554172,0.4690554391772890907574833
-0.01519372306768515014374632,0.02878765314503362732212466,0.4728286050479679758495877
-0.01333828508805906531975438,0.02508514459788147715757489,0.4691193502506466050938627
-0.01446861823399896163078182,0.02794822739341630557508012,0.4667923336019819680053899
-0.01291423037855885143365686,0.02332982171747452482257756,0.4697716381397313845091901
-0.01054100855893174738808771,0.02910437472237355216453381,0.4735142209684736203101352
-0.01312502686822226809215675,0.03710467388691047335713691,0.4666467633414866367225216
-0.007649760815724201967746865,0.02625139210323503349830965,0.4689566533206933063304689
-0.003078087947268300008513142,0.0319567189849769145437719,0.4636687762250064626101675
-0.002848601861642853505518502,0.03445749825117250947359437,0.464945034128456280431152
-0.0002490520831008912806293909,0.02579929311896501584189245,0.4669775642781353042209957
-0.002516823778369145243188898,0.03222852732758611782326597,0.4624806648737468939280859
0.002915673724077595327375256,0.02520249404971501225314334,0.4696921307909269760472171
0.002310473180169218907625828,0.0407630865070719092257967,0.4636214932953334200149698
0.001370718721277367846758666,0.03286321423575835204422546,0.4659452548081625677944828
0.005379150160793916453372265,0.0299392001268142769754288,0.4656515102674768091794988
0.002618715978951508590449881,0.04270915157109627519060879,0.4647954945972807005993843
0.003913067303953584631648344,0.03317065190313973205293863,0.4668257656460809701393089
0.004990517974400384033917266,0.03033594286908745246700292,0.4638180919020573056421597
0.009491358799263686571445753,0.02892939769796605553597857,0.4685215397346714771842358
0.006133786918707872376499424,0.0305368962693043193012965,0.463662631141777525911607
0.005684228910124181251284359,0.03058943976009381726655079,0.4637760215940964214631492
0.001143033716620530390942201,0.03516081342179992741403538,0.4641542546553066306280755
0.002608889601966802012505964,0.02746702391938769111101593,0.4636214835823432856010129
-0.0004756579346556422593569891,0.02814619894590668011669088,0.4640833248109257347380208
-0.004255719428163627637839994,0.02747841937313213675486701,0.4633339099029661900530641
-0.006141930263040500277693656,0.02669683763857918709638817,0.4631150692520339395841233
-0.008682840223044019714593311,0.02720717037660746670524325,0.4619542953346441049866655
-0.0120929309694291307192282,0.04059129240292663753919555,0.4621004920794696269048529
-0.01443169870000124421771659,0.03906130697421019565274136,0.4632220236656375833561583
-0.01670800851135373008005125,0.03674953499499938880390459,0.4622932080108129171414078
-0.01985067693404477667806773,0.03000112622262473757728252,0.4662452417023824624564554
-0.02321739615188461378081364,0.02791791398164204102139152,0.4622187197803633296189219
-0.02164080096326653074312318,0.02132192406587353483704561,0.464321735371846289197606
-0.02339572788987491838708088,0.01965250069841034674666957,0.4639770054857413339455263
-0.02257263074993544338386897,0.02205811119391361957431386,0.4653913383314161045234414
-0.02450823312025411301884326,0.02248456282370316083873973,0.4641562854962146822401792
-0.02342719504295177890274005,0.01677751654358075952822027,0.4647179504036904051922363
-0.02302836478984884860388149,0.0171494955405835092232536,0.4634341216998461576714874
-0.02388589829038793507787197,0.01676904710514540153276641,0.4598793996444752729679806
-0.02156128434815830427484507,0.01238485799283329386044628,0.4634979718559890660145584
-0.02407257244114725108774522,0.01838194497662754695044285,0.4640737838067896525728884
-0.02169278629812351408268079,0.01874896636400304530956085,0.4669999095506367492447453
-0.01826326109352663373819325,0.01728431113716310044137181,0.4688090754659047787455961
-0.01695241895843710780433788,0.0166310902961006625011553,0.4658564709560245598041206
-0.01268945868277373233146132,0.01142879151935645605508984,0.4644536175489083484890784
-0.01066893130898189517852259,0.01693840494286525180656078,0.4679208981069880035619235
-0.01143940412134702641622219,0.02553091833539740743153068,0.4612873439503539785278008
-0.006782157533251184124145627,0.009608001990964256527893994,0.462081060571153667826394
-0.004436877769831267838418487,0.02346444360567095238634394,0.4622679982702958545459637
-0.004283232860351620339967038,0.01917474967744704772432129,0.46711623550404723914653
-0.003238008565950927734183873,0.01566651455532719686147836,0.4662474973330527072690188
-0.001948665466803277054874677,0.01633666899424040391819446,0.4662069929113037969337086
-0.002243956969393160871123483,0.01254490519645975847573549,0.4628371856351959912068139
-0.002900133648145359482883876,0.01576934514365452635886733,0.4615631048072765807432916
-0.002114358939687737554136149,0.01299394053520499733855864,0.463221689831466221232148
-0.001378896723827720749086523,0.01515363192371815825865156,0.4670611840201346343093292
0.0002644093471308191613602934,0.01463871842924929257689914,0.4674646652999203122469396
-0.0001855040779856389880370787,0.01445450553324951169231749,0.4682441933002742806557706
0.0003888224757246728016668591,0.01547369150844733060035097,0.4690608823277980787835872
-0.00235762195742441173565429,0.01711153970407468596914846,0.4656211920698804518359282
-0.001300462071138658391028509,0.01708469935693848057445265,0.4661361482231031749812189
-0.004175655584573089058875173,0.01544308243431008129120663,0.4645009980656274461985333
-0.003167292350334384703341994,0.02563795334161979300180434,0.462546342684888533991483
-0.005539720374415141833368548,0.02094184807992614111293861,0.4633955018972509831698403
-0.005006432048240650085901837,0.01910957954856050064473827,0.4648254962873126228117826
-0.01165106090973461010207313,0.0216589527839207846016123,0.4695966513040094603148589
-0.002134757956646003446837812,0.02123943808761249649186276,0.4781753779104064849825306
-0.00869993002235867549098991,0.0239043627764869738572262,0.4718695414200266835536013
-0.006209024220298617509350425,0.01765968299809662217514372,0.4677434051168091744266064
-0.004760070013635986363453867,0.02308189528080373947860338,0.4722285415468847613595926
-0.005438249044062974657531839,0.02222971897291970561072461,0.4721759416585039059732765
-0.004328822325306751553353202,0.02344496377412185611488482,0.4705023260361076986590945
-0.002046139755323669699726974,0.022715859644680168327735,0.4746102396242652399216411
-0.008489625979068996658449819,0.01794621167353487728446382,0.4644643725547988877266903
-0.004765889050406378439628252,0.02066154504162202518169345,0.4649623880414699983454341
-0.003176811268882203699581712,0.02317221531252133467915222,0.470863625104158523004827
-0.002486970110197410030461462,0.02149916371837666886901452,0.4720182985961777211159074
-0.005744904258814829273172009,0.02532277021107596365334658,0.4702119317360968220320672
-0.002885883813752087093118526,0.02247963946493516246283306,0.4728661951743767244416006
-0.00579912727529101681978041,0.0245395668323717675018969,0.4672061019962763794843852
-0.005904194639207137502989742,0.02506090846428066232220999,0.4704178718729468133830096
-0.003767893825414420430619522,0.02122280867101359810855676,0.4690409272214832725467204
0.0008315106595262841031671042,0.02140062524681268438242476,0.4663821655451851899698568
-0.0002819693126692437100920541,0.02422019823898242593673835,0.468494314520647936461728
-0.000935155545237461639264398,0.02718253105392913829274626,0.4708763608507518516610446
-0.0005531315610653582360775604,0.02368126447126216865823878,0.4711960497713583162493478
-0.0001614026847702502661698054,0.0229568081408743802918071,0.471760950353259600476008
-0.002557479148024805176014906,0.02481165346782630842792372,0.4698208928968091724343026
-0.00240862786092859880102135,0.02461458472159719704230874,0.4674732031371189311386161
0.0006891331081396794792232052,0.02135771344316075154301515,0.4687298511107768628214387
-0.001260990047924509657381598,0.02181118045607160008114711,0.4667676117026597348846906
0.0005499071808934797526285942,0.01963348097041973938647885,0.4677403789842636272489074
0.002035484488963623661561542,0.01774674018546746820379489,0.4711305205551051811241337
0.0009399597685454134845389751,0.01781454416484179112400987,0.4676846981962872740190562
-0.001881496295713643322408681,0.01654898326048125783982456,0.4702750563393214289220623
-0.002336308915123298801663765,0.01587045919896267962001524,0.4696359784972002349157094
-0.001015456939520454357830936,0.01280170837786738340102755,0.4685790758653252119358967
-0.002279080056102072808499326,0.01124027963678758158805326,0.4673690768081416591073207
-0.003856146449727272315644022,0.013180634328956913892128,0.4689863300723647321355259
0.003158308232626972234663443,0.008782399136430552380461201,0.4725059002091767101916275
-0.0008099682842610812479391957,0.007720046290697004168213091,0.4658701932607169360345267
-0.000813943566767610297667257,0.005337172604947917550766157,0.4638633324818973169278991
0.002773072424433805933247088,0.005791286046119903559159514,0.4733186203434170957748961
-0.003450485387672877837794694,0.00648949782014838875976448,0.4660459237391814113493638
-0.004205523656174377927774444,0.00628833360407270863801088,0.4673041052610162893188317
-0.004588804626783946072343667,0.006782330218810635885651195,0.4675437251137204985873552
-0.005035230047826574212299633,0.007136657013051280785964625,0.466475960893006691421192
0.001826971027292611680567513,0.0006766883991889439953215657,0.4734928913033273900623499
-0.001305202228517860765441561,0.003630554755729863483648678,0.4656563942475404616061496
-0.001830741455496455970253233,0.005796232295697135300516223,0.4696812881786983084886344
-0.006036864769247333659119015,0.006627563596603060734613333,0.4646451578751140121248397
-0.007579608425496607397586768,0.008418917253510713877284743,0.465527277092577074224522
-0.01040842383757464503779566,0.01256483237914381503874672,0.4722228048537944755658202
-0.006216480366104833003848551,0.008797419249415527192637043,0.4686200358970566970384652
-0.003539367652427417073462967,0.01105090156186683443551022,0.4713176250737560746273402
-0.009742073827756030784952301,0.01468976733757963032411809,0.4658674871609155276885872
-0.00773414174383062376361142,0.009874814280277529471296916,0.4645704598474403312913239
-0.00783054111710112209221446,0.02191743325732782229908757,0.460286259339911130172851
-0.008925133798326035511339072,0.01153124404132021066371472,0.4651482203931005532382414
-0.005828992641324757910392673,0.0129759723807444694865243,0.4682712855562319309576935
-0.01353673125397590083773824,0.02601917440191368544044614,0.4634756007696334001444427
-0.007133625984737104568089716,0.01415997204663363776000473,0.4660178211775717338483105
-0.01163461201940539993526791,0.01592566970855796917860836,0.4652040781205415420629379
-0.008133194627477569743634334,0.01462107794377450961653686,0.4713143095006693816806376
-0.01412550193265637958617287,0.01951344186027367116897935,0.4717371951834116727830803
-0.01622154425678321715276198,0.01768372194836914657045668,0.4694223396307431461771387
-0.01798943574712828091799466,0.01592645985703981109660177,0.4647961671760069690684247
-0.02016754922204961122944589,0.01971385608848428422357202,0.4625398174568535192285879
-0.02026240228248079797146453,0.02267856903509180011013768,0.4637721050533985533981252
-0.02029709852552122675839463,0.02056845905216114420155371,0.4652968293644226815963805
-0.01872369095082513854033657,0.03076616814475812214380035,0.4736300613481172483432147
-0.0180587868112375669882308,0.02795673294047952214813613,0.4728128346268190562717848
-0.01652971459854157137980835,0.02614210950813605424669639,0.4713997740056397045549375
-0.01943355354469745652212787,0.02643041277119287726926622,0.4678289956510486846674723
-0.01701330258998747999021894,0.0266242114671819130045094,0.4669760755131829310649039
-0.01313996180071265451605456,0.02311717421193904345444459,0.4685676529113622090783053
-0.01348462393942593054441126,0.02309721399188360835275091,0.4672908365085647885983633
-0.01519852059418431815263073,0.02332450278525526402018109,0.4643632655937131037404697
-0.01403597815979034865718766,0.02335566536799055931128422,0.4648273904416994062316348
-0.01602789504558439770409706,0.02737348961285256815356703,0.464727403674580374914882
-0.01393780684237407550829513,0.02416926463846534589574588,0.4645542257754304849015625
-0.01591010779963070512210699,0.02654888184859474989374384,0.4657511304207711533287295
-0.01471721186618276527857674,0.02858463356499502464047602,0.4647082078155443940481462
-0.01027622544897255005280634,0.03674501839738585073913413,0.460679246621485294355125
-0.009537532740175901080359466,0.03410420100500727302872406,0.4655005894275396904902209
-0.007975164428231276692038421,0.03185470108343067124900827,0.4665881853377470411814443
-0.001228372819977352871714804,0.03067324483730647990964435,0.4667241313874224695190662
-0.005338322068052281203776044,0.04152609751252618608408085,0.4580274105699382869438807
-0.001143543608449644087207697,0.04567215707996677420688059,0.4746985258567160137488372
0.00409899952098879798156883,0.04640803935033688265576757,0.4751131955859442257406045
0.004234220903014938343356111,0.04733413551644153477448995,0.4741911972504218586443869
0.005686443318910491123707729,0.04735150478689473946269928,0.4773417054957403427017937
0.007349539380576872518724407,0.04775653447588070615870137,0.4767263671146074188733621
0.00501708840572724981687891,0.04417609791701677945940929,0.474873317694347985007397
-0.007558601928439462325215459,0.04405125514771878608710765,0.4631551112276429682523826
-0.009931084221853904783761102,0.03984796123575861520604846,0.4629846407167583222097562
-0.007861867934151644740636833,0.04050768916513656364708496,0.4664267840985882318527445
-0.007864550612778088353738148,0.03278884648801973916709684,0.4671021560385205106946671
-0.01180709914966049378648449,0.0380574585610875468222325,0.4650858819030833091190402
-0.0111413204815337327224789,0.03032374706823870100236284,0.4655371062344593746651356
-0.0126045979564748250600914,0.02568551820731259510699473,0.4660884582533417197502956
-0.015788872746956082726566,0.02700002267137917993933272,0.4699623208465221191332262
-0.01682764949119767289298366,0.0255654409145674547942928,0.469739078869399528937123
-0.01889899039932830746013614,0.02615615069861947777907218,0.4678958328160294777298134
-0.01788666720342966393042516,0.01741144214016566646452411,0.4635869405242339924555495
-0.01899047863685254106114186,0.01636482787611506437008835,0.4690953184848266621642665
-0.01912222185909080718335673,0.01566411411821453866788367,0.4681665838476765650888467
-0.0210922432101524476300014,0.01364912533878218266203408,0.4643748805226015630154279
-0.01809250039556980355071047,0.01010732786831498170032617,0.4635735585837989503055212
-0.01826018461752416596755033,0.01288831950502184429951935,0.4678282505070555097326235
-0.01770606625109417270325096,0.01109787393085326194508422,0.4638257526607096337123437
-0.01801729404231086628662695,0.01335751705266473125799376,0.4663096474940410240961342
-0.01222554062927502793733936,0.01016175765870700777038227,0.465194113242566209542872
-0.007906507949612628233237999,0.01199550929922140948824527,0.4659732157331365476338192
-0.007694287747882879932581623,0.01456975823410280868053235,0.4640255324228317324042337
-0.0009391699992983118571235335,0.01593870891610523268799859,0.4664573788971888013143996
0.002717559166548700645693604,0.01677157505649486471388521,0.4695281694875385047893701
0.006156585932532961449870079,0.01417927971721848548480871,0.4699551220217288438618652
0.00874461320854596178830942,0.01347213024326421142162769,0.4676139540393254856454064
0.009657257064105223554051349,0.02424220359789970580255414,0.4641617261716348696864998
0.009610641029649043265425945,0.01545045521636014516919655,0.4625179947827829929352106
0.01508423044829100209685002,0.01436300393414386908363944,0.4649126485723032997654514
0.01388470352882520929271859,0.01930812724300393426468681,0.4638308970479492199245897
0.01469683915586706551836826,0.02192565341681656718164639,0.4678456819641231834161488
0.01433000013481721367225585,0.02422034497381556766848476,0.4690651565200201766892008
0.01345596908779594057248286,0.02250121966044083682279009,0.4687282298647476586062055
0.01447531513160738546319717,0.02549340478033578286098937,0.4670648092100279646921024
0.01231387537100669254952479,0.02585268841571569664594676,0.4661496751141303018783901
0.01209637871992588938063751,0.02598170556227617777889094,0.4694775212862842828087651
0.01009880630577398089031682,0.02547864960090854419272333,0.4674515129011067027242632
0.01054518916734523657774414,0.02485531869824386327905152,0.4659688218385092395301683
0.005186045686113926328486556,0.03257164379496463313401478,0.46284632415821508333309
0.006822686872554176162886108,0.02430300042573548674473827,0.4692803949169163657550996
0.004379093621326102248048073,0.02426177183663932868107338,0.4688991796928870803284894
0.003437503852343117699552622,0.02172471385887907516232254,0.4704380030642146270913884
0.0003290446928323620813354455,0.02342563859572603657266399,0.4690091029327191907150052
-0.0004394921437261961865566873,0.02394374843037664485345672,0.4691770065589528360128213
-0.002343706362726324758660734,0.02506666533105792599167572,0.471320668322492919433131
-0.002931125339918238658504235,0.02372635630669461120900721,0.4683219116201588483328067
-0.001741165268789259109802336,0.01648806584397740152003742,0.4703375167676414059236834
-0.004452172729685869786986352,0.02165711044202646429202019,0.4655261803094303818539856
-0.007198114326004730403885112,0.02769066844028467144767092,0.4705902693185716745283287
-0.007283676468343107564262784,0.0175436490144774866195565,0.4684942656005160466214932
-0.004079470115074800354304507,0.01690028103517672575240027,0.4703776196429902411999535
-0.007959004122767992378539859,0.02181079216640552029260469,0.4683624194544133145789999
-0.009169028156621789396596434,0.0201971503606856658818991,0.4681759369775815304848265
-0.005078657255280791607554569,0.01384847837437148086736638,0.4679497311812469972913675
-0.0106130184474152906848321,0.02261992030452987523236885,0.4685775738879238705436592
-0.004451086006453011667538533,0.01304354977449817543089239,0.4745621187308379784752788
-0.007154317257876754987400147,0.01042076911911289302525851,0.4720094894749492508978506
-0.007435906156428319022100304,0.01133097906413430867866854,0.4752705500063959531686919
-0.01087286664354468468385306,0.01361302288246049076170241,0.4723482692453873643678719
-0.01233695916007310731943303,0.01381901018963996481681011,0.4733278575012821454137679
-0.002927396874041184125087023,0.005343675200888783893837797,0.4797109187190340962025914
-0.01034273597260470557712697,0.01033668381208082201472287,0.4753945140796482782263865
-0.004844139530206932088562954,0.01234628643048605277365848,0.4779122665726741603364758
-0.006963610884974246080514337,0.01064877336259578005650539,0.4748454318986553013282048
-0.008976190325836606170861742,0.01225007865290461857299409,0.47606142339105700367341
-0.008223841299478978905668214,0.01303297973685238302088418,0.4762497014275624551693511
-0.005853467476086355453235299,0.0112125257210759516485199,0.4761867294825959384674263
-0.008503410724441509693782848,0.01354635172300947508483571,0.4784021566071205988635029
-0.006792759995829344109308234,0.009038251665582473434734645,0.4790571811115585942886241
-0.004842476109172282397463682,0.01210712221706148998545682,0.477373335445289148637471
0.001284774927122630215625687,0.01378563776567267792905191,0.4837385597927981728538782
-0.001601913797430018883763414,0.01608290928900923955069402,0.4824730192850774646018408
-0.001679148309841689079915938,0.01800075586297412641445526,0.4842457190315811454972561
-0.00288145536562799857785433,0.01453539645591396360646552,0.478748559062498468819058
-0.00228557680367232323587201,0.01668437301760860441701695,0.4854179729077181537633123
-0.004837905514726450681428638,0.01909371563014720593609574,0.4819601699009645745519492
-0.007924496046891927464317362,0.02186316597355780766420708,0.4822002498533342618181052
-0.01075514263498150886733118,0.02535158344836205626671166,0.4829832145272185961459854
-0.00485527335848600586493129,0.02118491101119535785501924,0.4872893031456764778575064
-0.007358587774346332481545385,0.02461721334576908240543425,0.487345571139148114880868
-0.008894188726499961672455896,0.02221535519180157722263225,0.4856310991603606241895363
-0.007290333851468686759966786,0.02051608394156410539177493,0.4874065564638606073977201
-0.0113899134119671945064578,0.0240306119210603671976223,0.4876553631342755434907588
-0.01140275051418004545467078,0.02359709459099011696903148,0.4843946243284588670796609
-0.0102804373213349151822138,0.02451057865041296121577652,0.4900700806676268617145809
-0.01708131425141452830462896,0.02587427209268592862012603,0.4866221316280675002197142
-0.01556187677111653747119568,0.02300078257376695842206793,0.4858885735766810820557282
-0.0159733484588411057958357,0.02405681399616386301199,0.4902468824609066411213121
-0.01919295101695094388216667,0.02424030209969144089576787,0.4893209906013733512253339
-0.01925686011066753133835761,0.02518278190759234633211427,0.4912317756360309317642532
-0.01824363143607970333404111,0.02467957594693782549799543,0.4926933201433507103494946
-0.01866578030944389746115242,0.02279518628195395177349347,0.488415429664965983214131
-0.02295824955212097742696109,0.03757717071161591204653263,0.4840573625925084222387795
-0.02296151953357422961787826,0.03105880323388012648200274,0.4840403638731752833379574
-0.02211872514397601047209108,0.03343023073785850868278047,0.483296660981266112955268
-0.01777129137481698456513257,0.02448899203225818332896324,0.4853316352750062234733264
-0.01848574488884604724581173,0.02188379293352947160822275,0.4863681735482542900506076
-0.01185878972392922191259057,0.022893835481820692251409,0.4910597082492145770693526
-0.01258431165593586024964434,0.02617924371807175618065422,0.4896877719312199839230004
-0.009800868069818238770274377,0.02724540130886854080727311,0.4827623845577955763452849
-0.008271741213275451976016939,0.02198375247962635475884596,0.4900518287597280808753908
-0.01016881512751203336941686,0.02055861719881024729517094,0.488074383955571067250645
-0.0106977269496374913226866,0.02512044049886466914878191,0.4863120964006160673598345
-0.006923027558874022581447694,0.02217718473246348825922425,0.490130232419775102581383
-0.008748917653429036725420964,0.02689169204443346908317558,0.4942056780105790747548156
-0.01068809311970216231746367,0.02668987656220408316576354,0.4917318683157074210576809
-0.01081745963490359993541823,0.01996735333775703086223174,0.4845631647968131061610109
-0.006327797663847833931072273,0.01929580049804065569607481,0.4848586999749904813405976
-0.008597384279805189016832045,0.02463089298353341935476912,0.478485660516589084156891
-0.005679774275453718275497028,0.01646432142143736468420379,0.4876112718385772759610575
-0.008783002125444725610714514,0.01561889289805337525940399,0.4886657729518258386214313
-0.008458626334775050034653354,0.01540669052623667642509808,0.485806726283270040589457
-0.01288173933220446501501932,0.02129035192465462619781924,0.4826010326228999391950936
-0.01485593039770885699646374,0.02964280524466699970331796,0.4847569466614276012528251
-0.01161373949941361082005553,0.01633807703571311595314164,0.4882631034575490303062395
-0.01615521877668947559048007,0.02023688537874147180817275,0.4903239487246716654667011
-0.02116211272623353539801272,0.01993590805645986674399239,0.4859775420221264519149429
-0.01892110563414091742306944,0.0235905702442362544268839,0.4806677505699586405718549
-0.02039903591805473578868479,0.02005725144835890025318825,0.4849875823604776203801237
-0.02021231994719997759890617,0.01620043046935744010528246,0.4825821372543612208794173
-0.02246657834412989565575636,0.02072524332048468129197083,0.4858204162908384970975817
-0.02512736845292687370978513,0.02681121793108861076082583,0.4800983744393496621682971
-0.02336802553502487916903263,0.0261875257667258352911599,0.4800536308575156230205039
-0.02633994107118322117178089,0.02774845342193999267466076,0.4832781171888482218967908
-0.02971222875458280621163709,0.03407474693558117107006211,0.483101881267497201832839
-0.02755507876492960250836006,0.02565441613820255289946104,0.4825459780257053132856981
-0.02922481294653347591583348,0.02633289163001931165730696,0.4797944630943798416389257
-0.02763844834250180071411052,0.02810106577433056640469289,0.4857974383729998235637026
-0.02760198680259395506708664,0.0257877074276085978266071,0.4825469976543629857523854
-0.02630518883685191780519297,0.02092191950448375747928509,0.4823876680276263373414736
-0.0286923070137449012784181,0.02569192564180561993980589,0.4810469174283248938728264
-0.02195014358452898606266501,0.02443393481068293487945553,0.4848196121447310713570289
-0.02473913457482767794259892,0.02294370784359222453785421,0.4828549156969307309950068
-0.02142019600639405441100394,0.01778062029995267773196943,0.4764566364917155461000675
-0.0233046030836487304271909,0.02293224947067079577678328,0.4726103453269610010778479
-0.02112741874946501979826152,0.02451629079307674624610414,0.4711870375691446510835192
-0.01740968766012861157488345,0.01777360600079891383984432,0.4731779691127587783583408
-0.01814773950923133719048685,0.01660724435758292871767594,0.4788370923878986218369391
-0.01740965975457932704562047,0.02373133288737389393063815,0.4712429916057723766620313
-0.0134896100739885192731915,0.008558600122211618838052871,0.4711031408624524741135531
-0.01521321165207099347649322,0.02338113813982657662737807,0.4676204268857429013905858
-0.01486619802479505030035067,0.02004440041439999736772037,0.4666640407504251686354735
-0.01138082273541883744638614,0.01320291250938307806017669,0.4634440742634487464535198
-0.01603090039677498510051201,0.007364476539176774416706195,0.4649442648770620856168989
-0.0165113957103504259416038,0.0190453811238295196706094,0.465264746588174016306283
-0.01240996375421362166169281,0.001854988615337454724296684,0.4715817114916395769164126
-0.01261901454447956864857172,0.008943257503273550901301547,0.4702246321146707486171579
-0.01521297954246017720969508,0.006893781139482256341277644,0.4688084790332541773594244
-0.01767865730761013914884572,0.008270210240132988208094922,0.4660304017466656567592054
-0.009869911366755024229036053,0.00499825670020476696409073,0.4752246588352198597426934
-0.01307889694277275874356725,0.005216163167479589447828037,0.474352914920216084393445
-0.01780862833689338120546353,0.007113976542463830952944814,0.4694483955266222086066819
-0.01736160601279654672191022,0.008292335179526365632196594,0.4701442706597191989459361
-0.02293839380632206950694219,0.01285605212625489171540671,0.4650331888802270996485788
-0.02541177892437232466171793,0.0136701591310408477469851,0.4652274355950304918216887
-0.0272139168621034176209772,0.01274512993628382391542164,0.4658645504953765059674708
-0.02280602440041988587804411,0.01096031747917694705585223,0.4666195259338109524449578
-0.02616544827900032371692518,0.0122582441288146409830162,0.4650024401019009490099165
-0.03012902554309829575296398,0.007355050096179696281217808,0.4631750757570313736799505
-0.02764101631575567249998748,0.0157385104280804433152241,0.4651251339206412538374025
-0.02839655396065486267498379,0.02180318218300628801964436,0.4666372792693759263826792
-0.02719298158093229333953644,0.01667240752537202039262887,0.4674542096475838848235185
-0.02159832806629710666435074,0.01237527212118292273268505,0.4707578189851605587890049
-0.02567036300025913458933147,0.01665202241517906023293705,0.4650072037070600017294453
-0.02443374461120411539338804,0.01545932267865791215344373,0.4680832917512745550148168
-0.02574830464379985681122598,0.03318066624973271122600593,0.4607098138991551627974275
-0.02929163879604872178230579,0.01995944326250077144324635,0.4660646237563064731013185
-0.02171839278937836431593311,0.01419675746620182449353464,0.4679093417853432690378668
-0.02758166345167943275806799,0.01785856405019496315200733,0.4698744784683668296310088
-0.02581102295796713561037983,0.01546591532277018926633261,0.4716443109006822065332187
-0.02612812697948911633272218,0.01431673732560810770320092,0.4708144173232515217186744
-0.02306420091838784144910868,0.0144519277116722921067149,0.4631835724715392954564663
-0.02698224724582050371157749,0.01467895503027951027708031,0.4701073012986689003689378
-0.02823562479813742850942582,0.01523941347140015875605279,0.4720813507130034447634159
-0.02235065358308629263062173,0.01724117004816945811218609,0.4762171296767160888485648
-0.02475774165359082013004866,0.01454333434213703202253498,0.4697642882123748142575437
-0.02469991108834478088507325,0.01567712388060055542227111,0.4727751532203282591737548
-0.02546467527811884304367318,0.03066801549428150100440327,0.4674325855025161513545129
-0.02537376314576969549285934,0.01748632161373118304448226,0.4661075617201057008642806
-0.02241434521088888492945657,0.01465875371066008986398188,0.4674400735270961004808044
-0.02209733561290452841241461,0.01798804447872301426336605,0.4636045066770920208831797
-0.01941139189851252139229487,0.0174658475131210903785739,0.4669999725477655960759193
-0.01917759594856082230873717,0.0288588758981725944374741,0.4647101817212880847662859
-0.01787807253021641076817794,0.01854673100511233449494419,0.46642489591915059499172
-0.01597768365633814996451534,0.02179172236477157700851315,0.4665490430405743738084823
-0.01428633529746850885921994,0.01902198749843366648581977,0.467896838442180051931274
-0.01398180855428780323956861,0.03088835993864638695960423,0.4688102733878214412044372
-0.01030996883572399269723974,0.0213484995547678184368845,0.4700241854930654605837503
-0.007575853321999231546057807,0.02074263107929510269178408,0.4702700299504485315083002
-0.004620593366838669779905757,0.02330004159567175894829383,0.4687195849164284555676829
-0.003706668942959207881104877,0.02248325245073537828610633,0.4701713843035185136365328
-0.001918871695762981678320958,0.02240378175952849673646661,0.4706894362825831956698153
-0.0008977297637654487773295475,0.02298887288700453626622,0.47228686808102487981742
0.0008189306586100234463740377,0.0242350245358378957316603,0.4708080401656768443352519
0.002933399610769463813214619,0.02587684884179272670756689,0.4704594831441012425798931
-0.002004363310138848521674282,0.02560781013317227350345462,0.4710713029897919401633999
0.005547375640754335229809513,0.02584415204231359577957683,0.4757133523115508189071932
-0.001414746243246307790680794,0.02947177193547855997279861,0.4756994493329086970412334
-0.002241147406911556290431964,0.02846855233965333090151439,0.475820206551543611883659
-0.002427230136273213472603016,0.02264997061887344051434034,0.4687642653805322856541693
0.0009049471686486935560408962,0.02488010418911470317260282,0.4699399367324702536663494
-0.001102209076475711875542363,0.02644416054275798219630467,0.4740872895420947807920697
-0.002951844880577991943326754,0.02454075886737889025668302,0.4702129259466547583912188
-0.005646938029038145803739646,0.03530385336702539234021714,0.4702793941201025007536884
-0.005576876015294825877921525,0.02300137773658754089534106,0.4769572005658758162560673
-0.009572327158977874533851704,0.02130440534106421354709759,0.4706337603592817275810489
-0.01244851387378856193144383,0.02559843041947044636752473,0.4690799695705614169582987
-0.01531724096288669158261175,0.02558966449550028471326968,0.4682858810256228521140542
-0.01686977648092067433305274,0.02205647118123828936964159,0.4791545689053086642950063
-0.01811748362698949177396202,0.0228110456233760194866278,0.4676197206027917219195444
-0.02206847051697773121059498,0.0163523744835492347571293,0.4719295287438525776657627
-0.0209989300126790789935427,0.01413734060926617394637894,0.4738756119430069801978789
-0.02485199713759851311567495,0.01591648405558272749704685,0.4730038485561709471483027
-0.02742467658293193041862956,0.0125177974168841476404479,0.4703035506254699127381969
-0.0266413573948133947100203,0.01261814367433859544742614,0.4747253998047441525542922
-0.02769138736732198666223859,0.01401340757715998329435703,0.4786266146698849310858748
-0.02979686577113565063013034,0.01688767607379701093939239,0.4773612414053367558608443
-0.0355700948066053623808358,0.01583463658797347115014809,0.4751669021863822450768566
-0.03127243389111648841360847,0.01221928637471355987009769,0.4714286587369186931617548
-0.0316035801165634802623039,0.01256826821831492219105897,0.4713488447953592674899426
-0.02887593656256928764669567,0.01154920438925211706449048,0.4731283701521711848592133
-0.03118629453551490307572358,0.01301578211397342449417991,0.470132543693177418209217
-0.03084424444975841436700215,0.01297757489942309890029737,0.4706870223314416623594525
-0.02854249941073424418069848,0.0147237656490419588362073,0.4724123803160562573566494
-0.03009468322870119394440991,0.0189748038552300900272396,0.4727809682544114044944195
-0.02806980151017492847165258,0.02079657810714422710995919,0.4740998976519896768166973
-0.03089797973304112682635392,0.01976052678342464161143077,0.4726968671883525208166077
-0.02419047452122149305386856,0.01801372808204996719960711,0.4747725361506557884005986
-0.02417543950307607728000825,0.01569475207116876117052762,0.4717958524646641005340086
-0.02358997474048232095844568,0.01966064787440275490881803,0.4668951407772266581908127
-0.02068368949330782677331619,0.01913669992002069511483064,0.4684904204877596289868791
-0.0195646458140339707387767,0.019496374813897366512494,0.4703247114420446850502344
-0.02052896487922471063791718,0.02094827715368020870645438,0.4669784749603616558211172
-0.02265312607179487125463879,0.02120701858152649818545221,0.4662860366774343456874874
-0.0199290138379239235855156,0.02191657523063516091466063,0.4687018936620616083033042
-0.01539365906160171382222046,0.01820507923934276336974669,0.4690336510198228059387304
-0.01701914945091682895839114,0.01967259146847457132456505,0.4688672845509310183054197
-0.01999159400293434168949247,0.02636341581816469686883053,0.4671658803011055072218483
-0.01585368836637890757601532,0.02187279940095523261822663,0.4693577241251687404144377
-0.01777660139743377290533211,0.02206946764762546600580073,0.4648267281234663150790709
-0.0189363871762156243949704,0.02930553123648906715947859,0.4638109442902359491611719
-0.01955505076365201405641514,0.01798718522986086573722808,0.4652458902359828396555486
-0.02031708293750262434018694,0.02300277198755136878749461,0.465365113342057601375501
-0.02095421557565556314184363,0.02450728665762438515662858,0.4657509157930021514992802
-0.02070334570448086053406911,0.0223526341297397568297356,0.4668692936807208315741491
-0.01985368864714805864357672,0.02134782386360568884331457,0.4667082856189609385566541
-0.01925297143671741983972368,0.01786965259249604157099078,0.4659056845134678104258796
-0.01925300740629148563143325,0.0188926176335663699445977,0.4629354161264637168571312
-0.01955087187767249462533314,0.02018341618102409071311421,0.4613515133568715231859869
-0.01741481607614328228073042,0.01860550052551829605662626,0.4619996170762214471317009
-0.01395031374078393136828335,0.01885582987877783278651833,0.4665780555838964782644496
-0.01964659641479589782808723,0.01991511153774725567666692,0.4622343747350741716140021
-0.01255805263296847634757469,0.01773709285932017001852223,0.4681135188386663648074659
-0.01803055737556382917552433,0.02244533450914074426685296,0.4674175665975782156813523
-0.01670569030394685600127147,0.02504734421740061056649296,0.4728721271629777178624465
-0.01885323429004074138881641,0.02574612835129245352883132,0.4717675964983876202296642
-0.01812894051621374499894124,0.0237462363904935025438192,0.4637071989786893944085477
-0.02070161018301093155957737,0.0217599618697540339584684,0.4616280694935472328488402
-0.0180446632181023303154177,0.02362981450084210288675735,0.4707216684586038035753575
-0.0211937575990897193733975,0.02068082583154778886225245,0.4650928837813076421880965
-0.01716024578402831554657659,0.02016173371363326818905826,0.4714278524571357542605199
-0.01930448795840776846088893,0.01830251793889378295054904,0.4655279335536255391758687
-0.01891602700499877415252215,0.01978352655988724687063929,0.4696111897745552377081424
-0.02006812579576422450600148,0.025320338896962061442375,0.4584105375675088800413448
-0.01982670667622270926910844,0.02237611938721367418891894,0.4603117770438807654365121
-0.01733985564579663962714307,0.01564562642889328475392929,0.4643101219552491221165269
-0.02100834795292546783307408,0.01801212127681106264787125,0.465361083788484453105383
-0.01895608413148544210691249,0.02140186520680999529564481,0.462988799595205891002081
-0.02044689465633640901298662,0.01335107294442729707062423,0.46927839468924198440547
-0.02041707509030558573281944,0.01582481766371847745067392,0.4649247786155761841264678
-0.02303342798193111495841379,0.01673599768142970678486137,0.4666486580487931856708883
-0.02494681586181330540386014,0.0191801765907194665672364,0.4641523455238933948407976
-0.02455171268623497840555281,0.02282415621984397458010818,0.4649859368642866308540817
-0.02711612311611560216517702,0.01997342443720605958956682,0.4634146981764923900470876
-0.02440912547604305593562657,0.01326792190190697641460904,0.4619970975318538619625031
-0.02718092855285519568453445,0.01768999082103516959363354,0.4640171113147551484878761
-0.02952529359214088947038768,0.01838465256538866082758332,0.4647971650306083057913042
-0.02753832383666022370904969,0.01406752471574811147458917,0.4651693653325997823699822
-0.02103950420679011681923676,0.01127496388666037949177756,0.467575660506101942193169
-0.02499658807111107897136471,0.01146306719558363301780801,0.467666176542595402043645
-0.03069900359451228216700613,0.01226335067420529847947996,0.4623067211514531038574205
-0.02934779132879025698166231,0.01478088847415895239201244,0.4634026818970052308266361
-0.03206257802340631984927555,0.01658548708089312845315177,0.4645158281948060796651134
-0.03206089734641764943390285,0.01634474552049243467610751,0.4654665774954221957315781
-0.03194913360905012739143771,0.01695194136369616161319485,0.4667385253857773141916709
-0.03128664025688581568074298,0.01858965089273749426990179,0.4647377291194169646182388
-0.03230480170563601594047043,0.02625089443294729985023395,0.4645879448057544380823458
-0.02666648769666863511007548,0.01647022865365355484557064,0.4661809925892179129469639
-0.02427154641327535639083735,0.01586636706195635598826144,0.4688698117477838045452643
-0.02441274282405170997778399,0.01991536679335114551347985,0.471044155070872605506338
-0.02375302172683834908695211,0.01969182661594223726631014,0.4655722291084429254048871
-0.02164583988881435550055699,0.02472134629803793975932891,0.4613421072781562770614983
-0.02251432787737453478094096,0.02998080074949406939599506,0.4646189358779103661944987
-0.01439308846829282471924127,0.02014862209136529525022041,0.4673796978905228050038545
-0.01593176656144499464540232,0.02344207465925711442178425,0.4588205217765399801521653
-0.0147453425713768050686614,0.02230874339211328868937123,0.4680645510588610780366992
-0.01280374327651915590531306,0.02202498761720952935583284,0.4681790325527610541200829
-0.01204477409597893948489666,0.01986311500182467992825508,0.4641273329872604436197037
-0.01021890449271945985887378,0.02105492147874728214862472,0.4635737362796519822616403
-0.005066733603408364421116783,0.02296374266639080244378768,0.4670352624374327632494897
-0.006531986199143594885863084,0.02235234075194201391889592,0.465544135985461959847953
-0.00539355550367410455786521,0.02892679711083247576230981,0.4721201113660712933572938
-0.006309106573121368161105593,0.02877315068638816933366265,0.4721238327947988033805871
-0.002159363791388888530187185,0.0245249111800201202715499,0.4666836931957586420693929
-0.004502112411405393213592596,0.02306654458435851082209744,0.4674382500266600071192613
-0.001987718616521281806558408,0.02364838402742840475778685,0.4699124265489783569549331
-0.006791619607855675123941896,0.02605395272652994212436717,0.4695736996486817305118677
-0.005694009842816555137801071,0.02393540287440237140925703,0.4686589811806887162504154
-0.006483166166645516238775659,0.0273518869259809817295892,0.4700861842280382729697408
-0.01005333027501791737234882,0.02461165214152776642420051,0.4679734189289320722693333
-0.011330908691224715265089,0.02752611048655614900404487,0.4707106423161729336079873
-0.008367027657676009977372189,0.0222883662846677862989786,0.4686343000641117195748109
-0.01240466690682927308753136,0.01986246835356421033824681,0.4693932873095233437865659
-0.01367104377721578729876217,0.02228888685719857334910365,0.4676164889432349314191129
-0.01512426664298280667986241,0.03058364483950784182275662,0.4684762713171897186015258
-0.01422101248566372440340633,0.02015136783859788546791059,0.4688555833916713821984956
-0.01332630239855405948623535,0.02405063737206779642119336,0.4701602121158286462510034
-0.01589180581328690153308791,0.03313660052392900651208052,0.4668545546612868912816907
-0.01553226131170839900697001,0.03333452492393826349648123,0.4668240048186462209933723
-0.0128483502984009581582292,0.03377757033507153283657942,0.4649610591373951051785696
-0.01385279998347257665591847,0.02660117057345064497941856,0.4711917375470248692259645
-0.01335116970890252129089415,0.0231489206775620376399516,0.4677139919221923736181168
-0.01535009122714599098802335,0.02380918017737367053943132,0.4683353650592409489483714
-0.01284154138430534594639276,0.02505833636494461669208533,0.4683787485101235104067996
-0.009969601752802096511496543,0.02711529510533759734780546,0.4754380926730690792858525
-0.009421512007974921013020442,0.02509828963112660515921704,0.4733022978908695832522824
-0.008837355334637775686190686,0.0239416652576775225436112,0.4698010869159173208409186
-0.01130160042311571973183693,0.02607076639094651690498061,0.465883738670148650484748
-0.007725279621748100747358201,0.02485939311068376816882264,0.4671847552786413948489042
-0.00296944169331102032077796,0.02396711959146805015485882,0.4703464705021376257576549
-0.004523995360543278665410583,0.02667683836539746708438336,0.4729647328514999249371442
-0.001860087721397298953646127,0.02440325349080841796367558,0.4711638505053760694885057
-0.001188844058769514310316961,0.02385558626029365969500873,0.4706843915865796534880872
-0.001309439819633577504337518,0.02628694697665111615347833,0.4710513403453678860088871
0.001242178168974771056490281,0.02130914337695709315223525,0.4710405339924535472739819
-0.0006750154325863802918378243,0.02415664668839478251838315,0.4699724605098654084400778
0.0002155151151511464026246795,0.02619523126967663109732065,0.4750959492953596985387321
0.001029717733306545783197872,0.02569301069662504113932933,0.4752396165015815299170754
0.003015806602439463548342991,0.02042778849001938498708419,0.4751259471738415451902426
-0.002218179084742180531136801,0.01916451032677531779446767,0.47322775191421762031041
-0.004775058602953075048702658,0.02312516750285948177734419,0.4720763089729978490005635
-0.002649007464987457056287967,0.02339993617495748565171532,0.4711876383573123105996672
-0.002613753310581016543745481,0.02331046634940887180009739,0.4736434012111925828669712
-0.003503656697551369922360998,0.02118851202329693692028023,0.470129900938459410753012
-0.005321425849643691627366415,0.02321526912009121146329704,0.4716816527365237377011908
-0.009030938424484430751548736,0.02607037405491886838948545,0.4691458293143553892612374
-0.007404663303441890234712908,0.02819540183599580224216297,0.4738461703044073991542007
-0.01085581435689907114916508,0.03033528015235334440724557,0.4772957507258795972759913
-0.01121364423341097288355783,0.02701786415107122751866342,0.4727011821556574844294119
-0.01149001208401554535720734,0.02681147808948979374688015,0.4743211525652332172242609
-0.01237131666746403048373626,0.02539920178148149035313175,0.473869656054895838082075
-0.01087272966520697742298651,0.02522241253380362244196355,0.474935081937440162214159
-0.0121338290326552904196955,0.02516338468608471726217779,0.474693565650376236852992
-0.0137407603205604907786741,0.02646557291453400725944611,0.468256488412638394169818
-0.009840406390789598056745291,0.02218788164173955343438926,0.4768956670870133640605104
-0.01175639343077965193185008,0.0175681183563697329574893,0.4712171052188391939807843
-0.01044967235612212844153568,0.01605087757261988365420358,0.4748483093000733235022892
-0.01020936737555600513915888,0.01371712136190622599585254,0.4741804031084958515052108
-0.01268699364140823092339527,0.01487812374660473641041492,0.4733711192861040362167557
-0.007930898400599193168170054,0.01000355502067890034467723,0.4729326922836760704882408
-0.008444822186658816273729933,0.01000531860461517999483227,0.4704213145992249267557384
-0.008113177872605903395708538,0.007240414969806259308515717,0.4741849062116279545087139
-0.01008265367365187951953498,0.01034080545454023683515921,0.4751861337696400844343714
-0.009574018459812651607454548,0.006171077864653985202425535,0.4752457921991562472818771
-0.005517024406382440432361491,0.0009244667473044894303452201,0.4753036124414239949054206
-0.005819034830874244244858229,0.007209978541957058791045387,0.4758764543985824491123537
-0.003273840488119579127807013,0.004011957913592740544717064,0.4790085875794032888030927
-0.001151125064463618275639734,0.00373973606715572283801241,0.4745921929543794881567464
0.001061901801372671858003649,0.002480765704476512074905248,0.4735295823975166906727452
0.004545614703657992888841122,0.001903631209304775147306277,0.4738386347036841472757374
0.007814487856235502807877857,0.002550651438276613919287072,0.476298512950220520600908
0.004436221016492624714955273,0.00551283325282319984494972,0.4767333208210708939134292
0.009277566578399802990628764,0.003616011173345735039974524,0.4757010614150720129167382
0.01351272084672157716700447,0.004751872513192884756039192,0.4770389564337286225637058
0.0108291690696493119600019,0.005366311911733069595076273,0.473710829450703196918937
0.01216179047458826149863409,0.01001689400756895081956444,0.4734766968553087984616923
0.01261633059738195491994439,0.01233210550147393128050943,0.4787840765836536838229165
0.009845161387363332225475254,0.009805837507967669203212679,0.4756210413207617726527587
0.004271442841456912255237999,0.02726691129718870551523757,0.4732334756473719483693685
0.008075230583513165819042889,0.01314338602631970158440833,0.4747129102660709865091349
0.008464554593546273764115284,0.01699606881673838137958299,0.4781267081161944543232778
0.006628020737502500134286088,0.01740081999874537599382052,0.4769696539980116112289465
-0.0009134524881280227381896708,0.02032476400529418386620151,0.4739091627240381576768868
0.0027645218982473079502582,0.02405486554479989436128307,0.4785387368363872573340245
-0.002380803497628974398081514,0.02416024872956723176797844,0.4764346120267565209971394
-0.0008134430862374481289653327,0.02899664923930042950694919,0.480895572719183705956425
-6.976094880629543583307889e-05,0.02967415574907559736028695,0.4802896260735515787665406
-0.008670059595470767238589715,0.03164266966793373436761527,0.4742739273913488262657268
-0.01275758981052600542216435,0.04974981020239378076697179,0.4736583239316782267813721
-0.01596353048513244818340517,0.04506106222045792170094458,0.4743706063099832892504537
-0.01288385257751720018581931,0.03471498364052598428752816,0.4766446393766965994309714
-0.01350593936712841426628362,0.03614356449271641236187236,0.4774787979228279355403686
-0.01671036355161693506832243,0.03856695078781276209145545,0.4758143683657814482224069
-0.01728535776245614455359778,0.03801945072494196387058452,0.4735504697432014742375372
-0.01242575935283845266210445,0.03770559806737447394731078,0.4764620953705032690983501
-0.01602560963088604795157011,0.0385930684411272886813471,0.4756794208235123888606211
-0.01291985425227288632188394,0.03707259281379626791874671,0.4785962380284555228726617
-0.01562059667122389465532262,0.03897050063003267006411789,0.4736188733345793600015838
-0.01308404115906895703869139,0.03813876583113747636977209,0.4771671652489425929921651
-0.01534725973024464104610409,0.03724928279938671815685325,0.4768679888104238595580853
-0.0198016855053747553583321,0.04940912524456679555395766,0.4736970366531603193749334
-0.0160357038567068704848495,0.03624474191542965961776446,0.4774517718132156307575542
-0.02150437526729640641542929,0.05043712066742067623437151,0.4731983275567540059292071
-0.01964134215832901916853892,0.04905570525259823899677514,0.4733042519674887649294703
-0.01673649461029652271704116,0.03474096533587651969288146,0.4751335334027336765316818
-0.01487164717006460301629289,0.03266033486211161740442321,0.4812444108344030024859705
-0.01650908298100419585585641,0.02931599991766472776411057,0.4779070104884119429833333
-0.01542823735362069091647808,0.03414497740551827864585732,0.4756296324613366599542985
-0.01714095601163793253229883,0.03097873714918883761293422,0.4750938001458839266000211
-0.01736079951740823745787168,0.03147904451904802447526066,0.4757650305085636688318118
-0.01639658675767609666285018,0.02708847332859296713758468,0.4724723783082024897161943
-0.01607345861741444476011864,0.02821912970092099043339928,0.4734839686158859861642156
-0.01741071623984688857000869,0.02796214693236312442969904,0.4757045157020601822139838
-0.01602852091239147583334734,0.02707043911900473484588581,0.4756635497447739835408242
-0.01507439993434886438272713,0.03145961149728862538133001,0.4719017046088332389963682
-0.01370659663142697812232562,0.03145039891072156507112467,0.4767967737802515926226476
-0.01305971114789683008849952,0.02414604062128196046432826,0.473656767017565483168795
-0.01713676521928291993090987,0.02447215647911869795816386,0.4719322080712651246159339
-0.01580775615906708161939598,0.02225210460370527151829911,0.4731284653710861598518989
-0.01376608388360056438315393,0.02322323826482456179953751,0.4748222412020186578018865
-0.01669235353881065586634236,0.03131627653465643423835729,0.4695783152825099837635037
-0.01363592429998748169206468,0.01913378558185368366606482,0.4738198348394690451179656
-0.01521262553227593732063649,0.02854194794463483023094774,0.4711623890529416103234439
-0.01186173368965572592903523,0.02731838812848013178791184,0.4713394368035193626731427
-0.01167466628587757876411857,0.0176144519787590839166036,0.4733248091973951687805311
-0.007796431451514550942105686,0.01725190615247451653146982,0.4756639323442020117482798
-0.008753218068391197329014553,0.01632646077138019333196972,0.4720899516925170513736987
-0.007708896529813649353690685,0.0138215792633851735499162,0.4718456780210674161857298
-0.008511827167765221441309009,0.01766423648687103289955935,0.471724438825805725272744
-0.007601791745512788758820655,0.01266785748433392651268736,0.4718657401423778652294061
-0.005460195079300518561371547,0.0130750542037382840726556,0.4740030839087790437424985
-0.0003652436432642692295397202,0.01244700202818243596480929,0.4766297060869043589192984
-0.005582221504037630267769377,0.01249464001792320068384701,0.4704926671683750671881796
0.0003006902165462819326302579,0.01170986809268335926415006,0.472436981548850443157761
0.003372014270098472234898912,0.009519183367803486089941956,0.4766500252875294774135284
0.005216728292172497470635673,0.007731900902244213252823002,0.4750957582954747904224746
0.005831890187875158303165701,0.007487664001701764375507064,0.4733764163127570090416896
0.003755147033039361956913149,0.01009648706221002133209819,0.4763832041494563962480413
0.0001571335337541992333790924,0.009881105423901175716094869,0.4735032667502921399638183
-0.0007286463307160010284893592,0.01193577406954354422352615,0.4734175809119909317246311
-0.001334276117812685513719373,0.01352635951866745442351281,0.4732599791357230412103263
-0.003694454225337903078424384,0.01415202282906055999966988,0.4725431016290306818206091
-0.00288683118371529760792793,0.01406442397179921352523557,0.4713054381015949201305659
-0.004067449151690424001548418,0.01604804561667933990309898,0.4712733096087931561335438
-0.006778069723998884563154199,0.01946236594006459791339481,0.4702294184741236948710252
-0.002631546943961360265212823,0.0221703423775739365264581,0.4762480849455676956694106
-0.004066921174221721502206606,0.02342740358860441116095608,0.4764117833081128461358844
-0.005051920696771605365227309,0.02238560134544641255782693,0.4705652729882252027771017
-0.00608835767142161792681021,0.02839031459254596698182915,0.4681873681175796053643978
-0.007728896590158807096415661,0.02672372147106620229872753,0.4691948586867432102742725
-0.009458560344319341672836288,0.03020363021646398082875606,0.4695379693934027542923104
-0.01138700299990350051082544,0.03378688821139395892512169,0.4704561478204986046947056
-0.01037410851363659500257164,0.03208476826805189280333863,0.4726286961854482271405686
-0.01124258877758607839958405,0.03518810916696465257436088,0.4712781369483572402323546
-0.009935450820204643970767755,0.03484127983873868544817398,0.4710484416928535922330923
-0.01069596174408939288913434,0.03381073188375165877728179,0.4687902533474050392747756
-0.00767846965355114229045963,0.03273341872649737638312217,0.4694247701341012768416761
-0.008616329112551014343668321,0.03256906960821847468734447,0.4689502585297716796830514
-0.01375807380967960548423523,0.04313082196687353236930207,0.4688381006136518314164618
-0.0120323702162581768621008,0.04700101072588325906709272,0.4668189497870209869745395
-0.009532313319988315949982116,0.03165921767652461749076309,0.4733746650837435399061803
-0.01327439349782734423488506,0.03660402412681601491684091,0.4712596150288313467946466
-0.01050990875995859094582663,0.03528744522817773426881516,0.4723945507678082855740342
-0.01371707805722273409987366,0.03303497657891742156355264,0.4688167065144714373836621
-0.01162202484603774323146386,0.03049231757095733491569334,0.4692470715914049961270393
-0.01208110603613800695943503,0.03903323826197070689492108,0.4659164579475793543927864
-0.01389056022157888863055586,0.0388766229177991556875682,0.4655554308453008216517333
-0.01158066990499931510349985,0.03088260990614246845331614,0.4666377157663862407233069
-0.00991756727643427170304502,0.02653959002470848010935001,0.4720931404407517351096146
-0.01656085225523920567702874,0.03283081797585897521063458,0.4675176158305343609988824
-0.01675991623865548743599341,0.0385910975738614075991606,0.4664342805896263266518531
-0.01395503232922697470219653,0.0256674457279121442931924,0.4700544059892847181814091
-0.01849761079067700764166915,0.0355472911792176562983947,0.466658662998866879956239
-0.0146100526197459074789764,0.03552336503216228791313114,0.4668839660832235227694298
-0.0134065880324587809874215,0.02247676657676340658542635,0.4670187584195089613992025
-0.01594052366545818666399015,0.03340582082907270905502983,0.4669367983175937153461632
-0.01461932762139533589773599,0.03608833979604302716337472,0.4650857618269854665271623
-0.01467148734254381144126445,0.02158415537055681510114624,0.4691379495459737092311059
-0.015582280730781274472041,0.02253279592012354462515766,0.4680601380577624204271103
-0.01731147879835923802938069,0.03345004715174185183634847,0.4685614326655462846815681
-0.01482311148640057425762695,0.01885977675093742506051697,0.4713410628020300308094193
-0.01250294784331190678372536,0.01788658068324591038367188,0.4692194394063158857655083
-0.01549024697195547015104999,0.01448801347885225569711576,0.4686517024986969204292109
-0.01067622978356155306889352,0.01419502825842663441824332,0.467374784186901315319318
-0.009620368427789975987463045,0.008813837806657459292281054,0.4659983573657874855733496
-0.008390876404375378905253768,0.01509713303439895806801196,0.4632502606723566396240699
-0.01158700528374871294157167,0.01048147245921154761816307,0.4654955015898896153458963
-0.008835596033888764438968266,0.01196772804854469990365473,0.4654915980011513076952667
-0.01727748032470425784690171,0.01185179861667768654032162,0.4701651389238966083361504
-0.0113540935819700129771892,0.008939367176357819119725256,0.4712588484663572385713337
-0.01356023461449185237015502,0.005848013669173137037138321,0.469418432427056664391074
-0.01541474766184945492664138,0.008087429497684092000175937,0.4679201317569572360355323
-0.01491635238899107970822477,0.007480745133909053566634295,0.4651899177422337827714216
-0.01511238089349732811872418,0.007100468373273395236711103,0.46530934135041124299903
-0.01728836346133045751005675,0.01109174295243299697422135,0.4662165939223533173141334
-0.01752647565818228614364926,0.01300772230486926979431406,0.4691811809629479190775214
-0.01970921694459510861707763,0.01106723294928643915036037,0.468121389100565943319765
-0.01060069976680075298780537,0.0142965101876342173120582,0.4795309664904709445742981
-0.01745459793295353265185632,0.01606695181248976936339012,0.4709303648984403123378684
-0.01849660967961615568033729,0.01579362469274842376010248,0.468233492676667029108728
-0.01649259003659527683671726,0.01785631769556170547752494,0.4670692917833235147107018
-0.01469320734935912128871216,0.01846443154397297420343804,0.4665795744509849685144331
-0.01378715824515328383648161,0.01929924606919121432557773,0.4683155580772667692102118
-0.01018877249597943158987423,0.02261920477747336039042736,0.4748957859198317255078337
-0.0137174687062670205839332,0.02638454176519145280566114,0.473424167456384603624997
-0.01142934067399725521496645,0.02613535101327282839100974,0.4746672017914367325275293
-0.01171313862557430730826358,0.0263685643979795422686685,0.469849639473633728936619
-0.006330325560993737069037657,0.0307340088163251257125097,0.4776360473011161400513913
-0.006212760565613444432853107,0.02866423734866762121353823,0.4741149788521135666208295
-0.008333640123636654531424917,0.02907887745776827070898207,0.4737144314772303022031963
-0.006465861112689676865050714,0.03014544732112097585874366,0.472816574935849498473317
-0.001428986639154607206705916,0.02746977786194517573425955,0.470529605348216528604155
-0.00106552220110950010036055,0.02964346960368332076218856,0.4713263042976366112846165
-0.0005606672262706679371602192,0.02904186971911531731094236,0.468303941842563631325902
-0.002166522461279961862812282,0.02688017712829752353664858,0.467505096481658388718472
-0.0001008612064441482029323455,0.02552990448805379439245478,0.4680640505890836244873299
0.0007939528356203435404195301,0.02445480096440214717867789,0.4671845070216197326473662
0.001903478842767344523731476,0.02242152475754230489535246,0.4661568017646145478671826
0.00297704526782921344643662,0.03416400184533603667791368,0.4732907265113514005960837
0.002179393831530648979744047,0.03379080744260994084715577,0.4783338255843253006283078
0.006322571542303956869390813,0.02959501076498986110729916,0.4730152545787278395295061
0.0008277902261241599926946955,0.02568153650708204435715309,0.4681372765333605689974661
0.004706806057386650130047734,0.02392376275982324718150096,0.4674368551113406988761767
0.0030110717284191515323577,0.02512968815168191427655842,0.4682351214972105823974857
0.003828206564429053639087019,0.02508574910865688303851506,0.4721440444799792635066638
0.00327566003262454901248657,0.0252609146153918405486305,0.47238297281206431676992
0.003902258255453796599587779,0.02235025937540483648158229,0.4729960237212753604296722
0.002427723287727560647769609,0.02203226528348318363770275,0.4717182086859424416935838
0.002111335127258799626570607,0.01773454755592168349820348,0.4689469356275532962996522
0.003392102817303889635003333,0.01822577870618019568738077,0.4712128541145950699764455
-0.0009222079855229667029806184,0.02184771752231644270647593,0.4628541982821380296186931
-0.0008124945212889713840737071,0.01394299612089967485561992,0.4731542524091857937484917
-0.005214124944518231524748231,0.0172044482355174568888323,0.471831266576065166962195
-0.009378869752777423476897134,0.02126602201484416657106813,0.4751643550787590375428238
-0.001138545953503073077453522,0.0169668918099733119497774,0.4827099265191214239045792
-0.01142967948593653394750991,0.01445454538142311104453874,0.4744539797857935670144514
-0.01254064330732282753211315,0.01318981118962063263377882,0.473913424574781971809756
-0.01369495049356683064045725,0.01206695287090838418497807,0.4743390334302213795503178
-0.01575910477870485701390457,0.01020119327237640691197207,0.4746215705397337503157473
-0.01634694940983952640700672,0.01073201460133165613397566,0.4744055847254723401462684
-0.01987224805560536960991058,0.01123054080690851636026295,0.4738991683428654400067614
-0.02373201072660707094952315,0.01045380859412738290548095,0.4748784212807088400687405
-0.02466712013612275614105052,0.01180851521077180832364206,0.4778122008026379763379055
-0.02497518055041264908866516,0.0106896296012424802529539,0.4788597513906318048348965
-0.02605325980955214976164669,0.007622897887054862729738769,0.4761372054297406952727556
-0.02674166307529218106209257,0.01376977753188649705728963,0.4767403077271585298824164
-0.02371027836038401212515048,0.01199123741128468000061158,0.4775089234176683183896728
-0.02379160646640979953625461,0.01006725545127711181347951,0.4748902934934841613134893
-0.0252715646259851975385935,0.0116546539758012289433875,0.4744740065095242043113899
-0.02623321708611339383998562,0.01409758162662876242177123,0.4774474955805957376853144
-0.02208567028471275159318132,0.01519445292414495218835668,0.4775887842316547948762206
-0.02268094455347580140625041,0.01783969371826873290265425,0.4799105908631335903891113
-0.01894553763277413704901875,0.01539420872388818327392013,0.4766580069673270192431858
-0.01753037901176359228405666,0.01498151731804577523055055,0.4773337366847226759247746
-0.01318707785711794797101071,0.01322245336545842600561862,0.4786787231848682044876853
-0.01430344120828233589470813,0.01440969509426735621626658,0.4756038017598346323566716
-0.0129257855127786029647563,0.0229745260251987583333122,0.4740798914402357677744249
-0.01142648314222566643949541,0.0148037334280600313407561,0.4765367822018807264505824
-0.009142178130026309967881559,0.01230152685237277492003027,0.4756719052260429680956122
-0.00692024733986124074291979,0.01191692953682526277814357,0.4766272627212467805080109
-0.00787581596485419262176908,0.01804661513853083806835365,0.4767728725295326541733232
-0.007461765873366285953260935,0.02480507039618247422385622,0.4729408728558360253124704
-0.007644231106774678104198717,0.02675709239636425706976297,0.4754142216401915366219555
-0.005850921875623638079844113,0.02784084486166300484444314,0.4733291800875670807258189
-0.005529892862603200467952469,0.0254070492273308357056294,0.4713565226436880473137592
-0.007309835779143331220553126,0.02839662529265481877294164,0.4748625862133622477223582
-0.004773100656836126894078109,0.01749949678888692086720091,0.4720343194088971738864302
-0.00429306731659191871675052,0.01302894941847571215476354,0.4736930428539719017955179
-0.007180271112047449666437871,0.02590697979135038464537644,0.4718499542614748021307491
-0.01007548693210121373842192,0.02946586034904737430584198,0.475949754760565557631935
-0.01000953490976358266351109,0.02714647779227599005968941,0.4718797960355836096368876
-0.01685387662661724447743516,0.03506996070462770065390146,0.4727724771315992002840289
-0.01513753552284144085482431,0.02590695787447227366184777,0.4747604908667818479628409
-0.01398871981285665019867359,0.02484439552568134743082418,0.4770131574692678677607205
-0.01492883008390264235054623,0.0274815345114316628150064,0.4761247832145028002770459
-0.0144573134297403694398243,0.02329010394973753117486837,0.4757099103514497162592534
-0.01759321092073110742726172,0.03353983119035415516595577,0.4783621473954151048779693
-0.01769088820526144162359472,0.03327732068083808641967281,0.4781888800803307248976637
-0.02059512461654361761831389,0.03381616383919782559130951,0.4725077748268541322218539
-0.02439452159813464832138763,0.04390573463408399546015204,0.474995543118810259475282
-0.02389948583424994846269307,0.04226199990650632287714217,0.4713498315936559546202034
-0.0257206680250833090439766,0.03635274846392229364244741,0.4738531230040785580115426
-0.0251644736222312523366007,0.02796102115971464685539871,0.4749167261950000273884598
-0.03088843275408064553699816,0.03262187598403429311666457,0.4770160954998974855989502
-0.02632999488722804343199257,0.03110225691234045838906574,0.4717485260551017023367137
-0.02912972914256463374815809,0.03234477287794024907841006,0.4803270190098042902171471
-0.02757512682935544731654964,0.02822754219212407489347783,0.4738088178243544668077902
-0.02841455385060960570076105,0.02804239051915836597461684,0.4772338561221349806373837
-0.02784454661940885186743877,0.02652397495870338628431995,0.4767474427618026977526711
-0.02847444320902443176679597,0.02234985616801285143728784,0.4752752580065486842642031
-0.02387159959752506790953142,0.02419820237712687685527335,0.477592074840326730189588
-0.02536507050293565143639363,0.02823296877514692646005123,0.4689549078746112487081632
-0.02402220797908211080695651,0.02200842423742315617785081,0.4734112615706293492046086
-0.02337430610758868543275213,0.02495095520848283551784696,0.4763513516186537732899353
-0.02117807970861966884723593,0.028293658662473276932392,0.4803941228850603373246031
-0.01935776132530885040861079,0.0261874367099607131825767,0.4773868779985768751039643
-0.02466210526203092140429263,0.02426406882645633367179272,0.4733476388678624080519342
-0.02012307191208663123549449,0.02119299860166689447593669,0.4757387852340018707941738
-0.01757736349614789916895319,0.02219145827955226746297512,0.4713974493242698016182146
-0.01820099206314676129614405,0.02005764072783442625302897,0.4678561662851142277652627
-0.01889382399220434355369136,0.02056604809733173985786259,0.4711909456392278650049832
-0.01699876097862264290316858,0.02090003818276358477090682,0.4721231813785532471783313
-0.01815694533313072858704551,0.0256109291101766674281226,0.4767018957083046237777069
-0.01790438808394030634207894,0.02038134355226498342639196,0.4725124382595519700878128
-0.02000540314110990647300525,0.02323525577727008142869813,0.4715473302225799412390472
-0.02152904785979336405032925,0.02074608846558737354492941,0.4697465819833473443800642
-0.02335006434632265134854201,0.02562626475303884238110541,0.467925286382919136674019
-0.02401762129080169116956966,0.02400431493423456352775958,0.4657124809463216164040489
-0.02353524239303558807101524,0.02037008817042116476381253,0.4668470038226372187395441
-0.02437760278561108481798492,0.02658215685849982246047318,0.4742221744333180444286313
-0.02288873837842424208144365,0.02294174389649624584697207,0.472812291517816507546712
-0.02977390106968003449794402,0.02469347561682394553983499,0.4717206535372380216131205
-0.03236426770101432509596506,0.02816834174025526979501244,0.4750879161087302460231285
-0.03219920189432018409192438,0.02682895625415586751683072,0.4716690615068578340540739
-0.02993171037845009097022597,0.02287113887675593093540272,0.4704598438395404813583411
-0.02582212649490276887287443,0.02046694523673380991524162,0.4696416638204783389198838
-0.02858713404951031267220429,0.01955564072609658823886924,0.4667309871765570328250305
-0.02971614726285873309130636,0.01818139528450737549269967,0.4666482188520491014571689
-0.03057185439157792186670726,0.02113774467705130041816908,0.4678045967263354532050812
-0.0325119460637559656857043,0.02026623545877553542182703,0.4669923494564317545396648
-0.03246097158328040827024452,0.02217036017931173913497744,0.4676913851754900264268144
-0.03297341627806779640330603,0.02300851257110115774540127,0.4689422860460573661001149
-0.03275734346326353296774414,0.02046939420527114569803295,0.4702718931764680032614478
-0.0316878074118617514276508,0.02116375588857698566980226,0.4681390534525756152994802
-0.03360221155123230274419655,0.02021421310729469913991529,0.4680548712094114716109061
-0.03444324460526469733334665,0.01938040762186818075085704,0.467354526902834299662004
-0.03086927832245586408865812,0.02062306516978775622339626,0.4685083258874235823121523
-0.0333976525285665307163363,0.01966798510201401423147516,0.4638973183782176268330488
-0.03080325891983979810784255,0.02264051685893977636232499,0.4696646141477441860345721
-0.03335065572695456587171137,0.02153406839513564638433074,0.4683652157913971159075572
-0.03498030210511588605770683,0.02335222886244470857919353,0.4696714521285093035807279
-0.03601188828857364299107502,0.02494526298059472624313315,0.4698616766919196940932579
-0.0368922330086640659629893,0.0303922564578685376612821,0.4715494811994287993606179
-0.03742775572943796147384887,0.02985296832471400624298141,0.470610932780825164112315
-0.03527755710901533947598807,0.02851981332596102355902978,0.469995013314921550318104
-0.0351716027121448393533143,0.02527318703182760209480229,0.4641583099961008040956756
-0.02936378856939732967523682,0.02909419233346102404147437,0.4724809255288346387935405
-0.0298504189220392956993777,0.02447006853915241128549773,0.4654196768726335253774096
-0.03064777579546584113101559,0.02488295930347213247291194,0.46617176439344526484021
-0.02862807591316063673958503,0.02733019702963617597601953,0.4665484418053787440960889
-0.02053226795150409414447701,0.0389742835027376069434446,0.480349054022279231546122
-0.01424772518715788915955045,0.03956290854132429174461194,0.4806917895952801944581267
-0.01934654653115869954449479,0.03993641254808111967777862,0.4780611367170550241034732
-0.01649585209844613500895782,0.04182449275729547416569076,0.4762814172546442903488639
-0.0120262371682469323963538,0.04051862300401580518904865,0.4772923551875635217456306
-0.01098997158656859693404151,0.04223660588525709330687263,0.4749422568960495749657014
-0.009789566389307119073648344,0.04299778377078508628805764,0.4756492801254841307212473
-0.01045241720540398058791887,0.04419557878453105742577733,0.4735744570867605474084883
-0.0115939789621258507873458,0.04233745617085601237183923,0.4759455636349316787203634
-0.009995558582149991280751955,0.04269112842627294235331448,0.4721216386040437140714232
-0.004264990041957141507500406,0.03855053608220456590194303,0.4729840838970651439865378
-0.00639151817663207236219769,0.04475695340147125417251672,0.4768579535212333908589244
-0.001971435922277195267049432,0.04692783301764009984413661,0.4759930854709574221672597
-0.001301671602851940581085932,0.04741430350815361433047812,0.4761737258221245272515887
-0.002140441755872752281619764,0.04629129992115101066563199,0.4745649645876022781898484
-0.008175917469905790921358424,0.04639894249139533272119351,0.4717183318012842518918148
-0.006122111053239644856693857,0.04500128192765436019318059,0.4705704222892420074408903
-0.0001113502678476228343945262,0.04324232013051609174736356,0.4737320787560264090387818
-0.001669114828990703311081822,0.04830141922611452115488007,0.4762469558674778946638639
-0.01113173052352883947435647,0.05045375455705416317675471,0.4763046232233051902049681
-0.006627265062835293631116063,0.04886053172689942825090981,0.4755234208102932513817507
-0.002066992649772398348007041,0.03966620646608914196873386,0.4715209675359004481975944
-0.001084442831764813189657226,0.03995932935714847922259452,0.4744762558638079830153345
-0.005740590225463858796428607,0.04476303054889052557285822,0.4760465765695002238189204
-0.002771890496047907555265954,0.03595909835115807667849097,0.4680658004358599355576587
-0.01584475248973306674149519,0.03329735907738581163206604,0.4625608774783498966520767
-0.01425921370644882626987915,0.0351492596189844283549597,0.4586974106675633655605395
-0.01288163518058486022022091,0.02960842978974831049554517,0.4565785775652336786478713
-0.000513426613798767116254862,0.0349039979291250121451462,0.4701741743961450614719411
-0.006625011593440623992867788,0.03553952412056220894198688,0.472108964110483975140653
-0.009711839756281589325359604,0.04159559228597009550298935,0.471969776767623527824469
-0.00948417545758041199976951,0.03646635881560297831605055,0.4721448018486525954884314
-0.002559183322878964481073005,0.03175534422886708285638235,0.4764631683219996971523358
-0.005230678897483650655053644,0.03179209370758664943146243,0.4734153467086528732643558
-0.007331759440886184524266422,0.03215064391667567939014916,0.4707826320726134494698556
-0.004108634460991313595845664,0.03321121936758785614385303,0.4734228138431715304790259
-0.006371631329145368942412642,0.02970800775141009195112751,0.4684885500853798734333111
-0.0159199070891137238470403,0.03068744180233567639404235,0.462668503409701836748269
-0.01259672433581127473645189,0.02639511972842203957334561,0.4596303279484535986298965
-0.01596510584412680691657194,0.02680171716952426189117809,0.4621000723900906548280432
-0.01865377946424491562016357,0.02567381324396683650590489,0.458489232157220705232703
-0.0160679737907949114761319,0.02315564945334518814901159,0.4572874856450027669652059
-0.009067133760488723867587701,0.03034554651559978957764407,0.4719155057640109784955484
-0.009916292986003244491755027,0.0307067197570952132856803,0.4720211836055162590852774
-0.01384429126778993768276393,0.02828010065288945329431414,0.4703198349889360363462742
-0.02165030856801988812243565,0.01961239672561617894408492,0.4624710971955261484822586
-0.01565108816031452951267333,0.01811112895221093921360733,0.4623382511642550318775591
-0.01216993726920402585367498,0.01749111249859459232824932,0.4617937430566634859907538
-0.0158627580055936794056759,0.01689432481403233682337728,0.4619554093101947978006194
-0.01476832473431445059974809,0.01639638228319749424510832,0.4635410092457505348839675
-0.01790713930328253350454659,0.01963762197890212349293826,0.4621674014894429638466988
-0.01838702633727895552340215,0.02120074279369391079264062,0.4637151027717995033228249
-0.01468826044943321446067941,0.01724113271510520351004203,0.4616302902928601792353902
-0.01137109099484800121826478,0.01790416084959429651735086,0.4643716651771334635867561
-0.01240324615236694863473765,0.0153561763708143610152046,0.4591310364205964389405779
-0.01202613256079401900244807,0.01657780232495796243763486,0.4614128069137693466394978
-0.01131350640244957114766144,0.01522192012468081244447315,0.4558648693631632276002108
-0.01147630716570830974876394,0.01549265610693395869845723,0.4588495662953310239018379
-0.01180155713758530150458981,0.01489332145596263673459347,0.4583544613592845373695184
-0.007941415323652799285181203,0.0183942335325609739038466,0.4596416871511944668426963
-0.008415142854083339229998018,0.01848404760264947890857634,0.4606055795527125851229755
-0.006298891677631853446006627,0.01954842410842881975097107,0.462552158125207946159918
-0.003141117083423897258370738,0.0207615997566713804400873,0.4585006881118299237876101
-0.003251590896368161936330621,0.02037301857701894619578908,0.4616578817892358355123861
-0.003094412257281412698128875,0.02042971584490430383973525,0.4617149114792307162957741
-0.00138702295884985966206715,0.02211797803828094086120437,0.4618270182670117240952834
-6.01980354368166436195009e-05,0.02316119219594426834052392,0.4623843358636644529369164
0.0001902043683440877855708728,0.02706491253043589312321515,0.4619080791656525741828432
0.004666765530446617855908631,0.02005727120258603279889797,0.4589117926127815882964001
0.006643374529468074052296345,0.01987209111707797029588995,0.4576642293236077851936727
0.004945009241129077852405782,0.02125727551642496437889207,0.4578288515159638083495963
0.0004443437652170603821728811,0.02766354285629341394625591,0.4622271465570981230364112
0.001369070854373400161763108,0.02390429420255479886492367,0.4563259528909056061962701
-0.003295817769362426128548771,0.02889076968565657335674679,0.461586963585232101792144
-0.003499854659970325944373659,0.02587617214362751549838748,0.4587935727066418944986026
-0.009888580318937505858611914,0.02805506033825777567614068,0.4596917916500506406940474
-0.00536063132530924333490896,0.02954442925213671827799899,0.4618536252558873012041829
-0.01111479810438511378611892,0.03165487667353308193218808,0.4617786277492627600160802
-0.01075435275288813205540883,0.0258562646052475988978081,0.4589822143121601305537638
-0.003019711265606508585057632,0.03230942835321356371158785,0.4690080331786987688502677
9.101187538275493083255591e-05,0.03425995666514582843609205,0.4738942766851840238118143
-0.01075310254431487144710644,0.03251968652145799387742642,0.4674393959291646138964893
-0.0143673643460813203753812,0.02606684292331016422616941,0.4604924997066863201489184
-0.0230215525414735819320633,0.02803807689977283121307572,0.4605801025349830490895897
-0.02196833505586953672050754,0.03054336342830805961501284,0.4637911103359408371282768
-0.02368643926971624596999888,0.02841785791710298159085113,0.461864381972438287071725
-0.02243201970519846308316225,0.02570415053954695772109318,0.459246935007931567085393
-0.02419520633157309572047744,0.02984116065771024936537081,0.464608997952078606186177
-0.02419191569408109948602359,0.02865414587986774355710118,0.4639283643576286308984891
-0.02290186879039317335848835,0.02678191100051142622961997,0.4642741237139237919784307
-0.02064752563618039646331503,0.02529976844775666533493563,0.4608013697056280721930932
-0.02700771585508807831610412,0.02908143378397206463281677,0.4584173431034279655449382
-0.02573595850842625917809237,0.02824954545613645243151701,0.4596548283450405114614057
-0.02124934004463413517171944,0.0314154691004854894065268,0.4656938022546317501593194
-0.02177071406907122447238478,0.03293013999914899680998559,0.4636032650484826489467594
-0.02086271245863588127966715,0.03143571321232581372573378,0.4630329423894257168115018
-0.008441225493309221714066659,0.02895261137785351199247508,0.4632433789188101780354145
-0.006534587216203690922255998,0.02947219759663830332407919,0.4604719236906750778892672
-0.007172302188073347885277631,0.02736390609310602323178685,0.45891108376085293363289
-0.00388246539309658337049691,0.02712900254614531575514391,0.4604463931843637558571913
-0.004162914567500617876727453,0.02859302094703671318076665,0.459728094074387694245587
-0.002689881647901309295184413,0.02904733566939544930907147,0.4609650924671954141942365
-0.0009915779809949441282734828,0.02945800436731088253750066,0.4616676340700356373503155
-0.001593103695587595996369101,0.02875496782494322764445194,0.461369129987118931079948
0.001309981956885539113727424,0.02683540738863445310191658,0.46254404587743025434321
0.002262369282226231719662435,0.02632769956414648254705568,0.4604030711384488605553145
0.0005781026481405701199917102,0.02457928460395560066320542,0.4548802153114203106198943
0.004687189265989141762069892,0.02631491214911087575534232,0.454377715834758832968987
0.004787707094297277872485541,0.02436372417353267760820046,0.4533406152751571771553074
0.005864785998143246838198994,0.02451428121103342225306498,0.4556564213193795009892995
0.005149543550848517323159648,0.01968300818198415180759753,0.4551352973275091806648618
0.003777590371749699974662784,0.02510709977412693000298205,0.4571531386634860028017613
0.003306524916868735369801513,0.02339858657219587301234753,0.4551176413460397141008684
0.002850311186093002022851062,0.02109335113388465313133402,0.4569916814869187104974912
0.0005003207925036126007059534,0.02076549890042797552602849,0.4539701819447312658439841
-0.002298667494136583978880939,0.02051458925914164538317763,0.4534116658991486636942625
0.0001634783796025512383424255,0.01953081224477020566565599,0.4549013639204628201007097
-0.002911667761372933611180303,0.01585670411422647821386711,0.4535361998148318418699887
-0.009099385979512542022007437,0.01469196767609688876465857,0.4483230360668682412672581
-0.007971206161281736007895304,0.0145385381911376006941472,0.4474859219606265314794769
-0.01109228069029202963513558,0.02130006284665072330275493,0.4530981947900697415221316
-0.01397852092413008444349298,0.01965450178442893977570627,0.4573799584533868589630856
-0.01101622410695595084828557,0.01944576047312213465390052,0.4582731813445299340337158
-0.01125375875101425685032019,0.01538710780050975800159474,0.4501048924885400204232155
-0.01192529406240899411684175,0.01404992271037979433001563,0.4532584554804391374638328
-0.01086741117914108087361136,0.01476187354857804411023547,0.4542325111930676229121673
-0.01089824111850293091030561,0.01199556825977406496197553,0.4530502105417459346448084
-0.01295213247246272160462244,0.01480730971254448635754386,0.4537726452202970328642095
-0.01135876787555827396869468,0.01496485279732826662035805,0.4535301423398458986468995
-0.01281931545984328624232518,0.01240011120372054923000071,0.4478560492972891160512461
-0.01356983953893311709015812,0.01588744494109605581710909,0.4474599099688727488199902
-0.01031346209348296336094641,0.01779184667624878965486168,0.4533019523693200825142924
-0.01326095800169538145574233,0.0188399300164358261822084,0.4503252200795692661294822
-0.01535860812945362419146278,0.02636574325318391531780549,0.4480278386971220383472314
-0.008086857267459475820392534,0.02338337751504901418364568,0.4487623890181643426799951
-0.01238724160593287007547936,0.0250447379354245963645198,0.4445727607811588155684035
-0.006528397512766093493952191,0.02983251157170931436302119,0.4477894526913093753428541
-0.007051782995491842100099777,0.03335076576718755403394567,0.4468292079556267504258926
-0.005665985374476723186731864,0.03687918655638892928561035,0.4475752656570782250788909
-0.007279717803015025787138903,0.03981142306176640999204608,0.4452805406819843603294373
-0.004635603858027528660634697,0.03709433864890174931128186,0.4458876409410011953937669
-0.002806971470998484256831329,0.03867517988564900949244318,0.4439109700171763317477769
-0.008096912998474876943522105,0.04010311265350346293656614,0.4419214430209002508753713
0.0007671234256879191394651318,0.04140747409630806535885128,0.443823056847419517012554
-0.001179929438809174894325915,0.04461671816804524404176391,0.4498208507596012650786577
0.003347637479967351982479418,0.04284848058515801361156861,0.449788605702419963527916
-0.003654548527014879737845332,0.04157711619324069851622028,0.4457118975863994525532519
-0.004849517814308959909319618,0.04404625214312277853290212,0.4441385857530181224817056
-0.002067148139871231339592672,0.04257510654851839881906983,0.4474165884353378808135915
-0.005341265112376113177727888,0.04385960435071932506101433,0.447020953883352223368064
-0.004064210480819080255343589,0.04441103256335449805947135,0.4482160864330666516508472
-0.002101109156470431105906416,0.0393163823770921738720574,0.4446292326489760804442142
-0.005723393064530145346591183,0.03597158531677196319220613,0.4430297897284738439793728
-0.002717667283226445767985169,0.04199600516381468695570334,0.4506057871900547850962937
-0.006413176077411450112797375,0.04064002254543851166967983,0.4485930633935410472012961
-0.003513790636833027860447265,0.03706272368016482604557993,0.4491853080253749852523981
-0.00610835546279801019226019,0.03526141959661222013977522,0.4475683565797773377781255
-0.01097557310207664463264088,0.03612048853489939481686832,0.4445469354321932020646102
-0.01201118322161872850606379,0.03211651421615651508245648,0.4436076406424825924190714
-0.01265450297393895008613018,0.02375343144259626712577749,0.441353414481875150343626
-0.01590700018581492347635731,0.03349677390196402482214211,0.4474792271728868509050869
-0.01652756551202891333041123,0.0298666568840598167788869,0.4507190431440984412780892
-0.01360356958592672665941947,0.02142500704766656452471274,0.4458052567951802935830585
-0.01143018857145068276071065,0.01827085978022171056101008,0.447726547102731464722325
-0.01330148581811029309673877,0.01825456879259530415526847,0.4543470736262353315559892
-0.0166009856743236858256374,0.01206105653084875266312093,0.4463624407474494071301763
-0.00963200147541400965300884,0.01058864225686858770436594,0.4508396035094644482832393
-0.01383729287581716288491052,0.01717627672230602822733836,0.4448617179853354697272039
-0.009282387747749523340679012,0.007792080993658017686043227,0.4484425629877484831276035
-0.01092881081553837528674844,0.01601055305628765884629061,0.445839466433235964704096
-0.006398752011470458002373451,0.007008988933051287992248568,0.4458675265043082758253945
-0.004906745004079574035138478,0.006980427033129287493762316,0.4539126938226604179860146
-0.001239663837039824394875565,0.0116548138731046389132695,0.4551739689857298154507248
-0.003474498271743095383079503,0.01389718511681350097963783,0.4475915555924446787017246
-0.0006464836420762640071049909,0.01530439363516299805523246,0.4466921231649602086477557
0.00589844791891602424072083,0.01372176434642327635948789,0.450509080411770457263998
0.008689836885073838265713952,0.01543756137884282758632182,0.4500126387574066577634824
0.005068050157071412459286464,0.0144988389920634470203753,0.4441639854970200196326857
0.008494155195190715781916602,0.01781647487199405910374139,0.4487661079186335832957866
0.00793989568153387684223965,0.02229871670027389757295921,0.4481381823009252252099088
0.00779416503981778148457682,0.0274236628561633222211924,0.4515473325419911976297271
0.008571048397021023210196056,0.03049003257789087775742054,0.4502517895519916879543132
0.01083792868789849005162207,0.03208672277725673621651126,0.455433582710738860122035
0.009040456172411285434842299,0.03642191997409391368556442,0.4532589025468766186222069
0.007504045028830770222572077,0.03624622090428087500812993,0.4517886183120561338633081
0.01677463428551311669378876,0.04185016032484528691881565,0.4605535496998606759255779
0.01775164425291676437157484,0.04519441459396592031261264,0.459423675806831577350664
0.01263000869366542530669584,0.04467435716770604137160205,0.4505569829803307002613622
0.01284946024368834559259422,0.04562870497323068957884473,0.4532838820194616813452626
0.02072453401004125533857447,0.05278067491555545054371379,0.4663124262899832617179641
0.009487498564331932338067332,0.05105950743171903255523958,0.4560104433285667169251099
0.01042769054350014060195129,0.04823356485264214399411031,0.454661204930922935307791
0.0120396199786696432576516,0.04636413815188300535652388,0.4529792284664510559899497
0.01178245609571504544377252,0.04866615258212692030070912,0.4518200109030878208749016
0.009725883104159716713299488,0.05190928161189298922773006,0.4540250854096380961344437
0.00915722478414206925156904,0.0518585047092885095820769,0.4541358813638995406414267
0.007867790543216455698138923,0.04787657769987084532825605,0.4538016239444626065413502
0.006096189909828524274015837,0.04181736979361960065970649,0.450890496499316617562414
0.005310678543087247148457575,0.04699665140875911029105794,0.4550432918256993586325621
0.0003458151639559949074367862,0.04567013902118706447641472,0.4540998504992624917875332
-0.001346711383594597711069185,0.0463902023488170084375426,0.457517461027827199160356
-0.0006471931919136568499631434,0.04069390681993014652340079,0.4550762974290111784192447
0.00621236085868329644676944,0.04215707591791943709136348,0.4676014282150638967650025
-0.006968081784814006418571353,0.03804208531685058375382269,0.459594518483592617830169
-0.003294392164466078496559698,0.03593328128787832281831882,0.4574888257966436277968114
-0.00805580282120465368533857,0.03726138183658971037015561,0.4534824460334633822178318
-0.008138117711526242706310263,0.03201842071434755909731251,0.4518720046220680575110862
-0.00936460811303277060324568,0.03488498484296242985180925,0.4560716307002148361959826
-0.01041263333766256904411307,0.03564317025729540205913892,0.4542489937140788414104975
-0.009583922070031777179499599,0.03458303175980868837680049,0.4527714706224581497906456
-0.01036066413160773545809601,0.03254251194573907352003417,0.4624760428005867396450412
-0.01077592078009149446915504,0.0318011412365995921325279,0.4575478550836398761170187
-0.007959071724172381637196771,0.03239987866566026303294379,0.4577521341984796543478353
-0.01005908010105133372491526,0.04020658067960630743797878,0.4547377084396446167424699
-0.003122693760602232842388259,0.03943526222798977159955669,0.4566229493774305314701678
-0.00163269725492166278314754,0.03360139143645741316435149,0.4592507040061803991193301
0.007017552487811524498939608,0.02794063731945642739540325,0.4616208802524544019263431
0.004729242667822979029335073,0.03168826195907914478056,0.4592921407856461746277432
0.009991492540722977933054239,0.02728856255884913248332957,0.4568771890364000665130106
0.01285950938588717278043827,0.02627015723416346523744203,0.456905074787759768462081
0.01742534675364541124631401,0.02661895467470769272022579,0.4559039282545228610743493
0.02265539188823009059126079,0.02328400864216830304376238,0.4557894990865135054214363
0.02600865907017580608284746,0.02381151822528757705521585,0.4546399687448745008389039
0.03098602156797904821905476,0.02271043069755264084963464,0.4559915266942006217831818
0.03466420421113217825714869,0.02068669618139553842417477,0.4547087920006774863779242
0.03503256112866902360902799,0.02660541620634593665273293,0.4589477455263123450990292
0.03879542040498399485537462,0.02159552895342990719296239,0.4568122263547385042414817
0.03684647676461759446819855,0.02379231456655000326305682,0.4598890074438871100603876
0.0453375850000076602297483,0.02422227578352019808360929,0.4646062062424146099637312
0.03764737109222396349572648,0.02526003241638494212217836,0.4575432377121397831132299
0.03592647155032201861102337,0.0239083431047516919987217,0.4589189290698381107347359
0.03440736858253373026128585,0.02237519451638902978629631,0.458926301447289131107965
0.03259456637362631581389394,0.02283461407811747390095292,0.4601278269616687066623228
0.03079610254063537555513363,0.02083967000174703418369226,0.4588346751136327950071347
0.02899208173411035177613471,0.01932743521702435379738816,0.458442127885069883319602
0.03144272951016104794552675,0.01940203961475157889982057,0.4595692616147264986103949
0.02862651585495514308665754,0.02100787494551081824312178,0.4606785241534853136968763
0.02051667564287022738067634,0.02473984104814073992084644,0.4620884817326182947283542
0.01339073451197884088992307,0.02537572427771006208785387,0.4623328754438092436096497
0.01078539667544600559601076,0.02069127307605067925266873,0.4607814146246693165487329
0.00996276464650309480364232,0.02183500894343697734667487,0.4638216630446220789529832
0.005465091313760795169174322,0.02260910495376981799164895,0.4648141170211380068799656
0.004030072606960747282067725,0.0208955799266567800176464,0.4647031703336418906324923
-0.002158796293116508214354754,0.03262154897788786811485551,0.4591625953124205961053406
-0.001118528306278987125010893,0.01883873345104209937050932,0.4637858057398394628911831
-0.004189479761841182446635568,0.01729795825575516921013275,0.4677077843772974308222956
-0.008806543106319161817729935,0.01828588931610429166307874,0.4620422326732712137165038
-0.0112917718357142485979816,0.01995102691497824612398837,0.4664797252519619075172841
-0.01065891282093435997457842,0.01953786448030444405921102,0.4672139533231159380655129
-0.01182491703422589371386131,0.02087635894014960510900458,0.4678922860740854505756658
-0.01091389345060187442137956,0.02048424852883190885877163,0.4687753669971942427352474
-0.01365444603797403774758656,0.03228932280404013532848495,0.4605074684645075189237673
-0.009379441806414697685445603,0.0227939402652025634166133,0.4668833233453145714619836
-0.01210360943210129006097908,0.02456928965077938287198123,0.4657496970132911640050111
-0.008956782613311427623803418,0.02496940951921598414453562,0.4673510855613905445871126
-0.00713425827330825025607286,0.02630769493789969146191332,0.4697787698115770127493818
-0.007705410663412494420843046,0.03489007873778141727294511,0.4635929006703805033140497
-0.005369424035107023436552698,0.03301698671872094204005066,0.4668164183334180261653046
-0.0007871109272476081676270243,0.02995743812229064925722888,0.4615906163619405977449617
0.0007723033602085125487457518,0.0353900761023714371944493,0.4612412565051359769618955
0.004780084100890226277147388,0.03554094459672096223412652,0.4612350624186692393813303
0.002619928934852942120636854,0.03233389543322599812835705,0.4601019495194542674454397
0.0109815638390760444975669,0.02696153916999678018528996,0.4627760526970214893793809
0.007075888850388489456633145,0.03306036190150634518358785,0.4650576703088012409104124
0.007742735630833826737662307,0.0298763082795366410882032,0.466401942325629703667289
0.01039505822967328428629852,0.03511539746829100971936555,0.4665790817949557744981348
0.009660886620786792236548202,0.03449083909584614582310991,0.4675939610829437098615813
0.01039969362953306608599036,0.02832438080992915122036102,0.4657065496386130765138489
0.01598269554165496902919941,0.02958116028589869231368858,0.4716479987625122327621341
0.0130052567035471959566717,0.02528998125270371169492911,0.4629434053963547013310631
0.0118808020483709975145814,0.0250199430587875921994101,0.4598323713636380261071679
0.01293296335218612445883135,0.02300986491049827539767669,0.4618773393863188636565553
0.009348373517433481577620924,0.02070333755434090178271234,0.4609208669599882401968216
0.009368978679636085285520331,0.02220244391815138357282322,0.4638742013482194948004178
0.00840155629821567537240945,0.02203502025505806385941021,0.4712648163126992306715124
0.006039915340205878092894043,0.02063000719123780218877684,0.4707740625845414639272235
0.004375917451813426083118141,0.01954595357974132571743375,0.4712332492742504208571575
0.005840976879397355610301634,0.01863553195240383320019362,0.4700777341635079542569997
0.003508709256871876246836051,0.0179049292010908418781856,0.4684946591597317633315356
0.003656048309452238423422621,0.01484491924634424690754297,0.4680280690084941408457553
0.001269835108793815293612428,0.0120642341096870442385125,0.4679853505719080430935719
0.0004654214478020267300312218,0.01388485402437170806999589,0.4645144380144716200753408
0.001577130651072302129286906,0.01131821081315909083286897,0.467804266805460777778336
0.002418799684032602384520239,0.01079413063503220464312005,0.4695663968881479410910629
0.003369939937510460069985951,0.007285126494196323028440521,0.463677513583711342626259
0.003612572048915213985403883,0.006693954734380320667486153,0.4689820502741912089383902
0.002039159032856246826781454,0.007314390147912092771109727,0.4691712881223634168392778
0.005558233727374254674880039,0.008249395810180382496157314,0.4702473133172360708620374
0.004957763815905721037358145,0.008067260919767891766407608,0.469391638975681479983848
0.006420421512359670256075983,0.006700900939167096607984586,0.4657051865796333345315361
0.006136650133117283259509556,0.007816256188335557811286414,0.4636115017257069204070774
0.007032373338259911149661363,0.006541736633538106776564192,0.4645700640238337175702554
0.007629746124183623204317861,0.009958194525225297355497389,0.4654496761404423033070543
0.008460546870664491236890825,0.004397426935085898755395384,0.4653610365492862888103787
0.00861382313234686398939477,0.008972362675814565119436494,0.4715604540394367494293704
0.006352556806044332496363758,0.008524600573296689867697218,0.4709677794376629367256726
0.005600655463957631384486202,0.006369670791510528146117665,0.465649538229600812311304
0.004896196362037107119302703,0.008731450536711076598761494,0.4628401414128081592380681
0.004727857357801012148923459,0.01129049068295745299195243,0.4667425271640073258794246
0.004057169063095108357819285,0.009374979175528539918071935,0.4678648590346703994846678
0.004165010741607802317865161,0.01046779933757632091717582,0.4680794940038359164269366
0.002127652424042418641964014,0.007665711879502404464681309,0.4649193221031527323283683
-0.002534493225823901754734102,0.01048340727092609940551693,0.4656998504340749689411894
-0.003321876621908696498169933,0.01091603028994494670178561,0.4659044795051097698213027
-0.005888248428313889136498371,0.01053398710885308439677566,0.4653215171621483681185794
-0.01026624333132686132941114,0.01107245572756714382944843,0.4652693891549626870052236
-0.01231024625289501607527942,0.01005642026931687256496861,0.4672878671935726258013233
-0.0143571921615587450721252,0.0098259531417415838655538,0.4663447992838399835946461
-0.0170369456456098411489819,0.009353809100901437634245639,0.464127054780796743926885
-0.01467015127841658946039605,0.008712263795495507612276498,0.4660802337270367190491527
-0.017530496790306739768317,0.008066230573146135340856233,0.4638829763202589884230065
-0.01992848105562972441107128,0.008079756431622691151273052,0.4622204552375202557534806
-0.0206277816411001568841499,0.01646221694594258641575202,0.4623709262466585423467791
-0.01748646237883609913521532,0.007833471191366061722738401,0.4640139987161308043894792
-0.01651446231638907871652755,0.01367670988824963747287899,0.4671236186296050529875856
-0.01658380119961305049214317,0.01135374124039811687125745,0.4657845566935792103180347
-0.01657825484687030018204901,0.01307749355341547743691866,0.4666149872669863030161252
-0.0131021646717473672777432,0.01461700104855432995332176,0.4679317914144938694853693
-0.01167044415854436370527658,0.01597153808168400718203728,0.4678340250982981340932554
-0.007465681225448815051815021,0.01433260902079365635419794,0.4670879356992112541036022
-0.00831533957961150260729255,0.01498610092188095224696731,0.4659160508397782174405677
-0.003678582267403205166567126,0.01442925724888506101850627,0.4664504509125130260471792
-0.003975697508850671059443815,0.009603153906434359551869129,0.4605464476314473087903423
-0.001392668385106549848798108,0.013576691784366469450962,0.4672007245638284955724373
-0.001296886124581687980278355,0.0131725679210044997052842,0.4636254519440171639743653
1.228802655740844819052746e-05,0.01495606510513347066348988,0.4648397967672087127688485
0.001036408936227983107469797,0.01723847730360182975428707,0.4673281533506206675276928
0.001485964095058675332391984,0.01763095110252334285494413,0.4677271464824372393387364
0.001062771783748479208567272,0.01378169428621709401150408,0.4661013346283315872398134
-0.0005394839058626241679733626,0.02246933243126664550559646,0.4653469551609252796708915
-0.000259790220457515393277792,0.01812560794500703981180223,0.4631951923015737992983532
-0.001663799539989313774207558,0.02091812734221944192203324,0.464957673190855458322801
0.002216225019136892210314116,0.0187365909994382934256052,0.4638047562135088619506007
-0.0005832829132393509662113384,0.01895906171706297771439864,0.4619166956691714287508432
-0.002593584632763158183410557,0.02080791756948193599319197,0.4625132602549573701544716
-0.003236089461993085867469455,0.02543318465389603211246339,0.463977936266197654724408
-0.004979371182400777438858963,0.02138106977085178425634915,0.4642790142524442775773252
-0.006094003984469235912779794,0.02662548946184011347537712,0.4660819268491974143309164
-0.007579870543007296949944429,0.02553592461007522101956724,0.4658124907295403405171896
-0.005889437496946902869665585,0.0246658395961859809586425,0.467088617303727304808092
-0.004532896453582359840017713,0.0257086862131691018529267,0.4667218949072728384486197
-0.009098989565634566997753829,0.02546846375055582603619264,0.4681673055613801981422739
-0.01257949287195625313884317,0.02340282309472806882011398,0.4650809641981140662991834
-0.01153565066934958936728517,0.02358436090641616647567425,0.4681889845576428510476319
-0.01334685561830302458208308,0.01883346405499708789421653,0.4620058689495374348865653
-0.01868863720319408755488055,0.02015455027576072005723873,0.4656971405897854521249712
-0.0120090122376456075181661,0.01540737669098827741787083,0.4680746497900771241340578
-0.0132493060572763318716305,0.01423264433352407556943042,0.4653907148113751168772012
-0.01437652851734681769269031,0.01122178115427464525910572,0.465099239893584037730534
-0.01309030154990276084703282,0.01156225660927335391336968,0.4674225370904817600248293
-0.01324798221711131172850795,0.01426460726124628188016263,0.4687780474506042516225079
-0.01226794930631474808691017,0.01220223971861202419408876,0.4693962973506543567836502
-0.01215419295397935674218903,0.0144697563268054406326879,0.4702944413782452759420494
-0.01353527354836550102012982,0.0175895543245524164921445,0.4696244277775461495316733
-0.009836927647249088177416887,0.0130262035952688343121153,0.4684827173572081449037796
-0.01014639758748177300606841,0.01628146636413035572288344,0.4681983261169417320779473
-0.008624225649872046053912023,0.01811684740612252639269109,0.468823931227545009914337
-0.007784858107623009865205788,0.01449350984085653014366013,0.4637148462122169245702707
-0.005248194028694085598585328,0.01925487084619168301480308,0.469954953755958526606662
-0.005291116019572112381952333,0.02285496528262146234689034,0.4645431776003028923049953
-0.005902390575266807694332361,0.02368859572248224396040506,0.4620515655611618921483341
-0.001564368231366562635858974,0.02071203815789566735072746,0.4643342530622509012339094
-0.009655763738900924320063268,0.02966213073979671530078228,0.4636578166285675872693162
-0.005871186415739464148355609,0.02566478334293859769887902,0.4668389883410504204164226
-0.006607576227969698227926454,0.02613950902630172296037259,0.4677549783867125943181975
-0.007003174162685703481312505,0.02692418555885680436778884,0.4657535510256504140969014
-0.007861553707086249218050078,0.02655014259951967922623872,0.4663269496988686202421093
-0.003930554497529573261538349,0.02585738500904386644174693,0.4684910347298328336940187
-0.005886185593553899982055544,0.02570609702262574916553639,0.4685045945060693495243243
-0.004374075678042339127005178,0.02520744203900631211223704,0.4676880063904621520620708
-0.007357430487677164149262765,0.02749452480947885135709186,0.466429287094419109394039
-0.009912187910458822304171633,0.02692404083074745324566379,0.4671010609467889374002425
-0.0118245147963003272711946,0.02528341217427036019538278,0.463328873714164424235662
-0.01163802921097377776615822,0.02313635952592974637243017,0.4626045215289093515131924
-0.01319462765890309571825689,0.02268350088063850189534776,0.4625305044320923708589532
-0.01297059476249953421933547,0.01768500146015130128351878,0.4663574246997420624794017
-0.01226950633069823042020641,0.02051363875191599892011673,0.4690736838476032288802742
-0.01437470222591320442862006,0.01993103381130459372805319,0.466848309700750918604939
-0.0155386412098276402438124,0.01591554193247479015438373,0.4683030087239249961150733
-0.01867559186417789771073039,0.02174060273698745840431634,0.4635355229628962403509718
-0.01729877999496138088475483,0.01684047836283111138078183,0.4664068630504712431594783
-0.01713114882353556842065068,0.01613680970181523288697889,0.4671335670904857018115308
-0.01790720764442933418680859,0.01639993316437284021080956,0.4655501360508419450567885
-0.01728762699476521849661914,0.01620470575133910184906227,0.4657818749551581039014536
-0.01880278180782361460710028,0.01502231306157695428504795,0.4644818625885001606157232
-0.01383206416802872269766755,0.01701890196693543050310282,0.4701122415063379578192837
-0.01417729091870933121055653,0.01543806538299107543321664,0.468122284242004860210784
-0.00849110525954803289916395,0.01350932601112416961419704,0.4687251225102368468178327
-0.007523943103791679194725095,0.01256309637888910341052551,0.4680800796727498380711552
-0.007126228130577946101587017,0.01353188348134093041408299,0.4670140422671504309981572
-0.006716755817314581065990975,0.00780826743495650552051579,0.4650151011769753650604287
-0.005441356363027272796673017,0.01172871764767319420486036,0.4650374143503319124270945
-0.005328570319677370867306188,0.01210723176947367529798782,0.4694996385372095515364776
-0.005505928682890824828188858,0.01032147184396298156272564,0.468660632242447972028998
-0.01233032140406185514502901,0.02161945479604070186052667,0.4614303076453078467089597
-0.009400710477908280279790709,0.01946235911019600361981929,0.4643566496933079212894313
-0.01196940892878923558273474,0.01705486621199975294516094,0.4618775835189756762133584
-0.0169677968037769515141644,0.0261145319780401626019728,0.4607958978395957361229307
-0.01547104646385909394734615,0.02725597383462854614299964,0.4602030819154501184442552
-0.010851962981067638305821,0.0197673800587885029056423,0.4664320679549042170108919
-0.01330439626067331064518395,0.02016071477140143897166524,0.4645658588605230399082302
-0.01402616298529302772679639,0.02238422232540009104706513,0.4672553088442321089779341
-0.01726705493504618674216466,0.02346273411965887553676247,0.4675030659743821259688445
-0.0149295983676280708679629,0.02214225031705104387858007,0.4682072859465317704596998
-0.01686365056111639726399432,0.02261337794691355845833058,0.4657580057024082731409464
-0.01543677292463037711844898,0.02260116519625724254560772,0.4682511795060843584614929
-0.01303342469842744613672814,0.0225536512520207316212506,0.469621088157872235147039
-0.008884914549537782299526434,0.02436822958892149657006421,0.471038440033261174288981
-0.01036336197425190633336634,0.02555397194678344849338991,0.4683903459337537822371189
-0.01442482313093297607853316,0.0280686846577551107895232,0.4644816674582256665892999
-0.01159738706021873691498492,0.02507326094448202036257811,0.4706356101614427855928113
-0.01184700508591710575723166,0.02700385690055263562814325,0.472887981962327008655933
-0.0110767274355942826197241,0.0250987640458589407466139,0.473869983157014174057764
-0.01286803680007547398544965,0.02549053415636868408222782,0.473737834603288054946546
-0.01054852288752526623394346,0.0257755389609885462998129,0.4737150267709857587306033
-0.01211186815657396519119171,0.02507301359130800766372715,0.4715576150813763911529009
-0.009159406572081028527487767,0.0259711042837111640013692,0.4732883503581145068217495
-0.006614688378775649378604751,0.02263229696758704834191889,0.4715869652485449869949719
-0.007149751451154223551298639,0.02054151577711004969528652,0.4695648901009813469542564
-0.006332191117547836950452123,0.02255530612320387137681443,0.4741168011186010500246368
-0.005624657920754600089197073,0.02108781629075636224190937,0.4730189974369705674384079
-0.007367150723404452053455493,0.02478261922672014838653354,0.468635840764937194879991
-0.002952567277543148311497179,0.01796996364089596676105742,0.4718361567404961709470967
-0.002665293351540085238504663,0.02056025759871348695950743,0.472855883069751792291413
5.67229192422839733288796e-05,0.01938262025985974107422649,0.4743449879353431319906065
0.003252199188818274272483322,0.01832466987426255994320101,0.4758114611148190897793597
0.00172957684151460824341362,0.01458096106704485223071188,0.4695761512661624781372893
0.001546647761456178011424401,0.01906132856443616685471198,0.4757103487652674100871764
-0.001081647422889229093884156,0.01896492938614057280344305,0.4742804286809922387213589
-0.002139631899375228282766948,0.02051689504011937337235594,0.4761049596770680070179083
-0.004827503669726714539967016,0.02042356079577664629276512,0.4762659057733084622121567
-0.006883065201902234357678179,0.0216321991535482552326819,0.4746478674624848848040415
-0.005049439699874538715895778,0.02269351557103560512729246,0.4763331185208419249477174
-0.005979416077263335037306202,0.02385625334501795258290713,0.4734891651432662773579807
-0.006326617859147945152620274,0.0216887961715042515420393,0.4737017985546793652495978
-0.003944708213309685781999825,0.02351256777466456324154898,0.4739740905523247560537925
-0.005382945355253634760195336,0.02404206143354436359116377,0.4744271762531416247732352
-0.008696957282859064247704239,0.02347960608581178831855141,0.4737010310258474299338616
-0.01139902558803931008346577,0.02407140585240602134731169,0.4729443111894497953073824
-0.009999088588440166111559471,0.02535115358040162039654497,0.4737530399391668978203995
-0.01026289472810548893122462,0.02622450344140599826081584,0.4730945799054677158856919
-0.009292831715202173187284629,0.02554299470603335966978342,0.4720501946062114484448102
-0.006771451446795574875825441,0.02748691310641577720264017,0.4722166157810731568211793
-0.009495400351399134811214431,0.03047677184315707166195608,0.4721038593969854590959301
-0.01625492547097159498625807,0.03041460152951789772113322,0.4652488972497587083054782
-0.008243454441911848146196107,0.03260571275050479916890467,0.4722390668996233609178148
-0.002273003922109015882691008,0.04222545782656173668501154,0.4792850315307114472673788
0.0002150898303139859018152241,0.04411856885962344571039395,0.481297173768223840450986
-0.01041747855569313124801667,0.03835391595099232192600525,0.470824896697785877375253
-0.007242800255426328284724669,0.03870168420871945846872819,0.4719727410600673689344831
-0.009075665361636824773894361,0.03628981785800795833996091,0.4657455123019892395674901
-0.008526850283973675184712171,0.03727679691796656480384797,0.4644148515864582327239418
-0.01049336067584458881407627,0.04312436230398335179625491,0.4613334370610399637335775
-0.01175099040760998678201155,0.03886721933509870718914669,0.4603527383360628277841897
-0.01284221601607706680914234,0.03255775392400211271093369,0.4621658889547519688534294
-0.00914192713716042992810884,0.02545692903989193317526585,0.4641668137675098448902133
-0.0116142022699037769650765,0.01247541315236172509983703,0.4631372840362844578443458
-0.01137949955728295541035333,0.001369447158316130803284993,0.4684221675976986687395254
-0.01156875637190493341655007,-0.00719241625037342693915754,0.4693229865136941958425609
-0.01201658614289943804998018,-0.01376011197008519988671527,0.464943752116053876655144
-0.01097103126251566980464691,-0.005220002627807689143946135,0.4693867099818634924801586
-0.01809719035466799547107186,0.000864634488006713465384212,0.4634785129884608223527209
-0.01355929484761922605706719,0.00299676688695274919330136,0.4627830715085498591854218
-0.0159547237350559159563268,0.01049419418115021991610991,0.4657916908027571190054061
-0.01581836378363899939247794,0.01041354778384951176861684,0.4656865644380234758870074
-0.01591570071646836864731611,0.004280671688782227216063525,0.4653397343523905105300287
-0.01660273953416721917641929,0.007647546435681227064429244,0.4706677224608084020296417
-0.0166846028978054443381307,0.006833089731433603444821223,0.467954172309969773646543
-0.01558040434105052024493787,0.004083782060524913416765802,0.4648944986637340570645449
-0.01395991230631045756926945,0.006700164146239332048360371,0.4633086982443234136397336
-0.01559890301923755849544673,0.001711382934626605066205651,0.4605341556619988452325742
-0.01564410481398033000988157,0.001547127307343594288663313,0.4620592347169271696394333
-0.01689954317947163150992473,-0.002317734290800831011697403,0.4594479891564144935500735
-0.01014563519612774779299347,-0.001910813012811798635229299,0.4669321650385989119769192
-0.011914967881276510366928,-0.002075083819122401120049748,0.4625266363520141310594624
-0.01314933193591337132200003,0.004127583140478163596653882,0.464532424018164691315036
-0.01761579776725816573468286,0.009868826658914286661938853,0.4651103852722196507762931
-0.01688325825577126695908881,0.004093390205448210229788319,0.4631880958665579028910031
-0.01660564060757589027739201,0.001070597957754347790207405,0.4642336821353112985555356
-0.01620655474209829055576293,0.0007553496730003928221613974,0.4652313100104417120661537
-0.01375060206099158917336656,-0.001966153017262778444212978,0.4642663052836846215853939
-0.01311517545272634054087657,-0.0001229021217862508803982113,0.4619301652105670119574654
-0.01297431706530241361796651,-0.0002748155663498779419963436,0.4615995754323009570008196
-0.01443437562050998296259152,0.005789295958536832230334479,0.4593559546078685440484435
-0.0147624740770083973107063,0.005815357709318467842318778,0.4588327111294548399378357
-0.0131752906751949148272951,0.001573800350560685930648153,0.4645833869041079977613151
-0.01556083139891272816568435,0.001249146768654061214268158,0.4648301545390809419444622
-0.01468784911256152195258018,6.358864587332025504386873e-05,0.4649760625575449224378133
-0.01493492463074469304984415,-0.0003356801537981082936452915,0.4645637850368667942646539
-0.01397771867685754752785865,-0.0005291659943605038279521025,0.4638560533383793704764742
-0.01271796612422829500510524,-0.0004184081906203418270949468,0.4635993117571044486169285
-0.01620268632015064297346996,0.001673085773349739652227086,0.4609461413006991636898135
-0.01636820803298340981646319,0.002066630592186613837868414,0.4610014311668649833464428
-0.01233064925296631364481925,-0.0006824226824336965951944833,0.4637234884224259445772987
-0.01310996181817064565322539,0.001427317679978815220462329,0.464091829651759602004546
-0.01096244304766694731279042,-0.0008949323370342930281107208,0.4653006663085022531767265
-0.0169129749665133805036632,0.001445829175076865803079018,0.4612019137616750752428629
-0.01275194412024854319354095,-0.0007722134999147222495993748,0.4629817327224943213082042
-0.01753864573190079545472742,0.002035211677354345233964539,0.4626160632522002269517714
-0.01426186283032218095334631,-0.0004703869845570446623153615,0.4627476882603291929996203
-0.01337210626966455276343204,-0.000191691370348001741824584,0.4629375283924876960384154
-0.01650822688597347598360443,0.00165717317947643551570569,0.4625797581026978022578078
-0.01287865609716134368545326,-0.0008330305836136114427253885,0.4639018247269011685496309
-0.01526550521129318126190011,0.0009225843118741257559492497,0.4613632079339297087372529
-0.01357325411707270557126748,0.001430624188210166550586089,0.4644911661363207988628687
-0.01443039100831755572329484,0.001477439895942601888467749,0.4630852380041653448827788
-0.01418812926672374449821312,0.0003175397213547403009806236,0.4622436939230175623194441
-0.01279695467709330257422007,0.001069271587192812712763246,0.4652876547971986354035323
-0.01502979052655348604639052,0.001211414503072914990167153,0.4632214564874663764726392
-0.01436959431186951921533002,-0.0001011623606007345800269007,0.4644963928072440295657941
-0.01303490966089282561413132,0.0008264559763112877023572,0.464455492136489345167405
-0.01413029171092342571591782,0.0003552841205579364996548775,0.4629069462104307697281058
-0.01489158816623088743558156,0.0009657187187392111179379262,0.4627353715111446885721591
-0.01041680329190648388038021,-0.0006021659103159032700933184,0.4653119746920348354102259
-0.01099602443438120816243675,4.142011556787654388269923e-05,0.4644763945608940680642718
-0.0143425396577373538004041,0.0004444944905714851577163693,0.4624072470285733316153198
-0.009851492111694268305477351,-0.0001818147198960706300945034,0.4657814603109553530657649
-0.01424390969973416028182545,0.0002989822124238623998401798,0.4616009475262612404833362
-0.01252809714540009319860836,0.0008774449536608279432911561,0.4646145157452485907612072
-0.01313194038956847810306616,0.001024828221700519034417787,0.4641316738845182032768832
-0.01369044831133798753586284,-0.0007618541600853125875941751,0.4622518135388213877945418
-0.01443132668258013430462317,0.000179565886773734025927754,0.4629201906913139041854777
-0.01218350798628225692410432,0.0002455830475246005843888153,0.4642397521452616415693626
-0.01440771946517231151541072,-0.0001599572083335659613417823,0.4627837552791679853747553
-0.0125147947439327462265668,-0.000495864601881786212951575,0.46371696308944526654372
-0.01298622470141634621665361,-0.00027690012320629142335629,0.4630726790762864086836714
-0.01474092439367663716354162,0.002462376708037334986645117,0.4638748882123678307642933
-0.01194625891261449565639019,-0.0004969919847663897567030533,0.4656341643902552895895042
-0.01381835356240459188048586,0.001232090372620628718203228,0.4646386250262918848896732
-0.01331655901693157631471287,0.0004615613519307251028100936,0.4642904768376202029322997
-0.01781219903346206376304472,0.001597198127403429580156713,0.4621513578042860115324686
-0.01516403610245114011445544,0.0005185186775888923687780063,0.4625584563255864534170314
-0.01776110252650985044109433,0.002253824278478525153929235,0.4609941652138594969656538
-0.0110175008326934779218087,0.001277485766916331734466272,0.4664842646813773252567614
-0.01132355056964294386101511,-0.0003998349292656348807906141,0.4646696142208716073795927
-0.01331354271551277862473128,-0.001074879941856587669060663,0.461001086975130147660451
-0.01402097349684017051074658,-0.0006978744442147466042064563,0.4638448960365159079444197
-0.01228054091320041757429138,-0.0001230613766737903504340512,0.4651208789564986179065897
-0.01518245092822636740925724,0.000379650988459044255729502,0.4627687427945672005158428
-0.01611395364871627544633981,0.001590394588100819094067528,0.4620118282931636177757184
-0.01526667320024447174753313,0.002276716241747802575018378,0.4639667233097800047580961
-0.01275490366462064817376643,-0.001028496032938241598261864,0.4640770698110464609342785
-0.01303267424099705841522567,0.0002109765887596018972809792,0.4629793445050363609460931
-0.01205864600261922874036014,0.002541213864662444574249456,0.4655084256030996847641745
-0.01286292868475564371566477,2.378202199998089483214819e-05,0.4644870540538302838839968
-0.01204807169814448193634338,-0.001906493810082789900489653,0.4632839467529627497377476
-0.01379070489052173185962058,-0.000325559360543103677807647,0.4633837843310134041452386
-0.01334249986426459810839873,-0.0003652312809154925686387638,0.4638225227620552115759267
-0.01306109526482419729009887,0.001271928493454974225251863,0.465188548037935800660847
-0.01382005463968125069662563,-0.0001797059286225627448667364,0.4630944891961474296770973
-0.01571531202710130248334508,0.00304342745997454198689236,0.4614348830994037808927999
-0.01196656329662214302000933,0.0002372034130248389517496566,0.4648295164495234721435679
-0.01388951885788861258241855,0.001182360728281904973038796,0.46414085221621514953938
-0.01221886251616596287539185,-0.001223932540009123630039833,0.4613448003813779285664509
-0.01110921730883493441233156,-0.000357258198893081421222695,0.4638404947832286406850244
-0.01298978378542569103726301,-0.0007759829737294507336770044,0.4639989651871119780146557
-0.01310041073456356952586788,-0.0005466388075415874259546656,0.4644325018830914308942681
-0.01360693752389144015046973,-0.0003991800819287419583095144,0.4638355870803517744249689
-0.01398946324158318980923621,0.001452898273603950686852504,0.463539292460164231712838
-0.01523614405072638150473452,0.0008072573361395935084491859,0.4620913480470015821666152
-0.0131257229718825911557456,0.001508915322381609034133043,0.4645232785702317346299139
-0.01539303072679671161027137,0.008279893669465880276514547,0.4588002786105001562511063
-0.01226480286515019106630131,0.001292990963471159129166699,0.4646054772129249443857191
-0.01412901028919565094010835,0.0006320117821068341884549469,0.46282486363088692904455
-0.01312156661391807553618261,-0.001391390525857026270670214,0.4637777866402091331288204
-0.01364428995440049828535845,0.0003382336085218439294432236,0.4633659717562306767923985
-0.01266010825138055156946493,-0.0004865509873729905333111789,0.4644292913708359393787362
-0.01701768961301554708431816,0.00183211801415469823124671,0.4621939214606902712745296
-0.01671621387519255097497961,0.001751290838213891056657223,0.4613090000098070686540552
-0.01231146396834885414772742,-0.0006526948478274993909256652,0.4646129155269767552205451
-0.01312113167701042457102822,-0.0008347365800344054738435506,0.4632227427288190257925748
-0.01347730707047969066214588,-0.000171830794125819966448529,0.4625665178739242766603468
-0.01151770264846843291883793,0.0007099301596057898487007742,0.4638955748414363422504891
-0.01197122858854176435938754,-0.0006832767800180906134568937,0.463602014257790961959671
-0.01679719987017208940316415,0.001173833219920177115686011,0.4619305894435061787817176
-0.01324363787294577897435399,-0.0006604653631741894516740676,0.464754535120997014363553
-0.01257459040619693727003359,0.0003684362341792836383243259,0.4646264248022139997651436
-0.01438447819368367762427052,-0.0001757505181745474490823122,0.4638151820587551044106078
-0.01262182606990744880570698,-0.0005507093714680952453374707,0.4650291911125148391903394
-0.01372966189055322729084541,-0.0003944960898365128341286345,0.464153120208417646619381
-0.0129442906497106331731306,-0.0005689728710296099297924477,0.4654297643355132518827588
-0.01195968735798353006771766,0.000354988776372333050476704,0.4655716762514379714055224
-0.01241087348302813767042529,0.0009510556860895074933817672,0.4654676687899852449703531
-0.01313557100281771868044434,-0.000690211231719013045861344,0.4636882680602185669016535
-0.01455635564231791932721105,0.001486414275418307655990402,0.4633501403765752924002186
-0.01312602168785113355975458,-0.001224937998400744618154867,0.4638904791547625583447712
-0.01844606797255511979050091,0.002472931353428302943958661,0.4623619533798976055649632
-0.01438564184448508885549867,-0.0006556300039488049697516958,0.4633802697907612455630044
-0.01597956653073741295489896,0.001907810938739636173050451,0.4614499076929752252596018
-0.01297443800517841631936289,-0.0004878235017675829087759054,0.4637055354989956246214433
-0.01124020816948821492597954,-0.0007152071225119120039329101,0.4644839764401175741248551
-0.01300783111651175084910737,-8.25188959884866091729419e-05,0.4639914259915926542099385
-0.01367426336581486004395636,0.0002177954888135148227550769,0.4626573693383988494787218
-0.01200348751878273223514526,-0.0007113199889836135068887923,0.4645731709572835654853407
-0.01353068197737802846880584,0.0007463377407611852679472642,0.4639804422291509133913223
-0.01187774505735771958525593,-0.0002845502601249624277310324,0.462214388195371528311739
-0.01279016998509889362078962,-0.0008616493403209023486596929,0.4636177373150680014468605
-0.01346576078147181110278297,-0.001861278848022890472155288,0.4614905550510095544325395
-0.01374715139476848611843618,0.0003609073483443352484655031,0.4635272831950950078727658
-0.01357401167923782438207159,-0.001992532196599354401417292,0.4628804542132730071024582
-0.01326304306951667233427372,0.0008084748272691624597363624,0.4646493449832483357830881
-0.01262253977184410458356467,-0.0003666421971808910039783425,0.4642261499864946960869361
-0.0148545677774696051332004,0.0007832413790725445716309205,0.4622969940761744722657056
-0.01295587456277762228307182,0.001512488865963852475299278,0.4639734822968923921848727
-0.01276840728797992881304868,-0.001780137523310500614198704,0.4627629676501261446475155
-0.01700118757305257161105416,-0.0003567728038761200132396312,0.4608764443029340629465196
-0.01322079096907423367834866,-0.002217800130534755553846082,0.4615361611187638324338423
-0.01321406601674182841599237,-0.0009816045072726948400587688,0.4642921492545174499966265
-0.01203275791707797588714346,-0.001124849259866457810638773,0.464492619198531131452512
-0.01263933702447105414390371,-0.001630385292839114973542647,0.4621316132236897855634083
-0.01325769779574374751529575,-0.0004687683774205145411338724,0.4642380793303256814041902
-0.01476720252348355522098444,0.0008955946125133950296015595,0.4634267938207877746137342
-0.01234975161492568584975515,0.0004557289418717844751462176,0.4623370737035161770478453
-0.01555748461302535606831654,0.002095129413098595523579082,0.4628194083926510105087004
-0.01730478752711143985987263,0.0009107873882130105994484048,0.4610418538466277693643747
-0.01274304171365930014869772,0.0003439333479894307165486422,0.4634348413757881646191095
-0.01334261958508524414934726,-7.457994254687219972657555e-06,0.4635357488248709745271015
-0.01755034437726149879055448,0.0008026967195953369719335635,0.4614259769269541955338809
-0.01383583234527662082780086,0.001146056181611552734003756,0.4626587155222376956942298
-0.01362510683828078474066903,-0.0003521526476840914168277286,0.4634232782091444180494477
-0.01267925422583361313999539,-0.001302662192971548249867397,0.4609191144587566069112938
-0.01248430662231278694129788,-0.0001113687815813646189060451,0.461494550374217105126462
-0.0147778797234701542856472,0.0004571249967900317505431484,0.462706149269081212782595
-0.00942367476959896435695363,-0.0005583238199556416880148246,0.4642828741450780727362257
-0.01320205505530422547544322,-0.0008006298824737899735848323,0.4634511270033666030521147
-0.01240558214841986847676303,0.001449610363965794616880611,0.4652844041593532931067045
-0.01311350445800874356394594,-8.081676743807133709261714e-05,0.4613293929999239262329525
-0.01358056327012056863079437,0.001185182316676290778176273,0.4640769373425581711956056
-0.01207631561382820246930425,0.0001521697531215747195218468,0.4626858949065845161285893
-0.0154928909585282381655702,0.0009059283667176350630240167,0.4609870359610856449528171
-0.01100722374645390390368593,0.0001062483379582065620445192,0.4658368122549958467715214
-0.0128824095716379410231367,-0.001090364989927613105849535,0.4637863745473548293674071
-0.01391535537130017020912565,0.003854748608423495901537104,0.4650186944044904513440031
-0.01341360056050871010779879,0.00162103877303789432363923,0.464089708177421400581153
-0.01796358843892134973807551,0.002707453774768179156212655,0.4625269746790248714951588
-0.01364977964498523613223746,0.001414720315818006899158399,0.46359858930045505509554
-0.01593532361546737968760468,0.001621120245529198734824039,0.462002462590576090661898
-0.01240273844882354946361769,-1.734434604075675388909147e-05,0.4640055054588226313150301
-0.01358961021645191738493885,0.001354659460048763218453782,0.4644235173894298851493545
-0.0125504189098155638504295,0.001551405951159655436516482,0.4642803729428174874804824
-0.01618589420862089067743028,0.001597509475803489051304318,0.4614150738807661356055689
-0.01352243392454401116342666,0.001931537002275366841572146,0.4634527214127773242502428
-0.01526081716635182584929087,0.0006771874663558240681898726,0.4613650280968906725043155
-0.01277460322197281929190726,0.0001366788269685897385871676,0.4638890918125935791671566
-0.01400994757040560471927915,-0.0007488322467542252907149458,0.4615649415914648834302625
-0.01219003679778815976697537,-0.0005776117673297978018231991,0.4639143496614134831723675
-0.01683457836886795289110808,0.001479601563692955687456809,0.4615788788393752617444932
-0.01313480561767938273320944,-0.001567573392375446860586008,0.4625732484849514047908769
-0.01355156550992228821350682,0.0007915361722326400614052622,0.4643943423982969664898235
-0.01234754859632980310280015,-0.0005734388475907831574443496,0.4638008086721353562253967
-0.01310493694308362960798675,-0.0007393626188953177254259419,0.4634016224393703864414817
-0.01297313284683386351570089,-0.001729060915399963224356461,0.4621297471496146336278343
-0.01330951626464980941388916,0.001368318419516412805941874,0.4642285458872933978646813
-0.0114066384408074497636143,-0.0001352064143412222950186435,0.4637307970158644487845834
-0.01068918960125340468503286,-0.0003595791783858066220647132,0.4650678829223919286128819
-0.01226395347545167734126803,0.0007401608993371296303653839,0.4646235039902331664940505
-0.01395814748198063136308544,0.001810374264584253172286066,0.4637578520298826778578416
-0.0129410425871378711309978,-0.001556302902303318726195958,0.4626860747321465683334907
-0.01158847707172550901832953,0.0005902331231076009482663935,0.4653751393355214927005647
-0.01238307920383480142945132,0.002205441417725881921713116,0.4649922284947535233712301
-0.01248034489412985954814861,-0.002430880562596746379683266,0.4618447475321726392039068
-0.01326300166345302337933543,-0.0003279228357657679214856583,0.4639168217501939417424239
-0.01357681493942613538961073,-0.000625159472660879642590126,0.4639054455566998247384447
-0.01211498135807793571916413,0.0003525505930864124780853286,0.4622572407899953605969756
-0.01543753536317290717128081,-0.0004629480265589122687901191,0.4609236667106686446970798
-0.01307108816891728447773247,-0.001849987064215929434551899,0.4624172549122589903625169
-0.01297882265724179147448059,-0.001339365712637550229549555,0.4622996508560415218624939
-0.01479168767957172656024589,-0.001396148591987751838225384,0.4615355277632136044019262
-0.01189982874737012877308651,-0.0002247629751487923495823634,0.4624567229814227631301549
-0.01531856985457937143924045,0.002184567873636593729469446,0.46253374070398606265897
-0.01244121171107039590386645,0.001503829434176396587924396,0.4644334956492521260251749
-0.0126564230848454466193953,-0.001271468179873395032072891,0.4625120885597230890873277
-0.01296190262383575472759922,-0.001575589411793588663981969,0.4625021652226960489073804
-0.01390154642280413792299054,-0.0007369130893760919868637482,0.4634255417597035187071697
-0.0126884755284794436408502,0.00309663867719720464419253,0.4655108397718706325640881
-0.01502292476312799308912904,0.001254661039620937404426293,0.4621923642756013972388018
-0.01491011338252613144250702,0.0006087767646609821029987653,0.4623674930196032262230688
-0.01415166083519888221009531,0.0008417189613713868838115739,0.4630156018050047839196282
-0.013346083372209834039257,0.000568318764255899616308354,0.4640824009666030813825444
-0.01323119247839131019939263,-0.001803918410127446168150778,0.4633552562204387714750453
-0.01316110077043765314019907,-0.0009583243699001281956303955,0.4632565050943114326464922
-0.01276224891086072919799133,0.002185981262222507198050847,0.4638695507384274496764931
-0.01241705041442691531683451,-0.0006916333299782514119902199,0.4635249769975768319163478
-0.01273622729100978498428809,-0.0004540871162403396646758957,0.4641031037044579532491184
-0.01311532422542334083703786,-0.001454963196846664275421745,0.4617108318114383491703734
-0.01318850042452526100111854,0.001078748314209137474511957,0.4649730722360579937557645
-0.01613617140482416154045886,0.001762575331071485713538283,0.4619205724708904670094967
-0.01200415031221362463509372,0.00307212064918035380328698,0.4662460815655811718904999
-0.01717441156032235502482131,0.0004496744132669528359533273,0.4612652509704727732398055
-0.01534176863112074115647054,0.001309004165471662961203747,0.4618916495944693223485444
-0.01311106770317201943021335,-0.0001979245971177054981993831,0.4634863564895124188325326
-0.01097965282349067442368984,0.00175770154279502200528329,0.4665345082846041879776067
-0.01374809755587972151524845,0.0009937219064172168186965806,0.4646776768389275780180014
-0.01265071533093016162285771,7.864022562191877427947677e-06,0.4618980091070618576587492
-0.01197767637559984769957122,-8.177325019993022311038527e-06,0.4652176386306566824302422
-0.01450140199665455632838107,0.002414902919274639937763371,0.4629576745282143468429581
-0.01314049343661295547736056,-0.001212913788774548856999602,0.4622458847959796113258335
-0.01306870390123321921949096,-0.001333838240330176717202137,0.4625580597667344751044993
-0.01854196161184927180154425,0.0007025345844138275452905873,0.459765947606662950253309
-0.01303127961421868437341676,-0.0005931360184758492897633131,0.4630249789011086081202961
-0.0129185625556159193461081,-0.0007227673719376288353002935,0.4642193700136339473694136
-0.01253674562216292552585539,-0.001657863606669001147950193,0.462945198606718288925066
-0.01278863780030795906095253,-0.002036024960217878727181118,0.4627121058183478186087711
-0.01429717836020556222254019,0.0005282807133242441860465632,0.462456686444458753282305
-0.01549033199826723578018672,0.001129761896264082658355998,0.4621088998295846961283928
-0.01402787211496107043495751,0.001612176201021675537791711,0.4642685837068745158262573
-0.01593385055611856379598201,0.0006875702464884988606569349,0.4605231413669145235090241
-0.0103405593336173811519485,0.0003718344639476093660239442,0.4659084993612004343965793
-0.01055520511341664913196325,-0.0005481613800861560425320418,0.465374758553376011160907
-0.01307420474606855488597379,0.0009249485139906902684756029,0.4639976148577727999011699
-0.01418278150403196741224932,0.0009502909759164408776133115,0.4624663674987400385774095
-0.01204298175133849263529484,0.001076514219589779506117133,0.4643207117237009851073992
-0.01508772803520502976681872,0.002151131112948516128230425,0.4629145746856429544102696
-0.01594794068820139243403133,0.001774227882182602107977165,0.4609136831084253982382393
-0.01228456965905872465272264,0.0001358786975058508500295573,0.4623950419705615821897027
-0.0120704938003848849525923,0.001437734425408505271187787,0.4647864777724974860717566
-0.0123723957827816203464133,0.00152712680651283607725921,0.4648602267863189974050897
-0.01322424546545306750511273,-0.0003922007983678104390060093,0.4636677582201187974852985
-0.0126494722194447472424228,-0.001663787758920450476560204,0.4623194960121979057987573
-0.01272816406052052970454547,-0.001347387456313874510432926,0.462404839324286887070059
-0.01283418599076845134643321,-0.00147509442478108458371433,0.4627405666678277573744538
-0.01233427450428854245390031,0.001688195381664388001335952,0.4649546272656894241315229
-0.01249113056833749471619122,-0.001258904440484930574439826,0.4620588350890102447010577
-0.01303723917031339094019238,-0.0010548014392983801838094,0.4628015172827197321048232
-0.01259796636965689574372274,0.001889460500407753136206668,0.4640924466126954972544638
-0.01291706087695791010938606,-0.001070106778995487612285431,0.4622090789012169298466404
-0.01236847771899333113532204,-0.001420116140417650293578666,0.4619786547717504854304593
-0.01240598547988244412798586,-0.001321609579229316485532442,0.4619654592289230143897782
-0.01231697093388435179650564,-0.001093029203891698365735952,0.4628106309222154157723139
-0.01365614944294309476835458,0.001621244215559415136410082,0.4643382792387907298525818
-0.01258461845658890090882132,-0.001140931587773597348164922,0.4629121454890071651888661
-0.01335769104468122019102605,-0.0007053453515042264589454679,0.4622005097666712636339525
-0.01285094527843752207352246,-0.001021316891045488456021828,0.4625528634010181439073506
-0.01264452360534518496337775,-0.00130086752984666159313476,0.4618982371118918739405501
-0.01302955784220379518989485,-0.001059242765145568167944878,0.462631488194015838555373
-0.01278622009809379442279997,-0.0001867215568308653965683835,0.4638049320006135678440273
-0.01190629467723434628534385,0.001524234596110134523638813,0.4647581885518039523930156
-0.01286801656008473328240971,-0.001303414614071988055291063,0.4624976027019151447738921
-0.01245704682883237712776037,-0.00149881620777612641938481,0.462494856952389288284877
-0.01247829993166081792577149,-0.0008656108464695868622007513,0.4627979828657400873659356
-0.01237010896647785553048582,-0.001255551887606445307307701,0.4619501121024968126604904
-0.01207781337317575219569843,-0.001338794057119276244283146,0.4626052269272516448417321
-0.01223014025221397411968827,-0.001196031924111277044628365,0.4625074291642484736186702
-0.01334190197241815444006985,0.000174527797344405864428743,0.4640542656210430716434701
-0.0123654135640286523545317,-0.00122445110485045588998021,0.4625952025084154040079909
-0.01270245530503574457603655,-0.001052188790859628778409651,0.4624971874242804759091996
-0.01232580352450346646009383,-0.0009154563359311695307576895,0.4629150531370834209532461
-0.01247677635964401787749267,-0.001395997980643380251275509,0.462699182165194788929341
-0.01198195929047059932193164,-4.94241754973558509891722e-05,0.463385229596798231543886
-0.01168810110333972154816884,-0.0001736626194048694550760292,0.4636183342658126704804999
-0.01338623550891719637956356,-0.0008706913782766675198240836,0.4625596856769244591411905
-0.01249943479970311473181699,-0.001199832723680236247834618,0.4622106849617173551791893
-0.01221864129861902417695241,-0.001333501964881831508558108,0.4623421711028007363708525
-0.01288654158501466827357884,-0.001094440661871324150383744,0.4615357701635047216193186
-0.01223199515692302563607541,-0.001349973878313549899982116,0.4630131825478117080230334
-0.01282913132444036576063073,-0.001782014700724958260191766,0.4626046269086978024454027
-0.01187148177905559057188078,-0.001510356157717485797720158,0.4624594890369666533302961
-0.0125938024838776890801384,-0.001267765551983955196052589,0.4625992673212993566700391
-0.01298719516430326195721712,1.261199771023390144334634e-05,0.4639688615628062562379341
-0.01217295733626726217391223,-0.001665094231059467124941853,0.4620819487935921010546281
-0.01355412661330696738604118,0.001653523221042697659288745,0.4641081005341790577389816
-0.01236565220860807480518506,-0.001347477246732045738294992,0.4620721811041317295121189
-0.01230464837921128699871343,-0.001448808268953630197170557,0.4627147281426968739026506
-0.01288702029750731295476562,-0.001157044600293164436644044,0.4622708390061048278063538
-0.01304209628129498338422465,0.002000786246121691661081776,0.4646160195650691493440831
-0.01270912039983153503375224,-0.001299183181107734039866353,0.4628300198237371709808485
-0.01262247492410892638070585,-0.0007528158807724398939378863,0.4624155737189278858600971
-0.01243079530104141891544423,-0.0009389747023302603273764433,0.4624001633857932613835828
-0.01237701942373378889705737,-0.0005130014787053409006101212,0.4633712170308499911364208
-0.01297244926857476533810232,0.00174048519014263986318114,0.46422728216818420765577
-0.01292478161296013901282453,-0.001089053106629025253690446,0.4622274190783792757741821
-0.01225074218817717199014883,0.0001006664428719410934055106,0.4625708664552366511379944
-0.01292597131337328876521386,-0.0001524382047698595360387536,0.4636552747690569908911584
-0.01262290510018039893513908,-0.001282059392475935104618867,0.462568377242144501693133
-0.01337006005426121142687368,0.004247293188144944144080117,0.4596645518381920481054692
-0.01229244465906838973401349,-0.00101718118143336055426984,0.4623599624236578442548762
-0.01248109147637122343099669,0.001876937835870211767827498,0.4647598087482482376309179
-0.01084621562061027603973695,0.0003271620136723750633944707,0.4653384672451692516403909
-0.01089793139072476463313777,0.001694586235270936292254818,0.4664153088168815908254317
-0.01288472716015879107609443,0.00220227223751090234876715,0.4642118933814102232915388
-0.01286298372555473926159841,-0.001335070117853370125216017,0.4623416008751550787536644
-0.01277110684726262546107023,-0.0009344316789532076733201804,0.4625553394446578758802957
-0.0120147210606811240957148,-0.001260564585307993737753329,0.4628641208441223731107073
-0.01269621586379138765410257,-0.0006987514201690982499834415,0.4624258932876375571829897
-0.01291832501932347471162998,-0.0009209626794530298594942952,0.4626851682005090893312627
-0.01204156156468024971295527,-0.0009919219458142853901999603,0.4629612109886606097219897
-0.01283332597493759032192262,-0.0009379929713123703926072605,0.4628268188918837067191703
-0.01270033892815537919507296,0.001685260389563212907876322,0.4647081212233779012876767
-0.01234290882044367619607694,-0.0008627329175161712812580639,0.4630882005009611668278069
-0.01256124425630682391041848,-0.0002228593119234438361953021,0.4632901974883107953928629
-0.0124915506229619031192124,-0.0008421443895857419958614343,0.4626327304765380232787209
-0.0124590064555960538389412,-0.0007941248695098235190620306,0.4623512138725086595414382
-0.01275371156614524964512114,-0.001156900846268077952261333,0.4620299056920232905198986
-0.01225215865470520928970366,-0.0007857225622977058844889631,0.462603187701400631048898
-0.0120588057638491598366759,-0.001009723746326884538659918,0.463462403580973736350046
-0.0126419845269325811093486,4.634239683902103987484314e-05,0.4642656427635376559237557
-0.01254314977400921432559855,-0.0009502177458043734991494089,0.4628912393035503614058257
-0.01232609858463413685103482,-0.0009792307916906585474325908,0.4624272619670395378932426
-0.01257141077673572596151708,-0.001260295194595493616790405,0.4630639724244793864471603
-0.01237796390438280699775042,-0.0003671809640624482443636845,0.4639205769889812036588239
-0.0109374086684610894587566,0.002060797932111785822628658,0.465932264550180386120104
-0.01306604468433943642968753,0.001788399850203203390874851,0.4641888294432618411455849
-0.0129510336608310624301188,-0.00115673102407997784729643,0.4616623608299230685503289
-0.01287338728979203934799092,-0.001169193499364096743009522,0.4630639849913758543387132
-0.0123615903785469910536321,-5.432621094172187517154504e-05,0.4642672459595915679386735
-0.01234878103746809077656543,-0.001252751780605530383325141,0.4631360624958406613238537
-0.01223525602507373119531842,0.0001044321899859872886974499,0.4630713492660667451872314
-0.01255569857800240517187174,-0.001063103113251723458657083,0.4626265627263071444907894
-0.01242227005051996062412467,-0.001033297597225798624548387,0.4618057452621666669756451
-0.01270795334546155098964793,-0.0009021606820288133581769996,0.4621548000742461970169472
-0.01291098274963167584494794,-0.0009074173727404844088870184,0.462912299392396087149848
-0.012467751471942059224296,-0.0006513522923753251297335209,0.4627511590123190021728306
-0.01291139113484981310042699,-0.0008829172891856140303196154,0.4625091708334632123467145
-0.01250252042646621264410101,-0.0009921311260108545745234343,0.4626971429177011430056154
-0.01239308189481144219235009,-0.000550184065342099789391872,0.4626476034626417210837701
-0.01286103021628568279788318,-0.001421590190405998396436238,0.4623501372991432045722604
-0.01338702856322034409619626,-0.0005230769812846371288536651,0.4627986927444436293654917
-0.01277458858863972195052394,-0.00130019020269272491362178,0.462401529863236682160732
-0.01256801111349727453903036,-0.0009677281048415845802340707,0.4623036153500112988012916
-0.01244567778788310472015688,-0.0005869784200758621601698439,0.4627305393289559698466462
-0.01275628610551536590289601,0.0002523408860794099182328631,0.4628507761181436253039578
-0.01218290532862383555856578,-2.421917293392286451908166e-05,0.4629336030110680622051689
-0.012428362371315471515687,-0.001192442659924249732592005,0.4615544146060986951951577
-0.01321521407174536602568971,-0.0008960036708035566156704821,0.4618732155058848376505409
-0.01313009593088365276059015,-0.001095422063186472089180157,0.4623163284551659590881911
-0.01243352385168274704119185,-0.0009894005914448207247846589,0.4630884419584360145449864
-0.01255623299645511857514091,-0.001211588810284220133969835,0.4626542703870170081259516
-0.01262890518139195977775913,0.001846875480468858268107146,0.4643791774195107358025325
-0.01264431763068635423963304,-0.001114462893172811844277881,0.4614802945332591721516735
-0.01285221286041451048409723,0.00176164070612991720612972,0.4642700287667214653630765
-0.01290620918751514238642653,0.002252419133181109665853281,0.464630067024776549633458
-0.01226380256321300821209519,-0.000929387031585529490955444,0.4627889854077857356706716
-0.01336424433127031928536521,-0.001162411815707282015247559,0.4629025733409501963677712
-0.01239249817946486836861553,-0.001176745110385405334793574,0.4629272507956738724743673
-0.01249315233386069472210078,-0.0007313594388711886331091994,0.4626519932905689413971118
-0.01283461981293066572762385,-0.0007570678076014745669364281,0.4628902566994437250968986
-0.01328081452317639472859856,-0.0005601515046796712608487279,0.4625613198591949082327801
-0.01278334449617257555231742,-0.001092929688243884272028095,0.4624666299195053231763097
-0.01301184541751813569798735,-0.0005931154363026500033612143,0.4625271031417288458698067
-0.01247711557952708646967999,-0.0007620700008569863568783087,0.4624271569906422407747471
-0.01218596142476076338301283,-0.001378795130487882802591826,0.4617984024278142807240499
-0.01295243122871633963122395,-0.0009251735810738191071594949,0.4626370670531497197863757
-0.01205825153237396682448512,-0.0007444896407702699401079394,0.4633864635074063098585384
-0.01325765895725483124734101,-0.0006729236108346555019985025,0.4627428745278379107475075
-0.01247173660684852344870954,-0.001318472108949377951531146,0.4626910943314349600186119
-0.01271674843982462457803173,-0.0009328936664741890568211535,0.4629489689133612917437688
-0.01288845145306612149926906,-0.0006820357592128292126970601,0.4629656941466898101289473
-0.01194906746340557157637363,-8.812898650302963604249995e-05,0.4634607868615716608218236
-0.01175045715394277233423193,-0.0001281369145899648187298531,0.4639572472711659956168262
-0.0102664919539215172827884,-0.0005460267931845433483570296,0.463799703464839230271366
-0.01240172964582182853210401,-0.00128399033406704121858255,0.4625912543235904950122972
-0.01306119979165731859183097,-0.001080322809663660215545589,0.4626153318095678756982636
-0.01324500538020392456650676,0.004001765421994822775897394,0.4624318067783216856803108
-0.01100470159055680352544471,0.002030504131534925128799163,0.4661175302651251461938386
-0.01214572181583641573288102,-0.0006573839485332828337649236,0.462944650811887681296497
-0.013029595683571482123142,-0.001132917846953679277127724,0.4623038041282466203973911
-0.01251322950015333612672208,-0.001215847334063025224001886,0.4625378886660775901162879
-0.01240046787334096560495578,-0.0009957098758855414000895623,0.4630551569767253905496318
-0.01279947567252573067952959,-0.0009951924685224042450848447,0.4622449227676191374492021
-0.01270381911582059257515009,-0.0008328472578008656737949544,0.4626865264152260626140389
-0.01223601067305566357512614,-0.0002889638454393938854156132,0.4630957888134950573011395
-0.01299836523338366439661584,-0.0006341152308318552402802148,0.4627887350197360527559454
-0.01278991847751305421798662,-0.0008744963688120326690197959,0.463002784143920265158556
-0.01329801654355860368594833,-0.0006675947246080637421938864,0.4620498767759398939247717
-0.01245315032745565597682713,-0.000661023971811730212677638,0.4629529613640923080275513
-0.01210774128547032271741024,-0.001400753504895041814948264,0.4629318142891353238255192
-0.01260789758853136238725412,-0.001262741564038850081500009,0.4625971916512047754643788
-0.01259227656000325504259685,-0.000988955110913540850689496,0.4626832800163006575999702
-0.01264605208274005750113123,-0.0008693002225073529713045284,0.4629506514172093689651888
-0.01230779476750313433663919,-0.0009500818319976415439465089,0.4625517630297009130657671
-0.0123743649690725744660913,-0.001098578915762501214542501,0.4629004761447060301016165
-0.01170165345797400183180947,-0.0004125534197762444912037372,0.4639586503896052649409398
-0.0116790982068247159442187,0.0001784223817759091924861625,0.4640266475697727432958573
-0.01207863559178507829872107,0.0002261790607128383117328807,0.4631688006224821130274449
-0.01241446203942441969814148,-0.0008556011357801935083775002,0.4625978304034924493137737
-0.01175804201575021343262328,-7.171751092315128495516263e-05,0.4631172094072481537629926
-0.01226371781693362701670669,-0.00108573339439429193166442,0.4628252210213751882683653
-0.01273987716205158063353942,-0.0007436063806531979358122042,0.4630396098278407035486737
-0.01311198789715879546580179,-0.0008761932666850238277111984,0.4626590114948239129688545
-0.01258797691215855080182351,-0.0007408362743956089157756906,0.4623715358547191289773082
-0.01320558669091547246421392,-0.000692114352454687581372994,0.4625862335935692626343041
-0.01287645790587250288483645,-0.0008071982816567509471522568,0.4629179456563698447091326
-0.01172655629262510726396052,-0.0001156843017695256944834398,0.4631020562500187121024453
-0.01282566559162428253271226,-0.0009744233805076134595155035,0.4628138353834348461823822
-0.01151604902344834785443695,0.002156218487694980864149974,0.4663792032713379165365097
-0.01257407221992654436371062,-0.0009831460162609540181372081,0.4629574996728771929532797
-0.01342123719405008408500635,-0.001107597587457001325414452,0.4629650658533164264696325
-0.01281052866573456627818928,0.001855981655748371872416413,0.4648041662483191616139777
-0.01188787296497324265376339,-0.000311027087826207531036371,0.4627806309183926103401063
-0.01326767492368334522279127,0.002286933652994107245282063,0.4641320834950448670497281
-0.01202074582129282129261405,-0.0007472435372513294444402066,0.4633384397537635424058067
-0.01184796892918411372053189,-0.0001374226380795210507215071,0.4631204264589763863746441
-0.0121340437512901001826382,0.002376723020430059844093629,0.4649620741874098128754156
-0.01294690322107846895682837,-0.000804458234421107716734245,0.462696543389724435080268
-0.01436798669781008327972494,-0.0005651156392136848444565644,0.4617763994082363376847411
-0.0137214973434713598948731,0.001954400989060474814335011,0.4639693676846380343548049
-0.01244068941155401786247126,-0.0009784604734904107318366195,0.4624573769309349713374502
-0.01307115942453016509128272,-0.0007683189895426538029016283,0.4621723027419977203322787
-0.01229183041090015429674942,-0.001032246496047292986728006,0.4622940111159373755000956
-0.01153735603767779699380114,-0.0001255722607563675174459361,0.463821794633274109287413
-0.01241006478744487509513483,-0.001033800101155548647677285,0.462778498318469955208343
-0.01282616890516192695304021,0.002005098524471198538632333,0.4643812006168771544523111
-0.01279698644203530570606642,-0.0009963520133070076674475235,0.4619549620032614156706074
-0.01186647351694794863541382,-0.0004200729698153622530300277,0.4629955707436801959353545
-0.01253291227487384439098772,-0.001080793217462315981142185,0.4627103179341205407837379
-0.01291113751224424489871812,-0.0008184993100976796151502235,0.4628660983806450746058658
-0.01147285503820121357887452,-0.0001837440101678630059809511,0.4634149127464266548770411
-0.01243596341656791857965825,-0.0009547052432680856086724686,0.4625035807963650547058876
-0.01215899654813738794967293,-0.001261191898158870025245526,0.4618676511200119350064597
-0.01247998027685058054780942,-0.0008690817251668092602301385,0.4632418308507014192976214
-0.01261960541740746871708367,-0.001143557003442055792011289,0.4625633389901620540207716
-0.01184757115170173222273853,-0.0005019545489434785491555946,0.463683318131205335355105
-0.01223571095823689641735044,1.101981914495958321618257e-05,0.4631403040014038241523053
-0.01198473447639175452905658,-0.001112470859863457514973839,0.462643605693653703347934
-0.01277219832842661079164159,-0.0006763300531677538885225176,0.4627698109946224991340102
-0.01323005233155321105908975,-0.0006834910372490479680759878,0.4627691351955541265716931
-0.01183764205926477602881519,-7.783051486275645162223741e-05,0.4634106756335713561689715
-0.01276119001800803641477611,3.3689772282197748070557e-06,0.4629069844402551869855245
-0.01159406337386862176352942,0.0001007578925555578083566796,0.4639372711075623878507201
-0.01089949957890003900962128,-2.023570551156945543391265e-05,0.4648677019633299378753577
-0.01133981367388045904953664,8.487385787798201633273798e-05,0.4643106619279190883098352
-0.01286592561358514824609856,-0.0006086873668956447333902582,0.4624217145692088304365086
-0.01271220875499881955428272,-0.0006914567922512462839687575,0.462672415998179098473031
-0.01239205874510105991059827,0.000209138974618551894872967,0.4631015891110329962820913
-0.01194062373541066902904451,-0.0002687699983765861298790067,0.4636268859003549458464022
-0.01269062334696066489392319,-0.00098771152100643726939877,0.4625035997729944892142839
-0.01273387127626139994629462,-0.0009726288667972323104607413,0.4624662191204388372867129
-0.01264960345657690360399172,-0.0004966441661534393928884024,0.462379437565627993134143
-0.01243284833006450505743512,-0.0009567505391087149447040816,0.4636848821915506291269082
-0.01246195280131898869280249,-0.0007685307484941824489668716,0.4630808339489194125349059
-0.01109074910358313383051954,-0.0004663154493825713261048738,0.4633649155136539965482712
-0.01227519765667057886904256,5.148160283270494856589991e-05,0.4627376932721277147386729
-0.0126060749585249019105726,-0.001065044284762811654942993,0.4625425664490824817498549
-0.0108303240766463356598015,-0.0005574623620246121078261603,0.46372229983427604160795
-0.01182939654417254106422153,-0.0001869124335111921829909176,0.463452844846329037320487
-0.01251763774270501713981041,-0.0008616471761204166435535456,0.4628323221119605146434139
-0.01301866442888466139649051,-0.001065373894313244871115409,0.4628553637757633620886111
-0.0126820261405560918283042,-0.0005569672288457915010351229,0.4629079726100823188872369
-0.01207536663096098195069317,-8.997892972473793668421876e-05,0.4635367845683563969849672
-0.01286667476573250326610243,-0.0005385920744766549417281709,0.4627200227862764969621878
-0.01167614330586348898866067,0.0008599143272198069487197158,0.4643326971810043390931355
-0.01310982583718742558454018,-0.0008018393723177833116999569,0.462551736418476966417046
-0.01253905303908092218334591,0.0002294890396882786351775985,0.4635259442892228354260453
-0.01009352597410317388393342,0.001609677663931174257383461,0.466866238927413912396247
-0.01224244836690329893413853,-0.001119138789102995393612283,0.462959207611564116380265
-0.01203822881784361725765464,-0.001049557492837199009633187,0.4629129481286226033276421
-0.01219396579662944749000708,-0.001003087471577508759182362,0.4632367068671002785507085
-0.01225836127534488985413308,-0.001380046375111100174712386,0.462945486237465453349671
-0.01137070702920885134634688,-0.0002290513083579136656246777,0.4632479215066669375744368
-0.01228179732287402320389802,-0.0009797312813955539548965712,0.462995442340102758560505
-0.01241739927227130876885575,-0.0007410644315793980243731176,0.4628961657793708162067503
-0.01279412975015217258933919,-0.0007205055438317693045080503,0.4630133385919094068938762
-0.01080793893177480098632959,0.0005403832859169960993808712,0.4663091867393550637999056
-0.01251363612305697418924932,-0.001342884310297371049103266,0.462502708882899515874243
-0.01272200363179750402797819,0.001881448565865632971405574,0.4643548923276148987504541
-0.01315791582908252752015521,-0.0005051170027409585244065893,0.4627782647249247816034767
-0.01244261196540681971289821,-0.000977063120605238056085029,0.4627438681519829288824042
-0.01224830920540696116427526,-0.001271144775447124357706241,0.4630875719521792555077866
-0.01220161929557694001358126,2.309846946748114891094592e-06,0.4630317823513454555950375
-0.01243132474584247339211007,-0.0009398414844484000857383066,0.4627169124765520002995345
-0.01243857416351778870378109,-0.0009741740073306785589746237,0.4629625937289293946541591
-0.01218652929344670420019892,-0.0005161952202677356918783524,0.4634781917648442828294719
-0.01270349954894000633898177,-0.0008119823365537959464557916,0.4630298819714863123309101
-0.01273945596075344056929968,-0.0007765359668326995848733341,0.4627894964677780609285662
-0.01116163209261975854114102,-0.0002601080304347872288427135,0.4641615254705065418683319
-0.01260123690194241835582645,0.0004921028597283063537107251,0.4630148127105770394784656
-0.01248734838769593145924031,0.000250708911629593522718551,0.463255373336328879485535
-0.01214866700901241769461336,0.0003103876414408395390670536,0.4635404211622031755979378
-0.01292116412070888273322389,-0.0007901712371270126810188228,0.4632833169261913464076486
-0.01195977542613480860966835,0.0001585440608367238339918015,0.4633853164404281854693579
-0.01253596114286947837968,-0.0008146094362069210541993369,0.4631593607973092385776681
-0.01164476185539073047059411,-8.125149032780439896633123e-05,0.4640046859790398769973763
-0.01208449985696705836213383,-0.0004528316185105071356789552,0.4635707833969099911364253
-0.01197782215801132879584578,-4.917806447945195321810505e-07,0.4637976466749135218137212
-0.012507513996302380490655,-0.0005744480501906131398454081,0.462960443259245069125285
-0.01012852154035690996347618,-0.0008882407783919251276910645,0.4645063035319880184736974
-0.01277409501306083286498172,0.0001911581896819283148732799,0.4629408025705637474978005
-0.01249857331973791736701163,-0.0003920892979749658613375374,0.4633733752776695857811262
-0.01267176023743684168398893,-0.0007632270275992100293932507,0.4625903349572889067253811
-0.01066697585561616687388486,-0.0004691672762865343299619469,0.4647295502420081825256659
-0.01201980616757268929828406,-0.0001711800873161002569528,0.4642985019257689360827612
-0.01247159889184233823311576,-0.0009773064220904342704748791,0.4627138937265924956143692
-0.01142339368922728158606272,8.586370563216181987266362e-06,0.4635528980480850824719141
-0.01415520179899562927539058,0.0009100284974920731535102947,0.4615860028176133056376784
-0.01259374025718152864672383,-0.0008231651791267974305199573,0.4627730606517905243002531
-0.01227995590971616909903297,0.0001415800143880755932682819,0.4630053023782263466046061
-0.0123343930272175415080449,-0.0006750435557223998005518806,0.4626609683934522210257967
-0.01093462918560419300240127,0.00199782641629465095023388,0.4660298838941753785114486
-0.01209223081760995611999565,-0.0009992350008283699350913887,0.4630852360870736927900282
-0.01232165080101526623279629,-0.001043722515049762570790715,0.4629610656589517314607463
-0.01170892986744550071098736,-8.298293063577484953742547e-05,0.4634140929069736070111674
-0.01207816600138940724140646,0.0004429554344783491622548899,0.4632042138799348229838415
-0.0110919906313574814088474,-0.000375761071092416685298504,0.4638123738291640152375805
-0.01201799893622985254681979,0.0002645434064077031226062953,0.4636959180359083720901481
-0.01256475207860507578572218,-0.001297389876543706029032865,0.4628837395069848592576989
-0.01333811757391105065617687,0.003935813338288063172043518,0.4595332602541880584468004
-0.01293148951951163770635045,-0.000521135356684860402871895,0.4624670258335705774754842
-0.0119238633348002949496891,0.0002517827968903300190316175,0.4634317810290175532195178
-0.01300827495789780297030802,-0.0008615451153449660195299264,0.4624431401612101311116021
-0.01272906147758924404189695,-0.0008294241466052818890011822,0.4630014636712039832744381
-0.01033857036009843202717384,0.0002383699529237681810547173,0.4633384547706826950275172
-0.01269292696249998270152659,-0.0009619206488557403020647762,0.4626572415853509312455571
-0.01220115505685742847419295,-0.0007215713244756756647099727,0.4633927256692696450279811
-0.01198347268515581771908263,0.0003348275946330879927065327,0.4637198772226707177424032
-0.01216437329530992150772306,-0.0006797157159901661424919461,0.4626978202386662353262636
-0.01261639098281809590051949,-0.0008753918006073995979401947,0.4630148433720314149475428
-0.01185037584981087077640183,-0.0003595510421772344701075996,0.4642517912386951994818673
-0.01188186471479908169757156,-0.0005076284157446149351844422,0.4637359245114509032070771
-0.01250125999511983096446066,-0.0010279905585546347292214,0.4629542508089335983711976
-0.01196191650445632345678426,-1.562641813642792670076449e-05,0.4641556837516455091829926
-0.01227011518222028384206279,0.0001701771453198255433687802,0.4630837788649299624488265
-0.0105762736184461213218011,-0.0002644021957840520095292525,0.4642547924161825045885621
-0.01329116878256815514891542,-0.0005837810110935964325387659,0.4625711642895976583034212
-0.01226966803302386062324292,-0.001024230896947329232452018,0.4628181966682283765557315
-0.01270732488421258930821889,-0.00114681494674003046224664,0.4627176956063077106762194
-0.01196036440136611679607714,4.764440434151837006982247e-05,0.4634490145937434357747975
-0.0129606733602991991416431,-0.0005146621740676277567336228,0.4623656946961437474996615
-0.01215601850832756861131578,-0.001017466441277409868598758,0.4628551778097933500077943
-0.01223826624473325387632006,-0.0003191444178983437974725379,0.4637920875317286251160454
-0.01236312418045766581276013,-0.0008696632386622223749236826,0.4619725639650363313570836
-0.01195132264524759180268632,-0.0001484732255489879199170794,0.4643855469852314343803812
-0.0107990549564944207650008,-0.0004073083152176121008586351,0.4635891069543965348209724
-0.01260788211230762755066248,-0.0009948853298780047267613202,0.4632336747206602933779607
-0.01270067661133955638774751,-0.001034202657165382783013841,0.4630791493464064267904234
-0.01028538168270408045823494,-0.0005900990148437362282918262,0.4646702826073658698646796
-0.01273549558657488013635461,-0.0007565895824079176858190099,0.4627613760483704208326117
-0.01123138351995318570675231,-0.0002379817028977619240877328,0.463422963952588307101621
-0.01145549347577102215767209,0.0002816973084122197774036012,0.4638721190035123287387364
-0.01346520782568528390443774,0.004001630026436737291861689,0.46316630152578108781114
-0.01264649472163296636817442,0.0002568003962008717062058538,0.463301276869775791045214
-0.01087132036121584224841463,-0.0004485690039152307232415973,0.4646946594909974193043922
-0.01278624021594106270616198,-0.0008943581562813357910962653,0.4625908894850487285133056
-0.01303945961054213051322215,-0.0009594201437698367468734362,0.4627104480062982361232571
-0.013363773673628492194565,-0.000785251905495958318730032,0.462740553517741182165679
-0.01395488759311557837305973,0.0004314417593294549635105084,0.4612382392677042974860058
-0.01280910740812748679906541,-0.000772636819497958689771655,0.4633136177847975711863171
-0.0113165336769966342472804,0.0001062821276044585309733179,0.463998690046230344297129
-0.01254403713674303970371238,-0.001029953978782118407392376,0.4626348487566390166314534
-0.01303780408425695737373307,-0.0004189209949219125771885386,0.4623678908255445252351024
-0.01169954510102590335141048,-5.803535737391539220115903e-06,0.4634333066575140325227267
-0.01288030699127144622362362,0.002326304327571343706637652,0.4647306831795813830687791
-0.01132247724237408353920031,-9.824781993551012283273638e-05,0.4635932969528853697660509
-0.01285841169696829225377321,-0.0001065624471051394248641633,0.4628042817685753540501992
-0.01280655995022715772091448,-0.0006126569522884472594401184,0.4626063561129256651582864
-0.01019674013165115106227532,0.001715258476041771644113321,0.4668739975671936104362203
-0.01248925923471880423953895,0.0001512439149397365380656649,0.4625887063942966115348554
-0.01163468074078352273992287,-0.0003512108419267576065944669,0.4635822389637513363247479
